-0.888257048473507
-0.3337062124944061
0.4001379257821515
0.3704386251981744
-0.3106346781797695
-0.4503964191164384
-0.0551022800096665
-0.0550504029560021
-0.3433480262442115
-0.2636259559296713
-0.36935203456392
-0.0370975587759196
-0.2385673578113943
-0.2655617180696676
-0.0099790721825425
0.1769081222792814
0.0824847077364248
-0.2198516497163008
-0.1466627764485508
0.033036842871295
-0.1489787725515996
-0.1082602450912386
-0.1306343352148986
-0.0354854791231497
-0.0946127501844204
-0.0355889768317709
0.0381694907172683
-0.0184138514964686
-0.0990475592352683
-0.02688708575552
-0.0176510551259174
-0.1539431623784907
-0.1693810736082774
-0.2760805127735512
0.2157185534260634
-0.3147432296112876
-0.4361576903758684
0.0114576448191122
0.6521967748345185
-1.199971294802157

0.4013686893781895
0.1093367383969243
-0.0972085325444211
-0.1352965928185068
0.11264598761049
0.254176221162824
0.2067609217930141
0.1558075012753197
0.3293422624273599
0.4335176662693855
0.4972907769482674
0.169137805836859
0.2381077752487436
0.258670027676441
0.1441131251286388
0.0327827799007648
-0.0095523106543062
0.0953653962469298
0.1950545471727285
0.1869038691075747
0.2039762147451109
0.2938226076253715
0.3096490226579192
0.1371214287580908
0.1758768466461183
0.126474126150537
0.0436808133950111
0.0111320775467605
0.0898906051152955
0.1949339091273218
0.2054787288492843
0.2797314127646492
0.3578958007631843
0.2419800834934315
0.1456550765392809
0.2155749269582734
0.0788778968752095
-0.0523009431378334
-0.0322267692718582
0.4544643492922755

-1.4659456412812748
-0.1325634633355899
0.1632502250036375
0.4554128785690662
-0.4757024177916176
-0.7409215383239295
-0.2308765478059345
-0.2629059299710392
-0.7597443529632552
-0.7064905393306685
-0.933189553302368
-0.1376856406293872
-0.521781471977258
-0.7319308862591105
-0.1207082122981977
0.5276813591738734
0.185322459183319
-0.660569462588511
-0.4521718486439536
-0.0209378000732255
-0.5944013797317338
-0.5581923690303037
-0.7624420206455469
-0.243851890917111
-0.4113714089298024
-0.4210596544222193
-0.0536847774607455
-0.0714965052256036
-0.4545586111703655
-0.5191499011526812
-0.6340999734352342
-0.9398047087638
-1.0745693054166356
-0.9748325052544328
0.1062837746227105
-1.099515239022482
-0.5499815521206869
0.1744550139088358
0.866018792804471
-2.01334036941561

0.0016142377967599
-0.0028014109521957
0.0001277594015205
0.0013634558404803
0.0009032528463399
-0.0010320956041791
-0.0009795166473257
0.0014252031544226
-0.0007914575366762
0.0003868569516682
-0.0003511305075348
0.0001690451625867
0.0020153792046397
-0.0003342194939174
-0.005579373486355
-0.001395017825368
0.0068127495979928
0.0061970676835946
-0.0093841406365234
-0.0067504132899901
0.0231172700072833
-0.0425433968134545
0.1207890102952519
-0.563855622791457
1.7051395286664006
-0.3822869144727853
-3.112586998643483
0.1798548787182884
7.879887206716646
-10.504600489103028
6.89355866793278
-1.9500661773946009
1.390023496080424
0.0395986412721713
0.4231844181898628
0.233197182079353
0.3107587249022124
0.1909586055503609
-0.8269828049390974
1.3684419317063894

