0.9761217659761456
-1.440360536255335
0.5624793098362864
0.3253286766074258
-0.2118456674190981
0.1498197587228172
0.089837039189728
0.1285566797956641
0.0982687918777861
-0.0001601416677635
0.1734207814546088
-0.0598077217640078
0.0361315204515366
0.1128652383523879
0.0710995302440173
0.1277418999326877
0.2019050862976181
0.2567064558402365
0.3326940230815176
-0.0285390417347793
0.3960799642662861
0.041200984454813
-0.0970747197753373
0.1949003062439295
0.2419795111683512
0.1512910070704265
0.3358508067646092
0.4253887643937605
0.4784884311202684
0.4386848479977504
-0.9220137500260296
1.9204867741362583
-0.0140597329328891
-0.7560958497208808
-0.0980697138680497
0.5107627152084695
0.1764707145684809
-0.0717885483260353
0.1608659447759595
0.1199002373422431

0.3988361131418258
0.0156427710505122
-0.0727044698672046
0.0488915152935421
0.1621195599005669
0.1380754522826396
0.1740189112063689
0.2186255239112167
0.1220979751757457
0.1072333986493461
0.0957433605913829
-0.0012631195096909
0.0650364954496076
0.092135603829697
0.0637477933340768
0.1858453978727645
0.2522651110855763
0.3430941527160077
0.3409477596556269
0.157687416778868
0.1497033709969803
0.1043976733553254
0.0833466641474749
0.1241033023303489
0.1648796163711719
0.2014248484122425
0.2582191349221868
0.3398304917249662
0.3457669654898407
0.171120150331506
0.2081822724561418
0.0361143559402956
-0.0102356201170226
0.0260751068839948
0.0710275874255376
0.0934775853449104
0.1045051368666875
0.1673407492446059
0.0831733923915503
0.3709212141764737

-3.122316208643268
1.3891003089142602
0.8591791438451817
-1.1159381615014448
-0.6324478899791964
-0.2184323017343474
-0.7821466561712616
-0.7047069778397324
-0.437158070440106
-0.2798918543339045
-0.8176290760441528
0.7541836089011011
-0.251554670262144
-0.6504131346716943
0.311160108513465
-0.5256957923821883
-0.3777905885479086
-0.5669087826003885
-0.5955605168621142
-0.1396295119064567
-0.3824451742769559
-0.2617647295884842
-0.0161099753521071
-0.2886557532570286
-0.4620689984378608
-0.3940553092849196
-0.6996896586714538
-0.8831668327280761
-1.0729877608322411
-0.4373393300355003
-0.3882370942991148
-0.8613652381953957
0.2337797349577947
0.1457008536880016
-0.5934808025472639
-0.6017144073644236
0.1963992317523586
-1.2480248092874353
-0.1287832195306136
-1.6643490466542976

-0.0024141604683892
-0.0019812000656612
0.0031675871032518
0.0024698650085281
-0.0043202863086009
0.0024166038377014
-0.0011148315991266
0.0011253939623034
-0.0029981598658795
0.0050863562098565
0.0084090290020544
-0.0135239727016282
-0.0167619826728179
0.0167549968060404
0.0410465587381145
-0.0906077010371281
0.1146721011699912
-0.1880912777473848
0.6151034622986239
-2.934461115493784
6.688867860362387
4.1637235242702655
-25.99953757144
26.38363745504955
-8.20068410252562
-0.7966675832113176
1.894854112537635
-0.073790571610727
0.8440508043426572
0.0257797562942156
0.496916696124619
0.3958081054793541
-0.2364284731768763
-0.1140486236445637
0.3575124536359652
0.3519188229094223
-0.1542918877530123
0.659393377747467
0.0544913339063422
0.879467435309924

