-0.412207868505668
-0.0427529634820061
0.0129268214584202
-0.0584391270533346
-0.1148874910311738
-0.14388423755651
-0.1404603775369874
-0.1753439546577052
-0.087957260600841
-0.1025832645696825
-0.057061979533471
0.0192970273052926
0.0263049523667723
-0.0213556222315526
-0.0317023811627643
0.0234197629980386
0.0275599573831921
0.0588094270516954
0.0933924164571098
0.020696837738196
0.0564349232150766
0.0476358620281679
0.0377465693855666
0.057680979254113
0.0825322719723861
0.1021594072503202
0.1532873913331664
0.2057934538408614
0.2712589675162666
0.0471576684879585
0.2352077627642024
0.1971587153759302
-0.0064983993513673
-0.0746100028762407
-0.0282041751453062
0.0379561941664545
0.004603035395902
-0.1531154768472149
-0.0176408580040317
-0.4076864180039402

0.8524771017882072
-1.6794069052463436
0.5214990302020832
1.3758244799239956
-0.9683075935406096
0.6158519174646635
0.1852444196243831
0.4326447500404081
0.2093483137657139
0.2889271049293979
0.1198779474616792
-0.0622840455308623
0.2331065968116458
-0.0124250159649058
0.1399609169306864
0.1237131551174386
0.1776533767454026
0.1963836877911529
0.2940315078536425
0.0097394784022866
0.2812133641238661
0.0795966235042675
0.0337261918529099
0.1495122577879645
0.1897103793815373
0.1360048016720342
0.2254746944513955
0.2789596419316218
0.2266435147288082
0.1891110285051947
0.184441628139396
-0.4050060153928013
0.1341043826297413
0.2012960478542145
0.0566773856473126
-0.0540522901706033
-0.0188416997733926
0.1922929795610398
-0.0113110311415294
0.1996736595908943

-3.0485643400407185
2.646913578184463
-0.1425839454179599
-2.018473539487735
0.4526164515887579
-0.8125142575940355
-0.7733151010578359
-0.9554802368658272
-0.5844670875105806
-0.3863126652536612
-0.6841022608055775
0.2398344211643118
-0.1219626529018644
-0.2203227831249041
-0.2353375823261942
-0.1652913014554692
-0.2989198493474421
-0.2550008356431982
-0.4402235532170679
0.0273085270267702
-0.3588558654203695
-0.254812540534563
-0.07632349514488
-0.2475404145145844
-0.4208591477699572
-0.3727325027903632
-0.6229259712067058
-0.8278018752399914
-0.9142009008895898
-0.5240199731920177
-0.2987729363221125
-0.2654454282674389
-0.0406303468749166
-0.1165806433521128
-0.4734547650860204
-0.3794750928770156
0.1466644512647761
-1.1716702823378218
-0.0816939278578945
-1.5085489287881673

-0.0024556970409384
-0.0019790338216421
0.0031638029958066
0.0025266852671431
-0.0042614192432901
0.0021529795588433
-0.0006388021203631
5.645750155388275e-05
0.0005415606577855
-0.0023185300410688
0.0039167296722919
-0.0015986801346617
-0.0016886392795912
0.0012776570437978
0.0004577051436047
-0.0006815536048873
0.000145260571013
0.0004785616591294
-0.002817554594663
0.0204324064464975
-0.0660978569116426
0.0119206748981311
0.1155493415431163
-0.0086137439635497
-0.2774440736406914
0.4074524826536244
-0.3771994968039318
0.4168116638150468
-0.8757133670262078
1.9469829376816523
-1.9213068137009592
1.419915133249637
0.4217480382152296
-0.2971824306378045
-0.0618666943236009
0.3106734408705951
0.1106183979018554
0.5581983706889256
0.0619550619682658
0.8824935378565496

