0.189860471830736
-0.021509542994816
0.1484901963358473
0.1037147066396276
0.0142833186307283
0.0953713864017349
0.0846807933314672
-0.0726139718381019
0.0135301013584681
0.1605514929051687
0.0229407504225626
0.1368276776840489
0.1625031883459641
0.2140107587188798
0.0738813633184323
0.166413693628026
0.010913211099766
-0.1239056453166091
0.2560255296261813
0.1049266377596982
0.0570304807490071
0.1184553882727956
0.2054546547821234
0.2864040504872124
0.3419868642142497
0.4847245443771645
-0.050713635812074
0.6363789265599752
0.4844237475611118
-0.980312229858594
-0.4997213796504477
1.9806034182457557
-0.292962376136248
-0.5314414436330278
0.6543440251154411
0.0705518861673091
0.2835842717474937
0.1755867554388323
0.1597332497760658
0.0354820718251444

0.344592842690764
0.0891411777317329
0.2712575807937657
0.217943659587872
0.0988110398467632
0.1291532146083686
0.0778946058457853
0.0061419409583024
0.0215135267966598
0.1105016399282612
0.1263940490732316
0.1361364474670082
0.2144517370358233
0.2609797313568084
0.0851426563406847
0.0571667002802334
0.1331424503036457
0.1188500465428508
0.0893721179735517
0.0784267781986984
0.0652782761220999
0.1547628495211865
0.2219864924079366
0.2725760115262093
0.3647477417815919
0.370485578171387
0.1687297456160404
0.2127209292022239
0.1623455372922072
0.0386205211439127
-0.0256633650429345
-0.0245620292749874
0.0911027059905431
0.1528967501379244
0.1348267994504368
0.157481524096532
0.2409400905549955
0.2538947481687665
0.0488050659621522
0.335513970386756

-1.5489977001596016
-0.3043627997762304
-1.170873407546272
-0.8897939074389776
-0.2174988279072966
-0.8538597228755536
-0.258874924580607
0.2870490685713697
-0.0539194638802866
-0.6255118918634088
-0.1744692271450195
-0.3910388674684005
-0.5026304759326798
-0.5657174086187573
-0.1653360631694462
-0.0964641095007415
-0.6347156638143874
0.0386673879579387
0.342266230257078
-0.3420050482677041
-0.2770313520671671
-0.3618316319846103
-0.3080510393857925
-0.6464652960622232
-0.7552143298174279
-0.969261136464094
-0.2025306572695223
-0.6194616561096319
-0.5779490512470343
0.1039302901697679
0.1322222924958792
-0.3278291300234755
-0.557010076594685
-0.4265663545543403
-0.3895708163769831
-0.8796238167942128
-0.8732136126273823
-1.294839026836056
0.1488449790819178
-1.7234102553396389

-0.0585816987686916
0.0438577445521788
-0.0176470703452682
0.009203514074792
-0.0116959769709146
0.0139321389254333
-0.0025864187367075
-0.0087759010966413
0.0012367271189116
0.010990745523631
-0.0112885557357262
0.0053901889997543
-0.0003177772438173
-0.0109902142431493
0.1323816799098527
-0.7659185468109818
0.7034809619984735
1.205443515787009
-0.3436153487615497
-2.394292158216893
-0.7971874539579725
6.52928185017002
-7.34407498162408
4.713920936967916
-1.1684003262341056
1.357954875251363
-0.6043981357377259
1.0483713370747698
0.3326884795512944
-0.3490472477403741
-0.2054705293089772
0.2814735967929179
0.4353440786143463
0.1533478584519642
0.1366236073085276
0.5083087307359972
0.4049768414916097
0.7073233707704722
-0.1823919630948916
1.008211955464119

