-0.4125282796784015
-0.0966792140945553
-0.3325698561618415
-0.2374179311859257
-0.1266908602066931
-0.1325646712827624
-0.0238672595172873
-0.0104041877065325
-0.0336076840321533
-0.0574547082969231
-0.0521324507905242
-0.046076085702699
-0.0563131321309825
-0.0366972557144839
-0.0095254131296775
-0.0429181074339685
-0.0271144293034603
0.005998770432951
0.0848005032135588
0.0730883865422044
0.0122466470676191
0.0334463427444256
0.0998137341363882
0.1300580028704544
0.1691757736869585
0.203768826686332
0.1028315454096024
0.0310887596146305
-0.002550320045674
0.0834755518159124
0.2507005012112022
0.0774628884025868
-0.0653135980286119
0.0037460565488078
0.0768306206659533
-0.0166869100771648
-0.0329348204484761
-0.18637404381878
0.1824934977134131
-0.5283922122669874

0.1362714576120384
0.0761765377519486
0.2557931733615379
0.3176465084377888
0.0729939390349177
0.2758897193986448
-0.1633362597026343
0.2061458857025231
0.2546565470820895
0.1022758771708239
0.1170823847247246
0.3056118624675276
0.2640323297457727
0.3856297388132525
-0.1765714750807606
0.9725004145080312
0.2675040802860776
-1.895195911271192
0.484986671942726
1.2688006419058575
-0.1209787006329198
-0.4162219824524573
0.5322470405533899
0.1948718789459174
0.3307055552620999
0.3849126542182419
0.0603318682046428
-0.2221857054695541
1.1839852586043194
0.5443660458397046
-1.7615202352236965
-0.2900421536464482
1.2226457578649597
-0.0109132076149294
-0.3495281693041643
0.3203536181598509
0.0228865503629237
0.1825998656850282
-0.0448699736646825
0.2161323564729992

-1.3119910360172242
-0.3401253259053423
-1.169693176778527
-1.055098481523184
-0.1223259266971402
-1.2603571322939102
0.179137185622779
0.1866665301315473
-0.51663614562187
-0.5799423132370932
-0.0978872120602451
-0.6548786727349227
-0.5097666579022042
-0.7552745791643057
0.3910028351419078
-1.719035452582701
-1.162667968780016
3.677796400669858
0.0818349641800567
-2.462837872599536
-0.4333320473872877
1.0270062469321162
-0.8879314282950967
-0.5060989357183385
-0.6902265122119084
-0.9300761956072238
-0.1840703942521027
0.1009315425318187
-1.8502495255667315
-0.5015759488223175
2.0503074809284616
-0.0628899335019677
-1.6710361210081186
-0.2562882565735199
0.0555809671050742
-1.0164747236427651
-0.6835799948426402
-1.2064139928924984
0.1845082497563022
-1.586323943704253

-0.0569226578169855
0.0426291246847213
-0.0171579840083979
0.0089018167560372
-0.0106431493959673
0.010947538078568
-0.0021664088655273
-0.0043800192544168
0.0015546722691045
0.001788453199111
-0.0012587061986821
1.200939610366786e-05
0.0006757890992499
-0.001874335747184
0.0045155578205866
0.0055299734762616
-0.0282727680919619
-0.0175782807055091
0.0373028064414295
0.0626994668715448
-0.0341984615062602
-0.1627462164572361
0.2696728618583198
-0.2570396659342141
0.2842583133839546
-0.5639900577462481
0.7990784422056041
6.957546156686903
-29.5122238060588
29.211707570203675
0.7715175433353929
-8.583316695821239
-2.550354894572758
4.71670703992938
-0.5960054947224539
0.1191716001802153
0.6469013320651253
0.5901215054130854
-0.0895042261868449
0.9546862422240164

