-0.7282103605645412
-0.1533170619523622
-0.5159152644559857
-0.4097087934884823
-0.0380113042901093
-0.4830772694643255
-0.0691106830596139
0.1816380535224411
-0.1422224244810536
-0.2870488403813615
-0.0698675189325147
-0.2499806480415159
-0.2664865164052076
-0.3047551459637004
-0.0707331780989804
-0.3094884578393064
-0.0122455863306786
0.1137441189229463
0.0057295735411914
-0.0907884383794514
-0.1203928915574017
-0.0100673288466696
-0.0325063504088435
-0.1104629191442273
-0.0717306383363787
-0.1490459873209376
0.0558437171222459
0.0420566811060316
-0.7310080962232267
0.0105747804903932
1.1598727795132493
-0.283559763486885
-0.7277933126834698
0.0847622215802135
0.0572608666159426
-0.4061207016343942
-0.2225511103139455
-0.5692199375237466
0.2348810467585389
-0.9152102719208371

0.3639878648496762
0.1182527079238758
0.3182407707942601
0.2815363515824912
0.0951807367936873
0.1745045820101635
0.1561857271789726
0.0884043897227622
0.108434529239528
0.2003701998146123
0.2746915657134436
0.3467722493640863
0.4878800896094492
0.5223834754058411
0.2690908208770829
0.294444262784287
0.1632907834675781
0.0171818176669442
-0.0046104081408714
0.0550225921615216
0.1133270834272047
0.1434740817224504
0.1582594000069253
0.2112178131826065
0.2870228255433084
0.2917477023678199
0.1575442430990389
0.1138033838221008
0.0385702647900087
0.04222027194165
0.0958634676554746
0.0986500693126539
0.0972732964189127
0.1202386056550345
0.1654363091884003
0.220564954059873
0.2887251233426224
0.3104734148516949
0.0693014693079166
0.371542784340907

-1.2449640683920238
-0.3233272677284017
-1.0391988982079143
-0.8320572670040174
-0.2696199845502325
-0.6293707098673003
-0.3189974983377599
-0.0007531715093987
-0.1627770948087642
-0.4609588631256046
-0.4587339432645155
-0.5386361361212365
-0.7654998683912987
-0.7896987649624433
-0.3732513030689862
-0.4853884620405924
-0.1539877382561076
0.0615516511125634
-0.0266924874268577
-0.2125107141074076
-0.2743204596560811
-0.2547805102014729
-0.337389755055869
-0.551610534436076
-0.7130035374446781
-0.8240611038298694
-0.3640021369940434
-0.3812905686268876
-0.1560709329075677
-0.0727419194993989
-0.4275848423753609
-0.355073534237394
-0.2165931996801488
-0.3501332586948897
-0.5699660708209977
-0.7137009456662696
-0.8672274109462912
-1.0905153107606116
-0.0204272655147678
-1.368407337149424

-0.0562050062330398
0.0421626295349641
-0.0170055869022425
0.0088509773565952
-0.0106194853520764
0.0109967471020335
-0.0022730708371471
-0.0044372082771675
0.0017130762712498
0.0019483325775904
-0.0018317802714541
0.0007922074012145
-0.0004202623046228
0.0008150959399854
-0.0039802524806061
0.0111789269417061
0.0036385104925643
-0.0157018683773046
-0.0151251994103074
0.00823739645002
0.0320935678243174
0.0027381097070235
-0.0796258204931144
0.1289640431234909
-0.2018999491296152
0.5791551389536187
-3.000749979674284
9.78991050346749
-0.1391050933776324
-31.69902900067674
31.134376636986133
1.4589382620666662
-9.029296349653803
-0.8188012254577356
3.967156875746217
-1.2840763883218198
0.979301565255627
0.4812945525506086
-0.0242563097304567
0.92282366216379

