0.5745935461499149
-0.7261010426699805
0.5251811760591709
-0.0750765032777888
0.1610548378713707
0.0986963916512767
0.0361275033790286
0.120060012470545
-0.0439214468238867
0.040630837658223
0.0769986221962583
0.0506618488871003
0.1004155184361288
0.1375605577633287
0.1940143203804288
0.2387889332164992
0.1584050117636959
-0.1389186634941348
0.4262706694494741
0.0471945544500104
-0.0854668953728381
0.0239301108023947
0.2120800120098207
0.1951922490114604
0.1461894661795681
0.3179994651953515
0.40600284293492
0.407826571001287
0.4211183824325
-0.3374397216590875
-0.3210640991223089
1.8362452138463523
-0.244815948669656
-0.7971634243950185
0.1562795758732928
0.6213105767181032
-0.1440904114524036
0.209103590047017
0.1234502842967618
0.1355361241485418

0.4125954332535025
-0.079423336842979
0.1285812865150028
0.2191333028384984
0.216054056453206
0.2163706947155146
0.1046148688417528
0.1231133420140418
0.0023261783218275
0.051654975204588
0.0714568471751932
0.0650515090081454
0.1384865717741984
0.1616284286155352
0.2207212688128215
0.3110199518656795
0.1197339746663376
0.1628175066894082
0.209260126692543
0.0801470411342241
-0.0845477553456883
0.0638436872443094
0.2010051497923515
0.1961750159096245
0.1610143417513127
0.2744885777054408
0.3457462326559325
0.3459411063352028
0.1347124896017396
0.2786119780643593
0.128236355118439
-0.1363963668801986
-0.0472870722631833
0.1056761891356805
0.1603466452858297
0.1063821516771086
0.0687699193406959
0.2245594365579887
0.1686566443590758
0.3541521405809771

-2.7043884532752704
1.9039737823788847
-1.6085313776145351
-0.4525054064873424
-0.9562130990051896
-0.8400103332197347
-0.0956895299182684
-1.141316755052164
0.3997767711589414
0.0676065245227567
-0.4234001096743651
-0.1832778278931522
-0.2592362630187747
-0.3667922963559519
-0.4292913837849413
-0.5607809450253713
-0.2266768511711817
-0.3518116121034162
-0.1345137846634767
-0.2831468729816223
0.4472995576484772
-0.3630729252969233
-0.572230109937414
-0.1938058952707026
-0.3750755964430433
-0.7207987965674205
-0.7945024602551796
-1.0403963876327322
-0.2113543625508722
-0.5998388949387778
-0.6875667093954275
0.0942826095975405
0.2116843740154395
-0.2978836254358714
-0.6542662454511233
-0.515835200256557
-0.1787878029159492
-1.072470142044012
-0.6786773331238936
-1.531392473133317

-0.0930274948632066
0.1169357774166433
-0.0599090297061629
0.0188336888830847
-0.0057299709651799
0.0032929957516127
-0.0037434415203314
-0.0027632916139037
0.0063762463003735
0.0104118580790862
-0.009492424279932
-0.0306700541918361
0.0641961700974353
-0.0719030719170341
0.0903486046272521
-0.2163786934585358
0.7710282136540598
-1.037638779387433
-3.0040214976975865
1.7716103453074608
7.198623371488407
2.515372401275189
-24.463413943155984
25.218067215482336
-10.71313745488676
3.225180273466499
-0.1651699712829164
0.8309665826464271
-0.0542109339174048
0.4551107907189577
0.489720657393542
-0.1553731348756698
-0.2052933521350747
0.1623854499267569
0.3974762755888993
0.2754866788684751
0.034267525366809
0.5895010844038668
0.3172620440024438
0.8408956270103529

