-1.036308773330753
0.438764151273055
-0.4005831528918283
-0.3274378079510617
-0.3923403415744088
-0.4080226485230687
-0.0637609701251178
-0.3832583420260496
-0.0536202665108659
0.0822374766419912
-0.1146232118357051
-0.2014085276903104
-0.1198246979909894
-0.1944193155874867
-0.2332887171055839
-0.2423043152440493
-0.0793474739723364
-0.1385348092203787
-0.1032869336997923
0.031902923534222
0.0085096894494576
-0.0397974344806654
-0.0407474618811254
-0.0474421168499611
-0.0516359897578634
-0.0684625988210868
-0.1045906228914368
-0.0832623681513418
-0.0451060448585365
-0.3573404053311704
0.4642264774877776
0.1246147180416592
-0.240725504904975
-0.2321650203899645
-0.0733995284844474
-0.0524737366686358
-0.1545874506658984
-0.3921343343338719
-0.2717009190140821
-0.711527558098878

0.353415098596695
0.0404891015949806
0.1081435287397511
0.2655081927823384
0.3370241599706005
0.3611696598858257
0.1559153665033684
0.1978630941964564
0.1259675787433718
0.0943740897243299
0.1427288873897368
0.2150362158330682
0.2780617419305852
0.3506915213428655
0.4686279882859721
0.4821311720972681
0.2301459554237612
0.2353712164024044
0.1631581017214379
0.0355701267326806
-0.0254357572894384
0.0173942395416074
0.1200198765325394
0.1683332433983672
0.1501332908112284
0.1987667358881291
0.2774374649132979
0.297077162308903
0.0943746613746983
0.1172804569669286
0.1556470319168902
0.0824635859229107
0.0350817393806656
0.0525588637003079
0.1007308520075525
0.1355397170821227
0.151163714983061
0.2353475420413396
0.2129130423607495
0.3988529550606615

-1.974775260783708
1.1960334921007716
-1.1911117199811858
-0.5198192261172296
-0.927873879820633
-0.947440157019397
-0.02810486743716
-1.147628636749113
-0.0132654340189555
0.2946495400252671
-0.3949805490317279
-0.6048559163953329
-0.1971404095567708
-0.6104011067243472
-0.6483038705783919
-0.7406222656648821
-0.2754777388064734
-0.2382027525480293
-0.5683121529277992
-0.0306420840230168
0.2522087440678503
-0.0453853206214942
-0.5181206535795448
-0.3751866100133721
-0.2186935591938953
-0.6893070060789207
-0.7282539412354887
-0.957129450028866
-0.3588968211224079
0.2340419568615964
-1.4384924956211795
-0.365307145487124
0.5609231507926149
0.051162932035352
-0.7293747694655252
-0.6843939661399001
-0.034285347190253
-0.9930660494950422
-0.5962325001738534
-1.317750725956757

-0.0947161678340921
0.1176991097310886
-0.0593536865456635
0.0182368578505713
-0.0052685062075797
0.0025007035173116
-0.003040464926736
0.0034392515956763
-0.0006596694821245
-0.0020132211231426
0.0010201235427802
0.0006329044937675
-0.0004485710730218
-0.0003644667483041
0.0011291181663256
-0.003314049222621
0.0119915323499253
-0.0161573639819804
-0.0310842207871145
0.0072469773122102
0.0632970123152386
0.051863823360672
-0.0915243949997612
-0.17466333255982
0.4229979403117822
-0.5005483179854575
0.6677627612220304
-1.716988661998663
7.734925696543865
-25.199017109149736
26.652455170265004
-0.3747436168688486
-7.635105874338753
-3.170296546863129
3.223855534363064
2.654924498354147
-2.197328892507065
1.3394576414120238
0.1326824742420865
0.8872516902338325

