0.0141997180157809
-0.1361025461033538
0.03841598763603
0.0271587660850231
-0.0194987545972297
0.0093809057610892
0.0267351263313646
0.005248483956204
0.0021367576506856
0.0211153404606094
0.012948054405499
0.0110590141733256
0.0302852721093738
0.042238560372388
0.0491385867662463
0.0761594875730908
0.1180403915121039
0.1756193786922921
0.224466721837849
0.0875036478012838
0.1076002443407209
0.0914761730107993
0.0471059736549132
0.0436025101481362
0.0665138014973064
0.1079099584606782
0.1466641157480783
0.1814958002006614
0.2533552357012365
0.3601157578721465
0.3507516897160934
0.2632110220279926
0.2764941615196789
0.1176077568316117
-0.0303051990737884
-0.0350594800854039
0.0402932137786548
0.0666111653441748
-0.0017785035432783
-0.0696970687677367

0.4433772567018332
-0.0718776315411268
-0.023496121998397
0.206939845061387
0.1574097620834297
0.2136714888331783
0.250866216627926
0.109496737806003
0.0806475915265975
0.1304944162361518
0.0208923339009793
-0.041992369565597
0.0974875694973978
0.1322284034483459
0.0619170573088297
0.1926566485826917
0.2790065644351848
0.3715865134103432
0.428620499485441
0.1962223590453549
0.1596685040757121
0.1560179908921907
0.0923850257685302
0.0823216343909226
0.0943925497754164
0.1355939906310511
0.1735761253213624
0.1970446099166964
0.2588064620685955
0.3027528048495926
0.3146566020432141
0.1101607924081858
0.1575142147863237
0.1129193786208413
0.0064930774416211
0.0141665584167598
0.1205767968875436
0.2090654399041776
0.0103753347916643
0.38770310510548

-3.3247735199351824
2.47672558618668
-0.8179517454194041
-1.0213245045262804
-0.3175954324024502
-0.9220670271720924
-0.8510066815890471
-0.3643571823811795
-0.2569234567130384
-1.0457824213033522
0.3197941824548795
0.924789120911949
-0.7454963898155172
-0.8294022328112342
0.5677658111290881
-0.617639723933024
-0.4269072274647791
-0.6129461218920421
-0.7293254846608482
-0.2975973149096767
-0.1637536015271991
-0.5915625487886486
-0.0497330563552091
0.0186649781387476
-0.2532471823859451
-0.4709487909792377
-0.4121919595074462
-0.4475586425635405
-0.835329772915896
-0.9507163931037176
-1.1998350694400737
-0.3787183782941198
-0.6189386395511102
-0.854197766106919
0.06841742744723
0.0585601208881148
-0.2955065054890017
-1.4369264303199298
0.3123351756368487
-1.8078901359374475

0.0029665341135812
-0.0067333413167293
0.005860694212798
-0.0025781352839303
0.0007469074603824
-0.0003458342688165
0.0007563884700228
-0.0038583857323798
0.0109252875921247
0.0037841831573061
-0.0156101079557691
-0.0151424578888477
0.0081777460911509
0.032050942674152
0.0027391101077984
-0.0794913455396278
0.1287719900388564
-0.2016512144811198
0.5786166194415058
-2.999432745219998
9.79020913894392
-0.1445335127564906
-31.701067311398283
31.141684313537223
1.4690281436654038
-9.036769306548065
-0.8457041223615576
4.014912819469532
-1.3310786759412676
1.0321704156041938
0.3680126120412197
0.345184496374775
0.1909102956477835
0.4045195444009
-0.0088279945936538
-0.0202306486417058
0.1095524139418952
0.7429176895665554
-0.1765641668541346
0.944641017523077

