-0.5932995435743419
0.0179989294363247
0.1668352103254183
-0.2276848176200016
-0.1607067489523602
-0.1813561842068
-0.2200453076456529
-0.0864469813925712
-0.1166817877258004
-0.0738907120126215
-0.0084520002730276
0.0088277421160209
-0.0364061458016935
-0.0531810794061593
-0.0391869978864029
-0.0255239985370151
-0.0388540516042372
-0.0445007912348284
-0.0327615200219483
-0.0026605241262646
-0.0509248716920065
-0.0261590957989483
0.0333246250391311
0.0502689112585872
0.0228839534725959
-0.0032695907201194
0.0128229189782495
0.0469670525309634
0.0576104404265148
0.0926837822266908
0.1205537219765914
0.0431259480041489
0.1069169325659057
0.0100689775261962
-0.0555267024915905
-0.0392075762234799
-0.0530266810433268
-0.1667346611140085
0.0097047984735858
-0.4651929190663627

0.4688729063084958
0.0354929216333371
-0.0348449252327066
0.1969927007871676
0.3115900663650152
0.3713906453384658
0.4846279087924344
0.2247653539096863
0.1939269949302762
0.1865064274920143
0.0947979619537307
0.0701708692854537
0.1351498948075664
0.1901135386362192
0.1998410167487341
0.205715317884935
0.2670959342511053
0.336370444443326
0.3124830269449597
0.1569863465959885
0.1833317797758115
0.0658886105006621
-0.0268103187968614
-0.0009684171624758
0.0631973812021864
0.1024670428640776
0.1106571385695667
0.0931041914162965
0.1686481594635963
0.2427131944346247
0.2848621905052298
0.134603482458647
0.1599760517151182
0.1203287301152415
0.0367381366421572
0.0468888519133001
0.1463284658295636
0.2270391047186735
0.0496795277599346
0.486534236336368

-2.434027762404167
1.2269688520899924
-0.243067972226016
-1.0071386669101727
-0.4720338361641046
-0.9886378992322876
-1.0433699175103464
-0.4117676567420777
-0.4685276387930611
-0.7980782995560135
0.1694025859560277
0.28353254417998
-0.3087529316425726
-0.5385058926332145
-0.2405893774961192
-0.1531442561102477
-0.5191278825868366
-0.4826919213414984
-0.6391010658321269
-0.0681872309044875
-0.6007873421872134
-0.2691235424918941
0.3869304868618587
0.0331037722564106
-0.4256264083133693
-0.3618823329735494
-0.2064803130930123
-0.3182101739634458
-0.6610188746040412
-0.7456249689373396
-1.014186122197331
-0.3259995524881464
-0.4826871186450758
-0.7590625066846297
-0.0044284970385031
0.0657271835321481
-0.2321402769757123
-1.364929259398154
0.3045900414880482
-1.7242840585817467

0.0075016773363381
-0.0117227740672376
0.004151617498489
0.0023470321817507
-0.0024444194699033
0.0010519700840518
-0.0003302042463789
4.292485370078455e-05
-0.0006741203423745
0.0029184926472592
-0.0020367487633867
-0.0018916022347242
0.0012731843045013
0.0016399376023386
-0.0013032220765878
-0.0001599180597916
0.0007284087218401
-0.0013342416521081
0.0046599897152096
-0.022993748975849
0.0474661682265551
0.0392901755725686
-0.0429300577807142
-0.1015030993868154
-0.0420518763116102
0.1628814134427411
0.2099202478466013
-0.6123483844621819
0.7246973684100569
-0.8559739030229419
1.3859543811144674
-0.523168607098387
0.9180234926886298
0.2756433574016593
-0.1837690649176811
-0.0659682835442755
0.295100194909898
0.6307683391288663
-0.1392230584064646
0.9350213871060749

