-0.2660047459824977
-0.0353764439840799
-0.0156829034922268
-0.1010507662852723
-0.1126056403961571
-0.1160484810745678
-0.1125732147293544
-0.0550506598776733
-0.0783669842933287
-0.0343779788000158
0.0130546145124835
0.0319426824240358
0.020254740507838
-0.0095648801470417
-0.004924208773866
0.046615871070942
0.064465890194966
0.0966245139395309
0.1474197187443618
0.0556953514246286
0.0566784375276392
0.0643226644309684
0.0452580081587928
0.0479904559649985
0.0645836018699109
0.0774691842659496
0.1020786549442339
0.1490641347298451
0.2084232852186056
0.2867345108453788
0.3154583581974237
0.1442891916406644
0.2017665192229432
0.1055349110937197
-0.0117457917687722
-0.0251438926351857
0.0050665047797975
-0.0099980368345277
0.0097212116313248
-0.2666776993264274

0.2693026913040496
-0.3552445977760166
0.2381198071306503
0.3495735189519746
0.1003756963527193
0.3642388014731781
0.3998263295976422
0.1224456470340442
0.3160367086652214
0.3199175041124331
-0.1758097466802257
-0.0538495378878609
0.210891913543785
0.1184770483100212
0.0674895626610981
0.0855096172477969
0.1646687155456079
0.1283651574130606
0.2396178681211712
0.1141095774355386
0.0195686467097734
0.1227515462050613
0.1394358541941822
0.1335225031377227
0.089030229620434
0.0036336358856111
0.0858661998127266
0.183598555264353
0.1248329916065339
0.1524515825264319
0.1053912117119925
0.0118126237409577
0.0527205176958325
0.0810070307644732
0.021054631991893
-0.0060952877821699
0.040479159342124
0.1343187633083077
-0.0160085228011534
0.2032646788312188

-2.6714968541286943
2.191782746687024
-1.3065884973885908
-0.6142364157476012
-0.6436085142664623
-0.9828123578256974
-1.099867674378621
-0.2934807992047534
-0.7561653832121147
-1.0411190858299646
0.8412059947788793
0.3381094067512158
-0.8034062614464501
-0.3187930565449579
0.149358452231165
-0.2550017618065664
-0.2398902776700555
-0.155438677025752
-0.3308966212501282
-0.2034519895083594
0.1578715091076427
-0.3669929002817407
-0.2221141182137107
-0.1785085914241139
-0.2358011547030519
-0.0906902507718564
-0.3215675845511385
-0.4571592953217832
-0.5525115668625571
-0.7060412096945168
-0.7965966522013727
-0.2926687801735285
-0.2383866634268744
-0.7328362786646346
-0.1343783711353929
0.0707014669469032
-0.0975201399877277
-1.3895930090235065
0.3258310925410395
-1.6799669608160537

0.0029208942162839
-0.0067471606736048
0.0059869899126769
-0.002661853486422
0.0006879358692566
-9.908003883721652e-05
-0.0001341747643554
0.0006972318273296
-0.0019167364824963
0.0018652887184392
-0.001221985062416
0.0003145860915951
0.0024735888061581
-0.0011666551303186
-0.0056803464633447
0.0098359036523034
-0.0096482249037395
0.01060264072432
-0.0202846076588875
0.030403539081795
0.1313549363551199
-0.3142312633875461
-0.2573641938412798
0.3338755488811997
0.724800087904447
-0.1976492592389595
-1.8633836380248685
2.7248921239004757
-2.304398680561281
1.8972855725917592
-0.1036990747930531
0.8258766640058126
-0.3538915866280893
0.6236707727989246
0.1307446220185451
-0.1023010198376569
0.0338914210888745
0.8142746572933124
-0.1987696941548827
0.948316781195976

