0.0696433898265357
-0.1607434300119767
0.0523791868672451
-0.0446124874932046
0.0318340284200243
-0.0773212039198872
0.0800981850117024
0.0006901608111525
-0.0395773263463145
0.0641441209598674
0.0275969521179273
0.0384039451708186
0.0843975788135528
0.1098205449025378
0.1277802617944688
0.0523725010250516
0.0482703655078988
-0.0463254803182129
0.2367510059582818
0.0047136795417018
0.0892581428519682
0.1588544657942224
0.2047110673221758
0.2794951419362278
0.3518591629044456
0.1443144622375839
-0.027525250580793
0.6135500202265394
0.222718384259051
-0.6998383593325771
-0.4855890088007707
1.821411077987896
-0.7085653403569815
0.1515852839514626
0.2756533012617798
0.0961815190280656
0.1842635497498828
-0.2058155910648318
0.845695951886644
-0.7449661264079854

0.3099864478973568
0.0679302769185312
0.2109918945617213
0.2467390788672844
0.1523469166736888
0.114438173080886
0.1087892806576456
0.0275038887677295
0.0091292612315148
0.084935615701802
0.1247870185991443
0.1338216488457913
0.2047164116575051
0.2857571578505438
0.2809920351741051
0.0950879201202222
0.1586105093700263
0.1545574530981975
0.1237075950698926
0.1253694238444377
0.1461946886879443
0.2457767541025613
0.3283317889925494
0.4392008310726736
0.4735104165601295
0.2385700335801883
0.2232420699356052
0.1806632878474315
0.0840961576201534
0.0178031522747945
0.0146302043564768
0.0365182505121932
0.1287526813096039
0.1598904423390034
0.1692645786299108
0.2392579531959748
0.2671399736406332
0.0717260658130286
0.1069294820028401
0.2336367754948359

-1.6788297485008503
0.1600060387059221
-1.1654171707470415
-0.8450957329294836
-0.7375063435821458
-0.0085803202170266
-1.269135018429537
0.260846106811813
0.5693748731047736
-0.7377232931224867
-0.4370232339153503
-0.0862697873277915
-0.6090084426437555
-0.5232379277055619
-0.66673279423704
0.1526187226816837
-0.9509833043393076
-0.084232311584919
0.5102990548055025
-0.6898700334224551
-0.3451901170339406
-0.341664491981842
-0.705949357161335
-0.8667063488329202
-1.0931221973069007
-0.4324133552672575
-0.3491239134880524
-0.97508209322936
-0.0147789519501372
0.4064566312975972
-0.2190229696469011
-0.9260047235473968
-0.3475321400286438
-0.4203251594906997
-0.9456689309244648
-0.9889260418998126
-1.205805789149622
-0.3950914262942635
-0.2644931755433271
-1.133521949871198

-0.2834526507975228
0.2635093206359524
-0.1161913028399808
0.0464849956953073
-0.0328831068340701
0.0343242993628336
-0.0154446566470683
-0.007398356864226
0.0046133443911361
0.0034848363854981
-0.0024031401724806
0.0013462727053267
-0.0030879580992241
0.0074931328868968
-0.0286279945522583
0.1542510585426375
-0.4052431698665723
-0.0053147632069885
0.7073391705542945
0.0947014765544336
-1.7521637197928337
2.3081462601222733
-1.921808694511358
1.6595123382080783
0.1240496811953863
0.6626690732037145
-0.2319305228571728
0.6748940963452807
0.0114666624879083
-0.1786714790367737
0.12736638523066
0.3415377986318061
0.2101695568662145
0.2205650665208283
0.422194558793465
0.5071172849836425
0.5151228889225485
0.509599178419199
-0.8648188556715274
1.4468527405840876

