-0.4272791113120815
-0.013891861676706
-0.2586129541599619
-0.2069384738335511
-0.1649865537922518
-0.0336669199090717
-0.2230575709988258
0.0202909904912636
0.0515345619287217
-0.0884909426126159
-0.1228336581775698
-0.0390735556850477
-0.1219264254860984
-0.1137912661199421
-0.0946736466891956
-0.0428885174949691
-0.0555413750621097
0.0047206521191813
0.0157768910892325
0.0027641659902402
-0.0312389678570194
0.0185537969556004
0.0189071392586089
0.029918360454521
0.06428808252943
-0.0471430675662814
0.2861782471725413
-0.0475326969093065
-0.4984980939471045
-0.0102633991121193
0.8768826926151146
-0.1759886226608876
-0.4040862915513028
0.2762578085293591
-0.1177541423849791
-0.0668517774654959
-0.1311047160283015
-0.2190214076006577
0.6746392398503765
-0.9327059129576872

0.3798413847036028
0.1097558570050625
0.2728882674114277
0.3435856411106223
0.2341204341483391
0.1489894708864814
0.19132968134746
0.1187232032674029
0.0950337531027333
0.1615917993941311
0.2438663473926668
0.3034300890142923
0.4064662311596107
0.5205571406319891
0.4497862566234594
0.2554332848321718
0.2109826561122763
0.0756265905633664
0.0186441771848791
0.0622141196322683
0.1168858062630236
0.1427901449342409
0.163496336076679
0.2327311218918273
0.2497390723729876
0.1363429092988748
0.1325723086761893
0.0528408261248892
-0.0168611394253251
0.0234146752835805
0.1015659877925037
0.1298891872912346
0.1233230053177664
0.149309441182289
0.225659725439165
0.2980741369594251
0.3363051312461105
0.0902754174542346
0.1363759803745471
0.3054737816435381

-1.421781975875082
-0.0401914234345088
-1.0580624132226428
-0.8881728164367639
-0.768753527631397
-0.0404514737939675
-1.132964440122184
0.043790807590861
0.259739741842643
-0.5042630885047742
-0.5924412975975916
-0.3016181183742801
-0.7104397693568004
-0.7444551760678022
-0.7243490760541432
-0.1884379550470147
-0.5811723076779699
0.0244416662999087
0.1116488880788065
-0.3135955149944552
-0.3042302439294151
-0.2079649411694092
-0.4728087851850321
-0.5740207297343367
-0.759356537222006
-0.2165266491236742
-0.5305428903746258
-0.4942409468449663
0.3698267961777294
0.2174705058533337
-0.7737047960996006
-0.5795876039698769
-0.0475760979734866
-0.5707335976353713
-0.7806550214172462
-0.9092089476906714
-1.0922154760570288
-0.4129811662594241
-0.021575914649572
-1.286123392147036

-0.2793436837988817
0.2598954024822915
-0.1147005477190543
0.0459695560314215
-0.0327622668239934
0.0349643360430459
-0.0162765367522912
-0.0083584985231088
0.0055290562388992
0.0053687945847934
-0.004620993319305
0.0009252050967443
4.436767458460312e-05
5.004875557696456e-05
-0.0001146946770612
-0.0034690275357341
0.0201343307502547
-0.011933124054461
-0.0333656585838099
0.0158539921911356
0.0762783314897559
-0.1331268092549644
0.1342384439267397
-0.1567357683060816
0.3559097722003585
-1.0961767818195756
0.0636217291696049
8.553814425419722
-0.9934736915464156
-29.75290623188285
31.2562482323622
-2.2301784221148124
-9.214055082701686
5.045809425884237
-0.6637830419148891
0.6952503043326382
0.4715568839618355
0.5095068523893995
-0.8185639219979028
1.4074918893950876

