-0.4609050649038063
-0.0498555664082552
-0.2750720136154727
-0.2283848752957798
-0.1105334315268836
-0.1228639635215432
-0.0896361269977214
-0.0156649902525321
0.0055083787310687
-0.0239648314400792
-0.0668724129526729
-0.069570898649042
-0.0643169117820498
-0.0778121307182608
-0.0930935776977467
-0.0728289845770735
-0.0302260473344991
-0.0364072296468348
-0.0171270102476441
8.473201465566492e-06
-0.002207819545956
0.0076514877083542
0.0241175141984314
0.0156731287957541
0.0161486937536003
0.046945920818973
0.0473585220217733
0.0978144917519894
-0.0176305597379193
-0.0173660912892433
0.2284844774233939
0.0655848091251039
-0.0821878631117142
-0.046493066153191
0.0109646150821012
-0.067110432036589
-0.1123155704895749
-0.2362765677275152
-0.0292967073254188
-0.4400861563797396

0.4145304329228945
0.1193554067270614
0.3247906965453481
0.3531229403690731
0.1715577209561749
0.157832079260846
0.1684839133826132
0.0939233237863889
0.0675250456608319
0.1125116567524517
0.1754179980396718
0.2202689529098124
0.2718587585179323
0.3554607195086569
0.4537686495220087
0.425391476702383
0.2049070072326125
0.2076919141932872
0.1348223347659005
0.0313330407447967
-0.0269231867522309
0.0002274522717373
0.0785190436075497
0.13254900731829
0.1271501450199546
0.1487849145610122
0.2201284153012721
0.2381436628597479
0.0997810782669168
0.0969084779676047
0.1133157970426018
0.0813225018149724
0.0723158705588298
0.1094235325208748
0.1591089592172911
0.2021389401599435
0.2761215226306343
0.3596940251219299
0.1575090474056791
0.4204372092157622

-1.4413780169784038
-0.2260192173079116
-1.1008851158462023
-0.998730592034373
-0.4588238693198914
-0.5355423127957376
-0.4908305837991939
-0.0789519381614995
0.0366526082020233
-0.1665203463857323
-0.3774704074178401
-0.3946982542381733
-0.3649309295228657
-0.5440796452780722
-0.6575925268767229
-0.6544650330094487
-0.2174158582392018
-0.3249700762050782
-0.2695099476300622
-0.0747332618775033
0.0485054291000678
-0.0408424991004547
-0.2342283198950502
-0.3346090054038099
-0.3097020761606047
-0.4852325897046822
-0.6750396766241321
-0.8042918823013727
-0.3378727247686501
-0.310202325037441
-0.4560479214446291
-0.2561963015018503
-0.1613700286838945
-0.3508215924596555
-0.5481238026365686
-0.6572389913727662
-0.8490322747251895
-1.2035510617538752
-0.4232794980952153
-1.402072297442731

-0.0752521278780806
0.0622161762079012
-0.0253569424306101
0.0103553681705706
-0.0090953788857874
0.0092392561962696
-0.0009727012719985
-0.0043945581401106
-0.000909833998776
0.0027032983636646
0.0011689583495217
-0.0021305528449444
0.001131956759885
-0.0009307424204435
0.0015569881635928
-0.0043822906334617
0.0160937165180633
-0.0228859919908758
-0.0353042834810088
0.0130250511418078
0.0742198407185951
0.054124727303865
-0.1096423509020779
-0.1894448325947501
0.475399891743613
-0.5574028477171894
0.7117185010503241
-1.7005234821392623
7.021084322145053
-21.93848268510177
24.764304397326423
-4.216420441060047
-6.913567872746726
1.9660967337265471
2.6217781614938005
-1.261283834949295
0.997891939064536
0.4862535024978165
0.2568150568631262
0.7939773055198526

