-0.0259982487441805
-0.0662390512526558
-0.0016996615054955
-0.0219207162799544
0.0116878744987984
-0.0610779633225317
0.0845454940799296
-0.0231749130139303
-0.0568912562802521
0.08109821909378
0.0452289790217381
-0.0146276247297266
0.0736431452441767
0.078414526417626
0.1149879908741569
0.1497025469838191
0.1013266711736797
-0.185417453702949
0.3651531060560306
0.0629101087195344
-0.0379244810484287
-0.0224646153904226
0.1374541895165961
0.1860457843548023
0.104167228581895
0.2426862272688972
0.321049617488906
0.323170403209844
0.3075916633351019
0.0218094975201539
-0.6070703239921491
1.6212437185281166
-0.4475028302817234
-0.4317625877329386
0.6002956557402346
-0.0785592095650794
0.1522401351090728
0.0305724835137233
0.0880410409617198
-0.116850620117789

0.366074447978557
0.0349034277205487
0.2750084326410056
0.2449788878818922
0.1041028784845017
0.1511343038426403
0.1448952719596287
-0.0337490250985234
-0.074262946288739
0.0926393422305736
0.1339834696202968
0.0742163116101887
0.1312808180335707
0.206839592928765
0.257295696532529
0.3589216963406453
0.0895457906939294
0.1943156771608365
0.2551259375757185
0.1073336112710152
-0.0764703662661418
0.0521926286449298
0.2118691507532744
0.2348653686184791
0.1926091817408983
0.3017774134541185
0.3935224597286302
0.3933796334711242
0.1720783246290423
0.2969822870335987
0.1361314061120251
-0.1353691451289508
0.0052453948225451
0.182082499821423
0.1530862911807313
0.1291169195901883
0.2219787526711679
0.2919295045230929
0.1045436614686231
0.3388811971813161

-1.6618314772978366
-0.075470653273522
-1.1886383896114503
-0.9661662125980578
-0.4062805212154879
-0.6314499959433546
-0.5676458221938084
0.1725901049096164
0.3136507711608512
-0.2901890545981508
-0.4517927936474631
-0.1581089367955892
-0.2531340251656371
-0.4616879945737593
-0.4936054736244509
-0.6391358393792411
-0.2097185621607953
-0.3843955356833405
-0.2162288305109068
-0.1359036082978373
0.0896346875912008
-0.2250943329412776
-0.446169510249883
-0.391750771813651
-0.4130052668396696
-0.7568170035401653
-0.9233013165935156
-1.1079059160632987
-0.4292775310886504
-0.6181844700550159
-0.4454033428248123
-0.1391609770472623
-0.1794461455080568
-0.5017009557344223
-0.5945465779712178
-0.7058129110294898
-0.9382434922473832
-1.296059363924289
-0.4638975441744109
-1.4597496828317922

-0.0771585999490564
0.0636378383335716
-0.0257240609066395
0.0099247627558762
-0.0067078056421251
0.00488891090698
-0.0059332375799754
-0.0007068300476437
0.0105308933874286
0.008690909554008
-0.0167417413734021
-0.0271196589395373
0.0718847487336683
-0.0881135639591178
0.1184774836481037
-0.2902605103083042
1.04624091989449
-1.6117126190849598
-2.8016084158242607
2.179022204005717
7.245034236117651
2.1308188058442767
-24.712851358417403
25.682553704390823
-10.811630570073602
3.124143507231429
-0.099020082280515
0.7745459283741112
0.0495177048278754
0.4400583500547916
0.3625362879365726
-0.1950543933429952
0.0684776647183125
0.4291857446902375
0.1551579099880475
0.3879026619889743
0.4355812352119119
0.6640900015810761
0.1726373361596405
0.8363927742288647

