-0.2575814938788235
-0.0780479044792174
-0.1954210757000404
-0.1819471054990878
-0.0946647956338311
-0.0715937348140105
-0.036831203413455
-0.0236115932727571
-0.0043400079507108
0.0061201922472467
-0.0012648099177488
-0.0107366686968762
-0.0009385620287285
0.0176979881216644
0.0284466138572041
0.0728268177047764
0.010347680261612
-4.2749790048436056e-05
0.0603910862586174
0.0610647343670115
0.0359275589369053
0.0415016888359582
0.068310512988544
0.0963484302257334
0.1276931948710201
0.1784720795744842
0.2444146178073039
0.2949585037041576
0.1054138598139189
0.1382347358252963
0.2110395946781463
0.0861918419865427
0.005512916004109
0.0450218841779813
0.0947772547491007
0.0639964877563392
0.0376498409944099
-0.0370589552005443
0.0404801546198868
-0.2708879122608356

0.1458513801586223
0.0461358694377628
0.2692284771816429
0.3257702606768664
0.2307312764919667
0.0209601104867096
-0.1061053734343785
0.2700533853846828
0.3978569081721917
0.0873921450616828
-0.2706833013454941
0.2637958274644162
0.2736064825356905
0.1058216533004682
0.2979211643261891
0.1292719976897135
0.4242610980165799
-0.604471376775539
0.111854259901116
0.561614077412727
-0.0058292705904988
-0.0775168647285003
0.0940288031351513
0.1923685195432313
0.1699876241632853
0.1931809230660005
0.2529614393027587
0.2767549007028887
-0.068129063663974
0.8791156055012133
-0.6341817402322798
-0.3973738186605103
0.4704467913890332
0.2032731736052178
-0.194344371829096
0.1809731896842049
0.0780560547482201
0.1535492118361799
0.0446815428799349
0.1765042149147311

-1.4188556564102086
-0.1746228673150873
-1.2174269173802483
-1.0579345653086876
-0.5812895764555501
-0.5086321265985566
-0.4190215093651431
-0.0719508121616085
-0.1320462907737039
-0.2520583129604573
-0.1026783719853851
-0.3718258223255942
-0.3522513072827519
-0.3145545973480143
-0.5095268551517581
-0.1905963962430521
-0.7822845371532046
0.8206635796406411
0.3771450046155818
-0.8651050501379974
-0.3171814833858955
-0.0109005749515984
-0.0209783031172825
-0.3147444677283376
-0.4644219020193504
-0.4849241664212193
-0.7027160928019012
-0.8638115164127896
-0.0851482728582905
-1.393802803741472
0.5535335927445962
0.3771018099826452
-0.7471816309122723
-0.5919236626578632
-0.0741815368366097
-0.781262081137553
-0.7369831341267438
-1.167384856963508
-0.369427814931482
-1.3847075652323733

-0.0775886231792034
0.0640417448046484
-0.026053193773817
0.0106154279009265
-0.0093247737915536
0.0095400808280709
-0.0008683052195189
-0.0046516287548996
-0.0013002236616404
0.0026805890668325
0.001917763356279
-0.0015596436657848
-0.0014134690636821
0.0026521074224319
-0.0035831669637313
0.0080694650472246
-0.021576002155054
0.0028694235991631
0.0829419244479087
0.0199724258566734
-0.1189074720527603
-0.1458555547022243
0.1323555995120635
0.4082654971012696
-0.7717109182911049
0.7873883348914923
-0.9051800727591156
1.927004017244757
-5.876282875356962
10.63742393855953
-6.0634128655033965
-1.7410777222826848
2.410967836397844
1.2247408346285649
-1.257677628972452
0.9904146890697078
0.2756573640747103
0.7083739258466313
0.1532716996960334
0.8457130101627636

