-0.73512145691829
-0.3346042312269996
-0.4625560996935423
0.1179093227088505
-0.5559774730765196
0.0276854365196064
0.1070369582515645
-0.1827993485587569
-0.247741776068554
-0.1110926890310418
-0.2892261101835696
-0.289411275219313
-0.3269899651563099
0.0532279270197346
-0.5388337229928529
0.0595909401581795
0.3230323233684599
-0.208608780139155
-0.2263680059725121
0.0629065220430193
-0.1621511709104536
-0.1099931081930158
-0.1435831901742917
-0.0170040650429907
-0.183434868794714
0.0009280727312528
0.2094551638824305
-0.017961572314767
-0.356068337148151
-0.0415187975753112
0.4223107253640683
-0.4189445379563573
-0.0227032235086283
-0.2412137214776204
-0.3055758557375033
0.0184982796987057
-0.6826815025268663
0.2948969378879876
1.067780500640508
-1.6707762838067155

0.3824384068509682
0.209323214645871
0.2666177133422867
-0.0209635647164077
0.1306316210627211
0.1525065122982107
0.13623794921149
0.1143766620261606
0.1807710259759971
0.2904339683617465
0.3774579886636885
0.5049509669817868
0.4891197658558451
0.1653820700929015
0.3798134882795538
0.1685307050521231
-0.0476482032646741
0.0467804707134461
0.2107285883715148
0.2067888000616012
0.2046419547601441
0.3074797090543288
0.3355193617401344
0.1324734919543782
0.185847407954765
0.1704010794084053
0.0460185023275425
-0.0707159812286168
-0.0218651460053691
0.1682145060891693
0.2196676525095215
0.1213060936787532
0.2340391090853367
0.3118105526214691
0.3161312611764864
0.1675466451915793
0.1468850076342826
0.0108533479587751
-0.0092495558867075
0.3280080384475642

-1.281761703088189
-0.6261210842403733
-0.951302240691214
0.3346832487368303
-1.1610752838332965
-0.068724518207626
0.1360763979061611
-0.3332066051765064
-0.5900052347319911
-0.3392457039764516
-0.7225639705694528
-0.7689554212285596
-0.8833274448233706
0.1699762268382502
-1.4916054377326162
0.2115231191218847
0.779281979699417
-0.6026428463473751
-0.6602529857049624
0.0335612233551945
-0.6160223630485843
-0.5940818604067742
-0.7900671146000376
-0.3516126976256112
-0.1040929401646554
-0.7784535812665314
-0.209934419660717
0.3143072192727553
0.0378179888400604
-0.5827051362126121
-0.8433442076768096
-0.1034703709554747
-0.9518337606658108
-0.8692657136657101
-1.168342410764515
0.0025050140085715
-1.696918440871174
0.1965189363842195
1.8872560119121105
-2.448856514882849

-0.0068053048862317
0.0038093475097339
-0.002317259186959
0.0007859362465856
0.0024811074534227
-0.0024917016359438
-0.0011178318721632
0.0020191301443157
-0.0002582626036376
-0.0006307788533606
0.0005514619201042
-0.0005227603932977
0.0011093633344652
-0.0019447597122392
-0.0037119325231523
0.0060763804242861
0.0106611068335197
-0.0092820213484027
-0.0307846668580676
0.0641571780438876
-0.071879462116245
0.0903640363808953
-0.2164271652078604
0.7709445399233961
-1.0361848513451382
-3.005787787543101
1.769455189056609
7.199728741129503
2.519580472971128
-24.462816395518036
25.209076237022984
-10.704470834387562
3.221381104399242
-0.1656743932166547
0.8429991771297359
-0.1830694894519451
1.1371810760131762
-0.2070742710837667
-1.3624149373415249
1.7557052748177124

