-0.0478995536054379
-0.0623314591195249
-0.0018326623629458
-0.0276884349489628
-0.0069635306542204
0.008436007856805
0.0175359926988836
0.0105768892563425
0.0138056484567116
0.0357795120965419
0.055545044798363
0.0819220834396729
0.0975399269543643
0.029053824039248
0.0601652518085539
0.0404227200189543
0.0133499880400064
0.0567240280596021
0.1253479341733917
0.1203325985364421
0.179440596536224
0.2581561128593592
0.3057540507465911
0.1478403971258627
0.1258710179432983
0.1125486981586207
0.06209980892419
0.062953144717002
0.098357450322234
0.0937323172025206
0.1274026285201905
0.3182862245902543
0.1984372318545228
0.2925752458950826
0.2139457458328509
0.0982911427147577
0.2029154660887244
0.0930578276135969
-0.0799768117993637
-0.2244413562566395

0.3597575660077077
0.1865159973481426
0.1838759580517629
0.1104537435047223
0.0889801452487734
0.050333933551844
0.0453567988212391
0.0569313423636665
0.0937423242869775
0.1457840203530755
0.1829018560535407
0.2492494739704808
0.2585699995148758
0.1114139752278987
0.073074108940036
0.0818776600941231
0.1157539767485941
0.1496163011889068
0.183514844086029
0.2289558417794023
0.2974735050678165
0.4324072926679288
0.4745527403960494
0.2570163781558552
0.2119553175777405
0.1633875080981746
0.087735852302833
0.0569992413237185
0.0676313252356428
0.0916883344780946
0.1219991682267938
0.128579648282148
0.1851425788319241
0.2440501307175646
0.2658430037143413
0.1309111147448413
0.0544001941689859
0.0228622235386631
0.0702373695780053
0.253467015803203

-1.584851009583185
-0.7127698156663528
-0.9815394817224352
0.0913385190789469
-1.2337891494679498
0.2432102934388643
0.1241365961441738
-0.4253406500173941
-0.3781131784517536
-0.3253942355384004
-0.5301913577503888
-0.6200471978981181
-0.5689406047242762
-0.3655148175720413
-0.0660296483721842
-0.0307628338792989
-0.4750234063761508
-0.1351508386388411
-0.069418327894963
-0.6158341829457914
-0.4792977666697654
-0.8247137632916434
-0.979114363680254
-0.4225989817777167
-0.3221856101598671
-0.8603887064596536
0.1388222577009529
0.1466334655533384
-0.4472484229195482
-0.5303716347694095
-0.3429725308517886
-0.5692115351890569
-0.8682757939755295
-1.007979565022871
-1.280131664682419
-0.0017374608912929
-1.948596522573069
0.2971481295359947
2.247546318227178
-2.993236912116213

0.0155665490790034
-0.0142528856503873
0.0087074613776458
-0.003107727512739
0.0051879340021812
-0.0039926777917566
-0.0054983538835683
0.001805158573815
0.0050304309510932
-0.001284191264506
-0.0027320512042867
0.0024130282373708
0.0047620243897677
-0.0088429398270129
0.0099608514732639
0.0007117408352689
-0.0068921188160352
-0.0017932182805655
0.0048345477369012
0.0015797631300276
-0.0038437631956253
0.0009682048420715
0.0058876148555216
-0.0075886068008327
0.0063059266513832
0.0064439335782899
-0.0048860047727497
-0.0071042697457035
-0.0010554598726721
0.0049782175236307
0.0035986077789472
-0.002589843578918
-0.001560534235523
-0.0011289961550758
0.0070341156635051
0.0080181186870949
-0.0073416303136331
-0.0270572255507368
-0.0177116742409521
0.0497671501222925

