-0.3110246552523696
-0.1087233430567004
-0.0833679884384488
-0.0306934360543101
-0.0543992536518365
-0.161572268695872
-0.1538558935271447
-0.1650791874906399
-0.0971845792478983
-0.0927677849704357
-0.0488996818263762
0.0023747213588656
0.0193536823131161
0.0014054252008535
-0.0144257031047698
0.0034898910705747
0.0201734847549944
0.0415245443385711
0.0769476442796477
0.1159135763115891
0.0824874560280716
0.0351515606411343
0.0680381249056958
0.0541358376680622
0.046904276155745
0.0611103476489212
0.0930884175556123
0.1318405462805941
0.1836819599211012
0.2538432009217711
0.2318893681264777
0.1303235137805841
0.1537976606063048
0.0397968068012896
-0.0354649605586368
-0.0334547521376916
-0.0249912866266026
-0.0777081598231406
-0.0725417176958573
-0.3856670023329825

0.4152554991294844
-1.154321552324066
0.6228608223662112
1.0110741639338792
-0.753329045336279
0.5510538849114994
0.2101358636062951
0.4243159441374172
0.220765975209792
0.2250566451743518
0.0860694459768006
0.0731558641855092
0.2432985702713535
-0.1250046619637359
-0.0495012498304508
0.2033186879863359
0.1256392310197181
0.0408982527980465
0.2824521189288225
0.2822917263133867
0.2952164015520389
-0.0877796354992823
0.377646760119025
0.1520501115499384
0.0106226558923807
0.0224743087458126
0.2149764240121415
0.1425507544105854
0.1917000017141516
0.1836932667585122
0.1390295412036194
-0.0297013590052319
0.1214678527697609
0.0522439476588499
-0.0060355946793416
0.0285214317334856
0.037073415478915
0.1230869125286411
0.0217983609057159
0.1898357570343406

-1.71317581972251
1.748804946486627
-1.6680145806965734
-0.6642730871687264
0.4653524104037431
-1.112950762827037
-0.6487561218230847
-1.0147549234839304
-0.5441587281086554
-0.3138518428401323
-0.6266904120684158
-0.0373820992902921
-0.1923727210362918
0.2049761442941432
0.0690844937174315
-0.4829450488022149
-0.1060125390800872
-0.0257589901624483
-0.4232672528340133
-0.4209132340088307
-0.5339391455854464
0.2718521875676912
-0.7472599525993087
-0.2507277249932897
-0.0240701080939894
-0.188432878900021
-0.5392832490467271
-0.4177648571425841
-0.7317884317289932
-0.8221290315407539
-0.9121007264777696
0.0301354775477053
-0.8904220993821503
-0.2271955983058514
0.0479695878302842
-0.381761760296282
-0.1928775207369246
-0.97336872039983
-0.172229155010687
-1.4833814543516726

-0.0241737216112007
0.0327115639019367
-0.009461944002488
-0.0092920536562056
0.0082808916735916
-0.0028796646616565
0.000781571547591
-0.0004715847432291
0.0011192132588128
-0.0032330059244147
0.003761914743269
-0.0003947135150089
-0.001455429617467
0.0006256995193425
0.000281406735656
-0.0020773012155451
0.0033841482861888
-0.00265530201578
0.0012489503303562
0.0008052809497871
-0.0175460343028094
0.1332520334435534
-0.2536740993295917
-0.139875356388762
0.4504030843110664
0.3375574420583005
-1.3556318720212448
1.5426848190597504
-1.3211615316662964
1.4012691193029658
0.1486143234631774
0.5002128160862599
0.1859585309650006
0.1372113006815349
0.0481593979604396
0.2248920492564804
0.0640586745718775
0.5847637911069757
0.0808456447387178
0.8764160092244377

