-1.0957459147934767
0.4790252169081934
-0.3141761794711045
-0.3537131037660026
-0.3458866301537753
-0.4475239140648525
-0.1342885683958001
-0.2805697655344912
-0.2085976285002397
0.0664387194923596
0.0557511002989166
-0.0816481227869374
-0.2008921446957852
-0.1004283984061422
-0.0703342055309367
-0.1851418849125667
-0.1662013437779155
-0.2050934519404367
-0.0316340030879709
-0.1311994966519915
-0.146176056685592
0.0079404867746357
0.1071270518814592
0.0167541389710758
-0.1093876298902444
-0.0786316415102991
0.0062760460626349
-0.0986606711320267
-0.0784636884572404
-0.1090786548409905
-0.0353723120606388
0.0799694778889433
-0.0991249582783044
-0.1131415127746002
-0.1084365680739697
-0.1244506540899549
-0.0882156721528081
-0.3940655318988427
-0.2428954662276227
-0.7342967231960054

0.3653772374789172
0.035647173391839
0.0719134543750746
0.2520507776137641
0.3171138054672857
0.4008938846423749
0.2081935143021155
0.1712861047166282
0.1430544940362466
0.083985938650325
0.0795984951597053
0.1200689849149762
0.1796546028877275
0.2130686533053667
0.2433727080659498
0.3191558559353503
0.395693458938894
0.3826617856810015
0.1826872641877807
0.2242713014550335
0.1114934546363904
-0.0153691862144063
-0.0086022575382614
0.0715260163876622
0.1296196825246512
0.1327625718520596
0.1385035784446597
0.1906812041625168
0.2707144236409128
0.3057825803052251
0.156091424062873
0.1720206935714011
0.1247522460169052
0.0539937182587518
0.0600460592901181
0.1154046674484579
0.1592661593126408
0.2161416808092406
0.1972300644718594
0.4099112805575083

-2.1658709722406653
1.5014873386680958
-1.2647343127305894
-0.4398237796917843
-0.8831673500496476
-0.986050558834028
-0.362570455541725
-0.5318079769456678
-0.6609296890440475
0.1985940289039468
0.1933880869192988
-0.3223447132236902
-0.5132750613885219
-0.1991428853055847
-0.2848891999382568
-0.5345188004986856
-0.5350497464879425
-0.7232948161788822
-0.0318387299410307
-0.66208008246972
-0.4948310981234305
0.4925514162303573
0.2202048343712122
-0.5431431959797259
-0.5541476830387263
-0.0636450200910169
-0.4250347595935302
-0.6836407275382742
-0.7904840364019189
-1.0708181685772125
-0.2584941255412608
-0.8648259013440562
-0.582321008026812
0.3856061719657847
-0.2097388791675782
-0.883443960561737
-0.0670076391577312
-0.8783030701953921
-0.5711098912221207
-1.35162838836404

-0.0211526588892868
0.0249873156672919
-0.0109986163193104
0.0023921128867364
-0.0003527447060123
-7.51675674001007e-06
0.0003869927593777
-0.0016125811571663
0.0026362865894088
-0.0012505895637862
-0.0009878708598606
0.0011840357001666
0.0003628472995288
-0.0018533774111441
0.002382673919363
-0.00230605601
0.0027279285442268
-0.0057738761644937
0.0131868559069947
0.0100900663855725
-0.0658902326831436
-0.0343412276838747
0.0858980750763706
0.1343013009523633
-0.0822176052469843
-0.3511970198286099
0.5966792707245403
-0.5725419321111934
0.622008023918978
-1.1888845690394494
2.388400376979817
-2.252090768244351
1.4743432143917434
0.4054731695362158
-0.3090302683673311
0.1718824081501646
0.3388862933222096
0.4159143761974413
0.3360747289673456
0.8352335169407159

