-0.5231052244035471
0.1344679162796929
-0.1355409384185039
-0.247688538200478
-0.1881675329506648
-0.2368758475157745
-0.0605055569593864
-0.1572137235413803
-0.1064140647958494
0.0219410611181339
0.0584416725431246
0.0079201215978009
-0.0465765687185694
-0.0421566690121451
0.0121035799233741
0.0108866946558698
0.0267597884031995
0.0686417607078117
0.0158832622478847
0.0449751677193333
0.038210313280683
0.0168550277419568
0.0329710735940451
0.0613970458065476
0.0699426642217203
0.0640899637797512
0.1060304673283109
0.1590410747247633
0.2129949076933788
0.2481948849073709
0.0915557833508925
0.2582901363248081
0.0945862656254733
-0.0777816920099065
-0.0573145889561827
0.0382642694912793
0.0249414437764547
-0.1683002781053601
-0.0753485169203756
-0.3969392247734835

0.1544885263445675
-0.1095560647429673
0.2126597633669839
0.2572877202219309
0.2639951628313035
0.3828464504511439
0.1014390554752291
0.1669455333923272
0.3018692491300794
0.1147054379464803
-0.1089549009009681
0.026926084312123
0.195573196182812
0.1228729576348604
0.0933902524011627
0.1744282426300277
0.1977665832458622
0.2188123243319881
0.0741035659970036
0.1249715671846013
0.1055229037745233
0.0630497018799489
0.1012772716076049
0.1329108276783954
0.1213418491629824
0.0888929454596504
0.1511072518639124
0.210494821687778
0.2097603575564167
0.2013700260382713
0.058710941552625
-0.0028678090004898
0.0632158828985611
0.0427232713782865
0.0290586440700513
0.0388832392497536
0.0515349918323055
0.1006527559528921
0.0763008447184479
0.1818742455381176

-2.564094524924869
2.179324246157325
-1.813325998107654
-0.4395353227768059
-1.0061589125910664
-1.0727631769711752
-0.3813344190946029
-0.3419996412627863
-1.216149534565156
0.047793276647266
0.9065939032072344
-0.2614815704811674
-0.9777651567584982
0.107229321938736
-0.0998315692974392
-0.3982235868104857
-0.2564611151392433
-0.3363362355096461
-0.0827063887622976
-0.0257853902919327
-0.3400156831643727
-0.0585647884385229
-0.1263379943675207
-0.2915203790707763
-0.3265541969738585
-0.1903905189911642
-0.4600849674369052
-0.6290827214000704
-0.7643108717341932
-0.9119854650562764
-0.2958147157876029
-0.3390749178259507
-0.6425047853253727
0.150744960856308
-0.1540031018580822
-0.7211909369537504
-0.1256836454790419
-0.8786157412973804
-0.5701943696019897
-1.4215094765922998

-0.0124267964430815
0.0087773696856682
0.0011272161444954
-0.002714176892522
0.0012499467800424
-0.0004458631184141
0.0002357475555204
-0.000835886910116
0.0027037969440502
-0.0019511229141263
-0.0016720035525195
0.0013825079485041
0.0015514505498965
-0.0014606251164874
-0.0003666972900067
0.0014972520492853
-0.0027161529989881
0.007803045493482
-0.0296988693334662
0.0452780727312062
0.0572780022521688
-0.032007551203691
-0.1183712388452821
-0.0746193286062962
0.1685231000781437
0.2807207866834755
-0.691163108648882
0.7680050447741886
-0.8752871951023649
1.3995434361828922
-0.5522784675391931
1.0121040479895649
0.1612080516102971
-0.2572719387004625
0.0996333028200603
0.4404839443983842
0.131179254475246
0.4443841148463535
0.344626717285758
0.8309338947034501

