-0.4712590851262949
0.100641647734891
-0.1993900193056902
-0.1812765388447764
-0.220226789837339
-0.1411266437583522
-0.0598907080146322
-0.1993184689412033
0.0374422119425459
0.0458747624579463
-0.1183087113454597
-0.0784147562171523
-0.0518102080306068
-0.1023813193423602
-0.0924824961123857
-0.0826867152065262
0.000207493109706
-0.0938506495409495
0.0045585369664885
0.0604033429048038
-0.0257852142323479
-0.0264763028169818
0.0478514904646116
0.0112870632655766
0.0542854810976603
0.0431980359302348
0.0597436001963947
0.1716470403831686
-0.4958583477089219
-0.135883650248567
0.9625423840189234
-0.0140592040377677
-0.5263975059105657
0.0631143940928321
0.1600888645185476
-0.1991444002204158
-0.0519428808783258
-0.2924886058422973
0.1975685548149711
-0.5294328732039966

0.3148778440342039
0.1119017528159337
0.1533642012905439
0.2975567673759565
0.3787362787377071
0.2674981617119485
0.1776656560255064
0.1884574183718096
0.1038409042260459
0.1047688484068351
0.177534508262356
0.2445961573855693
0.3029439781486583
0.3960170878294426
0.4918655863096725
0.4185590262514703
0.197083121959898
0.2122454954004464
0.085921929710627
0.0137931427684577
0.0336837988836296
0.1114453284478965
0.1479469685181961
0.1607179163614372
0.2310824608875745
0.2472247397686327
0.1449519450506673
0.0940208801287726
0.0290196456056849
0.0245253084627676
0.0786158538051651
0.1026035804691666
0.1010270562540976
0.1153804825360982
0.1623335012675257
0.2272358619036602
0.3030624172963544
0.3240362482425675
0.0742878563792622
0.3827581519701239

-1.145902489245294
-0.1297252047454051
-0.6217338544284836
-0.8378795479871497
-0.9879029733621224
-0.6387893450949612
-0.427718990891357
-0.5825385060014115
-0.0620571108949958
-0.0348667973985791
-0.3551957709233617
-0.4727394637674366
-0.3980472015768174
-0.6191336176029855
-0.7064894952576616
-0.6528513880890804
-0.1663069986587832
-0.4148957606906011
-0.1566348211108262
-0.0190558107385105
-0.1046979007615685
-0.2954669839466624
-0.3258859757106394
-0.4369337952208708
-0.6410575196704489
-0.7539205760083347
-0.3723104760857893
-0.3534367130674854
-0.2074936234636443
0.0025146436787346
-0.2900037330119057
-0.377092375359147
-0.276659888633329
-0.346083469019739
-0.5454291413923117
-0.759145585730318
-0.9087840320641934
-1.158441738307906
-0.0055022235189356
-1.3939762035225227

-0.7969475457529339
0.9689653829899164
-0.4874790109883066
0.1633666584838702
-0.0588497956758394
0.0389991745929404
-0.0384967521938415
0.0173435655791795
0.0068859633859011
-0.0047162030704332
-0.0031327625243833
0.0015739276028638
0.0008335688596017
-0.0009502230994628
0.0009055099357319
-0.002019006106816
0.0038736244792914
0.0082422955662444
-0.0183162614324232
-0.0176335404167669
0.0303187593458145
0.0460796086586344
-0.1281844077811428
0.1612256754699564
-0.2207315172781718
0.5816402968302202
-2.770984326393811
8.963342963460036
0.4943989675180466
-31.268081915510752
30.88028375540421
0.9618153354034572
-9.003154844744255
-0.2758943200378273
3.5919036366747017
-1.153822389019077
0.9502496422047068
0.5294430320724286
-0.1986020639366556
1.1241530452759418

