0.2120589957723658
-0.4219503254363396
0.2432670038257164
-0.1076865176065979
0.0356007536564009
-0.02249873131082
0.032596152453276
-0.0106716310431193
-0.0328709873797949
0.0708191909582886
0.033062191671327
0.0035731491360069
0.0741059414075333
0.0881764043899496
0.1223148956145118
0.1617843823119117
0.0232248325863773
-0.0173371405731761
0.2789659350097175
-0.0425468325788476
0.0426045651035973
0.1584414689405481
0.132102711457158
0.2292840338089922
0.2812675326910723
0.3946760477983316
0.0149947676964612
0.4579678012123823
0.5623968131220752
-0.936199512183312
-0.755841968381374
2.196385210948758
-0.3362830576146176
-0.7036450448455788
0.6789182710911261
-0.0717328322597745
0.1800136421465396
-0.0216968272462311
0.2302729708749155
-0.25577802758206

0.2607506700066597
0.07139089705857
0.1159379474718123
0.2233634703895793
0.2293687451005292
0.1575352917952863
0.1215248559241695
0.0787315225698507
0.0157137367017449
0.05055475838033
0.0852951531470085
0.1060176708957294
0.1589933092810557
0.214280442105374
0.2989672122897349
0.3177818012014793
0.1271434904841601
0.195250436277866
0.163485272570586
0.1028262526446921
0.0781813456049638
0.1806484738709293
0.266320475733273
0.3207394137017015
0.4340493617751421
0.4606013462832765
0.2271098731770585
0.2409662725571419
0.1891986756726707
0.0544139510370882
-0.0221745012474368
-0.0377647310851774
0.0813698788254124
0.1603276928548503
0.1422741149982579
0.1603180949571235
0.2478100311695246
0.24780256640353
0.0707617148618879
0.2844638179518136

-1.6986830472177996
0.5557566231350939
-1.0094977817289936
-0.6988611076941429
-0.9678045925677116
-0.5110924583364186
-0.4744932520034141
-0.6114809486767143
0.3235059239886725
-0.0949137246830518
-0.4281687506611189
-0.2070682445301328
-0.3292621397661582
-0.4817669448768987
-0.5516815145899681
-0.6330980365703552
-0.1036925314732289
-0.6034432714768144
0.0078173908779951
-0.1707637324182979
-0.1351560090839298
-0.5113518206516234
-0.4191395439497206
-0.6954455930560265
-0.9167484783927734
-1.1314372774103163
-0.3996810972973734
-0.5875307571505963
-0.7674361449038286
0.1743111245245279
0.2159563550804623
-0.5016404547059615
-0.6127616711814768
-0.3876836719788024
-0.4718716356453417
-0.9191735026189152
-0.9655004156496132
-1.2539002493272515
-0.059074093275032
-1.376757639748828

-0.8132171812736377
0.9843225837768084
-0.4927434874878073
0.1643330838120051
-0.0588618881381165
0.038233596477206
-0.0358958037842302
0.0162763783504497
0.0033860302233425
-0.0048958158097662
0.0024831996360933
0.0024216610054197
-0.0110822309386466
0.0188788511862888
-0.035432100478058
0.1196739655862409
-0.5516036329072056
1.1760234949316029
0.4539729181395264
-2.20470850020714
-1.2799449127740754
6.354401774894494
-6.938666623101283
4.426030546812226
-0.9500701525135472
1.188492825863992
-0.2715882865050569
0.7915464012323015
0.341800763794826
-0.2759723288188967
-0.1610550594699619
0.2745228953679712
0.399551219478531
0.1532387352274314
0.163339654678507
0.5116634699728333
0.4009964652050982
0.7554162803850482
-0.3695313205590441
1.2207488009636325

