-0.525803691184481
0.1327093175187256
-0.3481949123700539
-0.1374900054839026
-0.0756619954274138
-0.2259173838078308
-0.004613770213818
0.0690616234802517
-0.0867030860081541
-0.0987012434669735
-0.0669331257515832
-0.0872439401372855
-0.0225403151538325
-0.0455721733139778
-0.0585557442501159
0.0203956094145708
0.0184000940891521
0.0082679377146103
0.0813170973691188
0.0424070291198952
0.0230975103387156
0.1167186338206051
0.1282588127523239
0.1829605659702633
0.1264812588002091
0.0556680395150643
0.1359690036591511
0.0294026784857024
-0.0118450492045861
0.0966049904494173
0.2336390603076642
0.0386224642918905
0.1595461149707798
0.1120649813895652
0.0778903309597494
0.0033553909226567
-0.0163368925429398
0.1094386393144474
0.1939930585662617
-0.6888354113267867

0.1627539693678997
-0.0114710082965285
0.1971244101106653
0.3227951101937165
-0.1320205571592144
0.2676335830177557
0.1430532033855074
0.0816157059985493
0.1539977098809836
0.2770713236795994
0.2915348109873444
0.3392991467171132
0.2935869560867111
-0.2502026757626966
0.6417999227107954
0.6012245556004938
-0.4538566672073253
-1.440319502417574
1.1296230325763714
0.7828506518272482
-0.6563229721834397
0.547748024547262
0.2305357863900449
0.4102399022251244
0.2219135500829122
0.209896525102172
0.194251509771776
-0.1534089911619724
0.1572429863533149
0.3149009770833487
-0.39103547850655
0.2913748358604165
0.0280125262518058
0.1348679081731931
0.1369600457213713
-0.0463159223552085
0.2940994833958036
-0.0228547474444689
-0.3245404543434225
0.3898809068110242

-1.7392906632183966
0.5228629658730997
-1.2602504281594054
-0.7021953189764691
0.1930286870766136
-1.4881430512214555
-0.1057517211199697
0.6140008248171676
-0.9105902508510804
-0.4309059058863289
-0.6689702598766528
-0.6892724042035492
-0.5727289189552017
0.3561446789782995
-0.8624056190864505
-1.3115064858868228
0.3520528294361155
2.9986676805847985
-1.4555782746198676
-1.8382784076036511
1.1616485070840603
-0.8674286559837059
-0.5056211970236836
-0.7842108228748211
-0.587979802655088
-0.1301254141199572
-0.6698890639901617
0.0884614447331304
-0.2651418621144703
-0.5691145295506483
0.0547344135648017
-0.6940496127568236
-0.6680733586099644
-0.88614039300639
-1.09076539856835
0.3922443308182294
-2.2230340641262343
0.1277942586623924
2.451182796435734
-2.974126169362554

-0.0008243351821283
0.0001570560313831
-7.340699407168077e-05
0.0004709902635552
-0.0014937234992315
0.0022892876290816
0.000105187025235
-0.003035482597176
0.0027167567527814
-0.0010746702260351
0.000116970683384
0.0004158849052327
-0.0009053520863039
-0.003355345016827
0.0145813554053084
0.0003580316431246
-0.0161825787857469
-0.013258472449177
0.0146304153980379
0.0324089223204179
-0.0470336874085262
0.0221868521848535
0.0058412664619612
-0.0565355913092551
0.4531379091456064
-3.2286637888590484
7.010964375951506
4.208261087042856
-25.201767470099085
25.8978934055725
-9.726683066770706
1.2528137618101496
0.902348622546838
0.2821470710347425
0.7742990654603429
-0.3938972362599995
1.4915868627949964
-0.1333538331824848
-1.5822633238227393
1.8535112243139729

