-0.9700742540257526
0.2975579194298213
-0.5878943680681038
-0.2213765421220809
0.0453698244129494
-0.5818698182050317
-0.106112860927551
0.3227757420320669
-0.3655730853592706
-0.1937016571724704
-0.2661408275870482
-0.328570133674745
-0.1713728602475751
-0.0475510087302425
-0.5074428978130071
0.0830623101322716
0.3831353404938072
-0.0671432921391649
-0.299627736172241
-0.0571183022686975
0.0542689306976955
-0.1476913969140861
-0.0813292888839863
-0.1201447201240575
-0.067089764338427
-0.0702318605912125
-0.0007745598350421
0.0457117199574355
-0.1692661670448041
-0.0738173836328029
0.2194865829575569
-0.2651274140910106
-0.0958860129752659
-0.2387749812920749
-0.3335016816145832
0.1742984470458558
-0.833663957506097
0.0447130631704527
1.1425795965727197
-1.5454832612054827

0.4586667309972345
-0.0805413098629044
0.3035972302946238
0.2231399222705551
-0.1052033336418991
0.2690998928823822
0.3038636103288836
-0.0103014249035032
0.1380752188184329
0.3876787330734846
0.377258999238082
0.5356157737171228
0.2932391448309281
0.1382248508338692
0.4631191587845137
0.161615311042563
-0.1735867968998703
-0.0782082709483451
0.181972120301574
0.2491994963520702
0.0879642170491483
0.1822889419571901
0.2735388796888097
0.3141295640309281
0.1929548187453129
0.1289905038383486
0.2587022763264776
-0.0362550377315184
-0.0953005131273874
0.1784338809157921
0.2511481453888854
0.1138229764334117
0.2814201607303394
0.3308147814533387
0.3121973058311372
0.1124084968583583
0.3375167269061525
-0.0599871024621799
-0.2337143869637178
0.5398763502438702

-1.613323880227209
0.414315967495717
-1.072693330628625
-0.612474672620423
0.30511857381776
-1.2959275280160836
-0.4768210700226472
0.8038614715219029
-0.8674310385775887
-0.5062546938024799
-0.69014270967081
-0.8540113110884343
-0.5127888409024365
0.0864722695278835
-1.659679697249717
0.2986644173763907
1.1266360563657167
-0.2100286576316338
-0.9460819853950068
-0.2872331140416207
0.1340910089961535
-0.6525570410981395
-0.5327700106504303
-0.7565384512182699
-0.6271165858055361
0.1656592557805901
-1.1704466189825993
0.0329114902828336
0.3404336418371963
-0.4815038329067039
-0.9307623186601982
-0.2372116025383493
-0.992639523717962
-0.9590964687735078
-1.2098304574656544
0.3806018870313624
-2.3241557712341345
0.1966089756184742
2.359395506099948
-2.808877381685928

-0.0008162512180294
0.0001577670768261
-7.455268387948722e-05
0.0004596574264309
-0.0014492440615401
0.0022631997972868
-7.479936364368228e-06
-0.0030181057457241
0.0030625242348178
-0.0016767699598085
0.0009226036212101
-0.0011900954837072
0.0039104139971318
-0.0104040743827034
0.0009837810272126
0.0100414162083282
0.011933028405175
-0.0031399953372029
-0.0299808630641575
-0.0143922827751651
0.0946432836935086
-0.1282902994461781
0.1482446121495484
-0.272486307457495
0.8542389206331739
-1.7785288746022423
-2.073868771911624
6.117196014916962
5.793811104824027
-22.50149828640206
21.316282671976083
-9.124336049805953
3.18375554437406
-0.2396609872696491
0.971346611536652
-0.5360568362193747
1.5449733742199294
-0.0984838862718036
-1.593927618698712
1.839965567513386

