0.7892590893073604
-1.178616150130818
0.7317647424023036
-0.0802849173218442
0.0684937117258761
0.1179119675374147
0.1221969716409588
0.0487219547541417
0.0052780158283775
0.1780849699987469
-0.0243360081482202
-0.1090259362438241
0.1197508586959075
0.1337773523094101
0.0129939943751811
0.1257037519967827
0.1801446634873529
0.231821246832735
0.3214785084477206
0.0920807431167328
0.1957496477575881
0.195168762966725
-0.0594945498319436
0.0949902101454298
0.217992233501327
0.1935606768663628
0.2464974649144687
0.4245867978113238
0.4288265680346055
0.6105089774058851
-0.7537532813797375
1.7472976679808638
-0.2706192383112858
-0.5946001732444189
0.3622006345998401
0.4089488852491825
-0.0834397725946141
0.2498568790068425
0.1323352787497045
0.1305244382747763

0.3234320449394793
0.0358661265091706
-0.0058849575047048
0.1363257609983133
0.1825117991886093
0.1939265258525475
0.2243652178051275
0.0885320912866259
0.0827598395886361
0.0946376508161766
0.027680523013754
-0.0078490779849098
0.0645206295628345
0.0834903846915374
0.0595895072849458
0.1588681350365182
0.2307148015770594
0.3074171750076433
0.350390192385406
0.1900342581591156
0.1344510246754057
0.1271815932544518
0.0934307742158106
0.103702804495522
0.1413772251738928
0.1866805239336277
0.229156213674699
0.3053729980213207
0.3474197788244317
0.244617616392565
0.158855214936977
0.0792044022162922
0.0321906433870953
0.0488351981986608
0.096546220561407
0.1265561726469597
0.1317918463033252
0.217438338622774
0.2135726367961113
0.3403390648478182

-2.642288490213277
1.4177857093305526
-0.1104705052813717
-1.1563975693380864
-0.317797656932451
-0.8525978182726606
-0.8043566364415253
-0.1830304220932738
-0.4537017294289607
-0.9269623762883754
0.4131594494383984
0.9285238586863598
-0.8156166608310209
-0.785836695151168
0.7032958871287611
-0.6298149053739005
-0.3195556427867813
-0.5100900410218032
-0.5819683500149395
-0.3360046792210408
-0.0576720867620204
-0.5349103610447195
-0.0722312104196425
-0.1123424124350916
-0.4137060197328933
-0.453062798106973
-0.542013633449486
-0.8560884415564578
-0.9826161788621496
-0.9346611264757424
0.1859776132793415
-1.3908695507832578
0.0419410403304698
0.2740127408445018
-0.5766853031661319
-0.7899775362723305
-0.2986529425067977
-1.0576300704770536
-0.891715133528218
-1.4424253369265976

-0.2651220400879236
0.2709724197369758
-0.0164733299847518
-0.0768180357114605
0.0436718176286528
-0.0161134475704309
0.0083084608197233
-0.0121447658310317
0.0166817641809275
0.0114645035143055
-0.0142916414754911
-0.0280690435411898
-0.0079610820303755
0.0462463424529327
0.0491375357741865
-0.1646387629906296
0.2106329098041519
-0.2815416898187936
0.6815262727465365
-2.7045657422240943
6.444938120782031
3.97476734559013
-27.063968128816384
27.251571867661976
-6.1601371058056165
-3.822788996495643
3.41565250128086
-0.5945904098886717
0.9186076906393758
0.3021156137024973
0.1444906289152905
0.652586430165771
-0.0966602658585835
-0.1447304017797872
0.333190339376107
0.4185068645627132
0.1058561261158301
0.5794344689115891
0.4145207221221089
0.839998019515724

