-0.0404224244665909
-0.0843932315189805
0.0168700019602419
0.0056952712254306
-0.012989388388001
0.0012054262767363
0.0197679433633071
0.0090291197086986
0.0100699039228831
0.0351317855564678
0.0504155490293626
0.0738784284465093
0.1007523723130045
0.038947659384024
0.0586569471530231
0.038398218064649
-0.0292798441640845
0.016533703544888
0.1278152344141783
0.0965177992512268
0.0786017090271982
0.1247735961645564
0.2121366898408984
0.2655113058197025
0.3261907028870107
0.1233697753416066
0.1665974119410935
0.1718271822325859
0.0856733393167596
0.0066376424734187
0.0851505093516975
0.4059252364602819
0.1165593712901908
0.2756535423202119
0.2507186583252236
0.1162253014939033
0.1406028578022947
0.122951406100919
-0.0391661657204033
-0.2017910396278657

0.3908949885144283
0.0234949505596895
0.1826902683653893
0.1260679968331749
-0.0039308639731854
-0.0019925213805035
0.0720897995852221
0.0671636680542948
0.0707449272152604
0.1394559645093826
0.1640780575507229
0.2216108771387493
0.2651465070104924
0.1536662669726897
-0.006207878359314
0.0492699679858928
0.1324890648896033
0.1562590962628725
0.1452518970914924
0.119351422327924
0.0884505943416365
0.2618285494277597
0.3222364358822533
0.4101904380327316
0.4579909003942881
0.189756629298303
0.2658461844281973
0.1840378532225301
0.0351649453025706
0.0159281824317222
0.1265407519300828
0.1244423115903203
0.1662696845475321
0.2280255823987093
0.2690166301060336
0.2140114951057913
0.1308613430922648
0.0206981741470656
-0.0507090326469569
0.3676138227002574

-1.810712490954108
0.2755735813531789
-1.5377025709023635
-0.6107906550763883
0.7805500691140078
0.3233792403032698
-0.8000094430410875
-0.5157531389235069
0.1548153525266202
-0.4952315297018859
-0.4431328950382064
-0.5713410245952342
-0.5768220226975809
-0.4397226406469927
0.2566098259929721
-0.3931196484103092
-0.6785389687261721
0.2526603127422137
0.4201309078377376
-0.8746639895668076
-0.2089412407399378
-0.331807027705848
-0.7085750801353929
-0.8065945611786536
-1.0523708649207684
-0.3288927750739881
-0.5514797674076859
-0.7300519732263548
0.1133216943053867
-0.038641658220251
-0.6832185585953148
-0.574192770349629
-0.6549868460673495
-1.0183501713446217
-1.2376707405580458
-0.8022423494230455
-0.6686093318458569
-1.2954679978126218
2.544380834733025
-2.842274276147102

0.0200917789643939
-0.028062680423466
0.0148703623878402
0.0116769657385604
-0.0036777757795636
-0.0083003389774476
-0.0030080942150355
0.0037053847145679
0.0037316177585758
-0.001809541200676
-0.0019875081258013
0.0007291928999077
0.0051528821348992
-0.0095427695213681
0.007750508715325
0.0066940677144002
-0.0045417920916987
-0.0070556082142811
-0.0014491883335495
0.0045574712384245
0.0037004713396863
-0.0022685468448599
-0.0022450656961111
0.0008779108190856
0.0045425148409336
-0.00768735420678
0.0069051521073371
0.0041955765949433
-0.0060021839596382
-0.0043572504660815
0.0033674826728022
0.0036603372908246
-0.0029144751941487
-0.000301855509951
-0.0010552782897946
0.0134341250291883
-0.0006868529046927
-0.0222612336344922
-0.0270228689129373
0.0490845830436998

