0.2105538691398717
-0.0786914506161704
0.1312438172193339
0.0745320885777183
0.008877748898859
0.0675652254630798
0.0543092008825244
0.0114658987975257
0.047165961759748
0.1102888577788151
0.1262086763453755
0.1702525498847546
0.1129893713044723
0.0681518310562735
0.0684369613384488
0.0305926400678855
0.0130589390756605
0.057202611560103
0.1235202427868218
0.1290933158396573
0.1447288862672771
0.2159014157350473
0.3132420158771223
0.3914672842390571
0.2655029347312492
0.1574603556929768
0.1755704700542347
0.1157549816278309
0.1005526889760403
0.1276919036744391
0.2181572593243086
0.3595236342768383
0.3355345050230414
0.4363314530331146
0.3366939160253169
0.2064171480184959
0.1940882215313507
0.0220960765544181
-0.0570057037658295
0.0664452822155612

0.4437475647732954
-0.1066912687427914
0.2779567014137051
0.148157184285937
0.0056201878345324
0.2079129994768614
0.1245327739439966
-0.0771258068818741
0.063834656828427
0.1964119502208905
0.1575144965445516
0.2144666278463733
0.1573248620528348
0.1487124442538304
-0.1097551068611478
-0.0150864376963242
0.1927183288511385
0.1758131431593018
0.0889852772614045
0.0995090169565883
0.1137972220058666
0.2891389628324795
0.3062511770726426
0.4090135104770633
0.2537692215650441
0.1579166404052415
0.2329823444467413
0.0609663702342727
0.010135702838623
0.0782820146072586
0.1775349081404637
0.1098235338429471
0.2135039101421138
0.2639430116550326
0.2397007393021071
0.1123151321925528
0.2421636722060537
-0.065882403097269
-0.177337058074034
0.4812394427309838

-2.075299177016827
0.6956858204398365
-1.3454197044174414
-0.4956404886420572
0.0995268974794182
-1.422644277553946
-0.1742254578452836
0.923798284146791
-0.8909661199925213
-0.3237623447541838
-0.4902080998073373
-0.5999834387469108
-0.1970801250518161
-0.8878053399429721
0.8222773208239108
0.0634813947587479
-1.05560856201164
0.0177328423275449
0.5425383789518404
-0.7818187747965147
-0.1448353895840484
-0.4859263702391218
-0.663483098822372
-0.8130666835198334
-0.6872211898019154
0.0757984767457117
-1.0408790566384052
-0.0369152649917023
0.1282998309867361
-0.4436206197685327
-0.645325869901555
-0.4273363927578594
-0.9218000948638748
-0.9966059365045644
-1.262013390532745
0.4430009699593328
-2.5379536880459823
0.2026450308858682
2.72250743913296
-3.3140797487144225

-0.0008058762846748
0.0001827223478257
-0.000163638314396
0.0007208217679773
-0.0020128638588824
0.0023079111965057
0.0011265818991265
-0.0026103190593192
-0.0005950694337716
0.0035629887907425
-0.0052826689502417
0.0102013439817053
-0.027396358282485
0.0189157725650284
0.1370189523099786
-0.0416064412072274
-0.2351093889063135
-0.1322908902294374
0.3419503620744719
0.4631136011489248
-1.1999676652199789
1.229163238810502
-1.1309374301502932
1.4384913246625088
-0.2817669415048686
0.8488698001014747
0.1542413049515131
-0.1807394170637842
0.0602693136015619
0.3914857704294876
0.2317034423794965
0.2433708420098475
0.4857341983828082
0.5122589958125997
0.6409253812437846
-0.2150778142042198
1.3009030291097716
-0.1276493476160911
-1.4384331410471414
1.7719554821302022

