-0.7201846005850687
-0.1136159561792819
-0.4859093823166942
-0.4273324289304737
-0.2068645451562647
-0.2258757059485638
-0.1675444256997306
-0.0319628551446753
0.0050267999724929
-0.0529423547298463
-0.1293428789681762
-0.1447710327764143
-0.1399654821396706
-0.1843716785522456
-0.2328750906314391
-0.2169699366485988
-0.0889066462755929
-0.1078933201231406
-0.0722138708639249
-0.0177365001256954
-0.0076695924921145
-0.014738827116827
-0.0270911664996746
-0.0515188137204771
-0.0584218702063015
-0.0633148622629053
-0.1029914216196452
-0.0798358540998279
-0.1041654315472133
-0.0696899548895607
0.1410741812055169
-0.0070018764133799
-0.1342755119924263
-0.127895804987547
-0.112167701144276
-0.214223807316814
-0.3076394916001692
-0.483933486190196
-0.1397905527725683
-0.6982616415035717

0.3428393894784505
0.1171324089402695
0.2840653851486414
0.3205231178979628
0.160229925854425
0.1401501276526415
0.1417268961062692
0.0872789211045889
0.0709141804382558
0.1083663544613349
0.1620083839464973
0.2091903752784749
0.2640160998154982
0.3509507975125772
0.4580281953474426
0.442099229209348
0.2287119427471302
0.2041911052818785
0.1349851152351698
0.0458198495942338
0.0021006792369089
0.0261469299278706
0.0967222193560699
0.1505524015197114
0.1623397922964867
0.1942977206203204
0.2742435726932645
0.288415204073801
0.1318333313759041
0.1267207109464785
0.129929698060978
0.0836051393999997
0.0733195318009273
0.1120684242919851
0.162566844793234
0.2021392316153124
0.2715509271877568
0.3332846520372974
0.1621943579709262
0.3560283360764969

-1.2760872398168084
-0.1831847236500808
-1.0113288014687265
-0.917796962183619
-0.3983576817943831
-0.4937481824859895
-0.5603877928191107
-0.0029759422119481
0.1241856034921778
-0.1929400302865808
-0.4322677575116289
-0.3637899785151401
-0.3000187342731201
-0.5770068415992244
-0.6340047217578775
-0.7037779346303641
-0.1817726257504978
-0.3757264862179623
-0.3442720964478876
-0.0506126220764297
0.0898456454944183
-0.0626935744037244
-0.3514878823586581
-0.3916845746547939
-0.2986422276094288
-0.6086268991117553
-0.748576964591746
-0.9374147231488156
-0.3478149779205153
-0.2959565705898576
-0.7244127779587164
-0.2241924110408003
-0.0273667027493406
-0.3989797457333249
-0.6057506719312995
-0.607205023378765
-0.8302141086095581
-1.1245132585548077
-0.415896646371638
-1.2320839574581122

-0.0752521278780806
0.0622161762079012
-0.0253569424306101
0.0103553681705706
-0.0090953788857874
0.0092392561962696
-0.0009727012719985
-0.0043945581401106
-0.000909833998776
0.0027032983636646
0.0011689583495217
-0.0021305528449444
0.001131956759885
-0.0009307424204435
0.0015569881635928
-0.0043822906334617
0.0160937165180633
-0.0228859919908758
-0.0353042834810088
0.0130250511418078
0.0742198407185951
0.054124727303865
-0.1096423509020779
-0.1894448325947501
0.475399891743613
-0.5574028477171894
0.7117185010503241
-1.7005234821392623
7.021084322145053
-21.93848268510177
24.764304397326423
-4.216420441060047
-6.913567872746726
1.9660967337265471
2.6217781614938005
-1.261283834949295
0.997891939064536
0.4862535024978165
0.2568150568631262
0.7939773055198526

