0.2057530390456002
-0.0560961310953363
0.1573654729787687
0.1031139592221436
0.0607542990116405
0.017036830863284
0.187900797390827
-0.0860574553493492
-0.111821853896606
0.1468085483125663
0.1163786247147044
-0.0120681238850776
0.1104745330098717
0.143544596423738
0.1790276096536873
0.2394406698753418
0.101595893395372
-0.0893894379395066
0.3937415283283421
0.0465737572864478
-0.0789406849756092
0.019458712363243
0.2061217844189259
0.2004224303956757
0.1358693054015745
0.3163716226719479
0.3935358498724172
0.426295718491767
0.3329256985618098
0.0061864908222393
-0.2690479890665822
1.3066159228281242
-0.4282942411503154
-0.1934946893456749
0.5604952196876795
0.041986781823435
0.2688739911317436
0.2057934907988475
0.1488092785699233
0.0812011476573713

0.3544082272790798
0.0487563514143002
0.2655466690908162
0.2424113032527963
0.1097202339926913
0.140652113842811
0.1182127822165683
-0.0125627827482604
-0.0430060989347456
0.0653832361229712
0.1002167421579393
0.0751095588773482
0.1170780955162499
0.1639146577344603
0.2162852479249858
0.2861231279388393
0.1005865593317624
0.16772672193119
0.1746657691770896
0.0750659971073259
-0.035887169237116
0.060304456962393
0.1666466866707212
0.1910123182550274
0.1784101626017273
0.2569455534126409
0.3448551508966355
0.3389882759471087
0.1770426859480169
0.217036653202947
0.0988635503242761
-0.0560882231892348
0.0307733501434724
0.1388144978315711
0.1480775240577133
0.1429511668490238
0.215589392144738
0.2893726881402259
0.1064446825078501
0.3349875290875617

-1.6052831437109156
-0.1183493749566999
-1.1566076657715918
-0.9553634040870096
-0.3997899928297114
-0.6258873658499845
-0.5257611688456063
0.1512590193155308
0.2779351287368007
-0.2545451168378997
-0.3992031456228886
-0.1478688255894568
-0.2246948898893584
-0.3836609363530584
-0.4118494523357666
-0.5205831603324226
-0.2013481744394027
-0.3315947412636204
-0.1261218636346143
-0.1083591242122555
0.0838131965236554
-0.2283557918720893
-0.3935487872892052
-0.3253305465793765
-0.3680986324074964
-0.6674131219952926
-0.817380533863283
-0.9832054131749588
-0.3835145033083227
-0.5460413546331037
-0.4104363540831696
-0.0976683559039612
-0.182495843518406
-0.4716731303247258
-0.5500481268019478
-0.6746806929917135
-0.8940819340336501
-1.2598572412146605
-0.4387629823867185
-1.4561434602550014

-0.0771585999490564
0.0636378383335716
-0.0257240609066395
0.0099247627558762
-0.0067078056421251
0.00488891090698
-0.0059332375799754
-0.0007068300476437
0.0105308933874286
0.008690909554008
-0.0167417413734021
-0.0271196589395373
0.0718847487336683
-0.0881135639591178
0.1184774836481037
-0.2902605103083042
1.04624091989449
-1.6117126190849598
-2.8016084158242607
2.179022204005717
7.245034236117651
2.1308188058442767
-24.712851358417403
25.682553704390823
-10.811630570073602
3.124143507231429
-0.099020082280515
0.7745459283741112
0.0495177048278754
0.4400583500547916
0.3625362879365726
-0.1950543933429952
0.0684776647183125
0.4291857446902375
0.1551579099880475
0.3879026619889743
0.4355812352119119
0.6640900015810761
0.1726373361596405
0.8363927742288647

