-0.0207637365739437
-0.0819479961721217
0.0194043259983538
-0.0358726330900552
-0.0066285438897483
0.0138206303861747
0.0132043159064988
0.015391957515995
0.0297799176093626
0.0451803653409042
0.0750471298465247
0.0455633406987865
0.0269856748391501
0.0428529179687015
0.0216262553978172
0.0116835635997293
0.0200922336711388
0.0632533516163602
0.1112970004588008
0.1100763449885257
0.1528553871194741
0.2301741881688369
0.2899229023664341
0.2012802358165965
0.1189290551108226
0.1219462725115544
0.081577795119352
0.0817750655036325
0.130988077124803
0.1680088776209684
0.2117664506295816
0.354080507728173
0.3562857404695098
0.2717898731104853
0.1620551283257608
0.1554874116450222
0.0308287490341504
-0.0518893949946985
-0.0591528214190802
-0.0393119915699884

0.3803905136344433
0.0382278086698969
0.237229123503651
0.0232573999967483
0.1541636608041533
0.0914852724723356
0.0100388361386345
0.0695827643143308
0.168897748492446
0.1897835938752435
0.2517728402177078
0.1286494139878802
0.1640954889150059
0.1276370205770535
-0.1212637422874114
-0.0101117683906182
0.1888216773925513
0.216490190087876
0.1457259679842334
0.1623478011382642
0.2709644216571748
0.3818387878024874
0.4612156286141983
0.3029163085306633
0.1995307588749151
0.2388104509994309
0.0781052253644023
0.0382223993408598
0.1219578729219089
0.1632393300057318
0.1750346556459094
0.1952998649448241
0.2755654707900198
0.2509973651266939
0.0789992701362136
0.2248435724332707
0.0969222857336625
-0.0836061041832488
-0.0821065235235606
0.4521561669303996

-1.8334004273847224
0.1827140237754245
-1.5883735587537255
1.0263783282642762
-2.0311287007473457
-0.1306651200639126
0.9277584209079942
-0.909211792238987
-0.3847147437414713
-0.5540928147647994
-0.7350462850500961
-0.2179103687794313
-0.4406506799164673
-1.2877502164581998
1.5984341946293803
0.2958160014015425
-1.3238816449122373
-0.4078603425257109
0.488776463461524
-0.6809141182867756
-0.4403700649767654
-0.7266672701071899
-0.8892756193860918
-0.7455857511712388
0.0761984109581559
-1.1712504331104625
0.0176658731524936
0.163950474135843
-0.6068876576737255
-0.6303591267116896
-0.4632151758064521
-1.0125897497145904
-1.0713166857726268
-1.3231644954374804
0.1459002279284325
-1.2139808925297872
-0.9770804846282322
0.2291584862599657
1.5950297634670456
-2.747317899105926

0.0243583051808051
-0.030335262795522
0.0178950139205848
-0.0115683948108596
0.0112534557570553
0.0034947358504273
-0.0120947224312156
-0.0009985210608631
0.007779007210644
-0.0049533535208884
0.0040582601988484
-0.0031455649302233
-0.0007035155708026
0.0087625247542026
-0.0013215787591495
-0.0068521580001914
-0.0032795140677379
0.0031603888163045
0.0046291139475535
-0.0007642398102016
-0.0029367709260265
0.0002754491242312
0.0029157218138566
-0.0023562483938489
-0.0006648127841657
0.0071176751897245
-0.003210549815228
-0.0055297373740821
0.0012700679165797
0.0043963566233389
-0.0013668124044581
-0.0019805538035951
0.0022091311890487
-0.0020846349636832
-0.0016216588557501
0.0271755583502951
0.0029282288503378
-0.0318835781033646
-0.0344200982612422
0.0535602817320946

