-0.4521406447422897
-0.037654649967831
-0.2894339204898794
-0.0309976367574877
-0.2994703600854292
0.010073498376481
0.1353042378144524
-0.157899933679398
-0.0942837273171989
-0.0915727698295857
-0.1060558880645891
-0.0434394585100786
-0.0394922895356279
-0.055016981839915
-0.0293781091310369
0.0568036261281777
0.0310903699532965
-0.0133969549781753
0.0600715699325508
0.052027881242029
0.078485810000871
0.1240332479139253
0.1641633737856982
0.1222371951309196
0.0407716272701454
0.1356234757272196
0.0236998005829132
0.0207678263048639
0.0899408670746068
0.1217347208076153
0.1717060117864569
0.1500360989431792
0.1868252617930473
0.0915197143258743
0.1160154834166056
0.0766409106726499
-0.196054499522796
-0.008532552813151
0.3374415204089951
-0.677230750106897

0.1484085858094657
0.0603762390392542
0.1644786251328651
0.1141507335465851
0.171883400420659
0.0725109230455793
0.0291415067498463
0.2161287377341612
0.2696819461350541
0.3116586177671527
0.3800730355660764
0.1791684169759651
0.1938904922586934
0.2188472631094192
0.0758058111297677
-0.011521607253181
-0.1104010232459703
-0.1532552934556826
0.3160632655419789
0.2294845508850006
0.1117298714648171
0.33805888117409
0.3740629246101231
0.2342083112551994
0.2220998846891258
0.1905326036347158
-0.0155182098219829
0.0157262232562567
0.1369960719765661
0.1207933875641126
-0.0271166431135922
0.117935359905099
0.1113706326462213
0.1240932153493195
0.0204827887444291
0.1221484979547606
0.0605202413934122
-0.0473981802377977
-0.0612491491506443
0.2401696153926103

-1.5125860946796823
0.0410831106611011
-1.413919559352984
0.7878004455794675
-2.020196741768689
-0.1125739342583649
1.008303189467657
-1.1990405499665788
-0.3980637667752709
-0.7317360334115585
-0.789133299786767
-0.4387850054676169
-0.287352472179898
-0.5175049348507295
0.2205229686002763
-0.5427573614912353
-0.1897266270556377
1.7409518108231925
-1.4635163270243976
-0.2093488192987232
-0.1212349018118411
-0.661021417767307
-0.6625391103901082
-0.5962996417524112
0.0158722292900406
-1.0082430001755551
0.21069098609095
0.0841125032988649
-0.64239348625305
-0.4539525870100259
-0.228837949893554
-0.8138760201188634
-0.8028790041080504
-1.071849640422378
0.1449856158731726
-0.908577459086453
-0.9482802838864904
0.1147743692908579
1.5245710314421448
-2.4871319409246517

-0.0029454040221819
0.001846432866664
-0.0002342806417462
-0.0020142421221043
0.0042639552523547
-0.0012490103708356
-0.0037523936804615
0.00417055001951
-0.0022055592899991
0.0010871475792319
-0.0012405373576119
0.003924858591216
-0.0103834137682403
0.0009612820091907
0.0100284360410639
0.0119305763344406
-0.0031323065632501
-0.0299607279104489
-0.0143802953142808
0.0945862352345547
-0.1282398334455228
0.1482223227751819
-0.2725053490622564
0.8545169791961182
-1.7801900249692757
-2.071515594420465
6.119056479916699
5.790396925930485
-22.505342242598307
21.325584633791543
-9.131391719201526
3.186563748958741
-0.2389700774817855
0.9567130362598356
-0.3607976414025639
0.7333342504934819
0.5517454916918644
-0.1289839285400308
-0.9562932277059046
1.5240097939371813

