-1.02480709248338
0.2094581683883428
0.1256059083609873
-0.501938570990422
-0.2288365073383922
-0.4147922892676557
-0.3740345090576491
-0.0989487035072295
-0.3034202937543782
-0.0751267802609349
0.0311690502991908
-0.0714118339350155
-0.1894330983294418
-0.1222288699142266
-0.1690788082703778
-0.2109368814410851
-0.2153585033102528
-0.0804901523520046
-0.1194163421622489
-0.0909494580417453
-0.0173574921407428
0.0202597111305189
0.0174360561779827
-0.049793566694049
-0.075240179211027
-0.0350197043175152
-0.0705090716524403
-0.1055741843625509
-0.0682633196541174
-0.1778709003221482
0.221125875089959
0.0471486775252784
-0.1495785676397698
-0.1728972708104437
-0.0948266457191886
-0.000379067431371
-0.0676792479550767
-0.4598504152948371
-0.0228462557911137
-0.7757334578140412

0.3471857241868611
0.0632807376833048
0.0180106100846173
0.1811564235695889
0.291406329067577
0.3720996372693341
0.3937302523111348
0.1644475954120937
0.1935438955172523
0.144150413684712
0.1066527597267177
0.1405581192522935
0.2172916238075705
0.2762832488160124
0.3392311554908364
0.4416867755899751
0.4407113559663052
0.2230173220179154
0.2237288167743354
0.145531732420774
0.0120297773902536
-0.0252880328191212
0.0447919846025581
0.1302681408716086
0.1531881636787204
0.1420122842388226
0.2011745893732593
0.2713665638569039
0.2903441981678795
0.1161196628887832
0.1632448068016043
0.1375856148225373
0.0583709539083417
0.0285863042497137
0.0504780981651762
0.0981920626956451
0.1478637576040102
0.1827196763440911
0.1107793832366694
0.4101522276767204

-2.125881101169292
1.2867875897495298
-0.7053473655824245
-0.6298076250929371
-0.6341882999420775
-0.9101569028971712
-0.9579068685366308
-0.0106400266180477
-1.098441243993604
-0.1025058415794194
0.3434076561839554
-0.3684979882809732
-0.627825333495497
-0.1540123728561311
-0.5960640348582926
-0.5930946191706137
-0.7218025789873876
-0.2423525560117239
-0.2597761397922377
-0.7830413308416024
0.2110643360534022
0.4493171728543638
-0.2942820957397246
-0.6754449563027457
-0.2046745524229172
-0.2637055928089899
-0.7470614788614486
-0.7210402821608175
-1.080576517696365
-0.0552733420393744
-0.6965963690288424
-1.0423762602222777
0.3837004196608227
0.3008776252468289
-0.5512395325847647
-0.6551744414620803
0.1471204062351208
-1.0431762003175151
-0.1143305931960017
-1.4236115594837215

-0.0005126903278432
-0.0033278565302685
0.0055953365722974
-0.0035671614039883
0.0013731480157039
-0.0005160037306868
0.0004667881040078
-0.0012514759915703
0.0025235682969559
-0.0011221085370693
-0.0020301407589975
0.0016349424943011
0.001351147088412
-0.002649095310704
0.0022957198854854
-0.002271785570008
0.0045326406806549
-0.0099845171296215
-0.0196262904694278
0.0854137144783686
0.0402792832931631
-0.1085523602335787
-0.1652108113757847
0.1068621409444991
0.4456097310100694
-0.7838120521251105
0.7910370183631472
-0.9375835814635166
2.105964498329257
-6.6557269289635
11.96489777198978
-5.693343963771432
-3.121921229860593
1.1838050785679453
2.399348557613967
0.3467830342827818
-1.438530178083535
1.2111023600772084
-0.0301350540533755
0.874717959267584

