-0.5257884891187339
0.1326927354730422
-0.3482050261129422
-0.1374754732429076
-0.0757312117213401
-0.2258816640565251
-0.00465717483168
0.0691009594314478
-0.0867413922124026
-0.0987017342099965
-0.0669419193830471
-0.0872682729103076
-0.0225280407078574
-0.0455990462553901
-0.0586537326354546
0.0204783642560682
0.0185207148982993
0.0082097488622187
0.0811942282214303
0.0424676590390467
0.02308649071413
0.116694511272036
0.1282318985882621
0.1829300232589127
0.1264538128833533
0.0556571177150357
0.1359441020682082
0.0294300580868259
-0.0118642229184963
0.0965647528918693
0.2335913187966583
0.0385831258768686
0.1594967151915403
0.1120107097274582
0.0778646389453311
0.0033216866338515
-0.0163574253111887
0.1094238088064107
0.194015454708682
-0.6886879732428411

0.1627669354459791
-0.011507705783609
0.1971942747331138
0.3226827749634491
-0.1318446306178637
0.2676666759540201
0.1428783285882264
0.0814856333729393
0.1542224564822656
0.276826663177085
0.2915648014731034
0.3390687984397124
0.2938370208272949
-0.2512077045508746
0.6420332354931799
0.6032299590440426
-0.4540414309334277
-1.443942525827281
1.1309281416670185
0.7844314440876199
-0.6579787032608926
0.5481623345288883
0.2301168695806594
0.4101020239090093
0.2215306840255176
0.210548390950355
0.1927860542852001
-0.152634700638379
0.1575505664084334
0.3143571613073045
-0.3909523378862216
0.2913184096234749
0.0278996371021397
0.1347802210842506
0.136831937343807
-0.046247969189278
0.2938145205809788
-0.0227313756503174
-0.324391356274802
0.3896431559450128

-1.7393520743323472
0.5229743565371084
-1.2603663542738404
-0.7019889763902676
0.1927789299099951
-1.4882271422631164
-0.1052983345199715
0.613970665391336
-0.9108001969284252
-0.4305768669995875
-0.6690138544140036
-0.6889233306372105
-0.5731527978299861
0.357720456940134
-0.8625304919903611
-1.31503337895289
0.3520913711279022
3.00504239309685
-1.4578447013614155
-1.8410164088458612
1.1643603651268668
-0.8681326851687096
-0.5050426125791944
-0.7840372316269352
-0.5874593799170583
-0.1310196512288149
-0.667940602024539
0.0875243475121962
-0.2656647891439793
-0.5682559465369091
0.0546110608372212
-0.6939042277295298
-0.6678381588159673
-0.8859211622486404
-1.0904359661138958
0.3920453825874695
-2.2222823391825623
0.1276579162469603
2.4505612435438344
-2.973409155303951

-0.0008243351821283
0.0001570560313831
-7.340699407168077e-05
0.0004709902635552
-0.0014937234992315
0.0022892876290816
0.000105187025235
-0.003035482597176
0.0027167567527814
-0.0010746702260351
0.000116970683384
0.0004158849052327
-0.0009053520863039
-0.003355345016827
0.0145813554053084
0.0003580316431246
-0.0161825787857469
-0.013258472449177
0.0146304153980379
0.0324089223204179
-0.0470336874085262
0.0221868521848535
0.0058412664619612
-0.0565355913092551
0.4531379091456064
-3.2286637888590484
7.010964375951506
4.208261087042856
-25.201767470099085
25.8978934055725
-9.726683066770706
1.2528137618101496
0.902348622546838
0.2821470710347425
0.7742990654603429
-0.3938972362599995
1.4915868627949964
-0.1333538331824848
-1.5822633238227393
1.8535112243139729

