-0.9700770502884548
0.2975671609339703
-0.5879134533724281
-0.221346923760081
0.0452977982943279
-0.5818108657831198
-0.106154718986844
0.322802923555394
-0.3655915574027459
-0.1936879561847046
-0.2661451596586563
-0.3285628611037353
-0.1713853896923439
-0.047478172808361
-0.5076043514869668
0.0831679916613658
0.3832012226596833
-0.0671443956455757
-0.2997570581881398
-0.0569920676836675
0.0542184114992033
-0.1476640770659535
-0.0813156275451481
-0.1201266177090123
-0.0670779712749621
-0.0702976514241907
-0.0005373093661158
0.0455586430935139
-0.1693836878646772
-0.0735647856966114
0.2192947327213877
-0.2650403473452787
-0.0958725520216576
-0.2387346516213112
-0.3334012410179057
0.1741644665846378
-0.8333569113683781
0.0446712137261689
1.142321933805058
-1.5451905133956858

0.4586417245357608
-0.0805154403120261
0.3036065392610549
0.2230137539175158
-0.1049536775020767
0.2689800055655124
0.3036314330337982
-0.0101834956921045
0.1381080410947412
0.3875219466369401
0.3772601540969283
0.535493148012727
0.2931633292330795
0.1383105387026204
0.4629603590964358
0.161467570269663
-0.173385086902736
-0.0783162735543167
0.1819223979163596
0.2490016545580074
0.0879963461261523
0.1821088861972834
0.2733790506612105
0.3139275529604798
0.1928367007935637
0.1289797587332898
0.2582891579097627
-0.0360383071956576
-0.0951083877059632
0.1781246211182726
0.2511207449667604
0.1138234699921185
0.2812721006386343
0.330720196509814
0.3120169152931412
0.1125911602172684
0.336983367624775
-0.059914028469176
-0.2331779575824073
0.5393718222555025

-1.6133959200320311
0.4144342654054198
-1.0727865276111392
-0.612306493418422
0.3049389691499192
-1.2959239966231797
-0.4766092052312615
0.8039435671255287
-0.8675949660092682
-0.5060382678241976
-0.6901520387565262
-0.8538295927965295
-0.5128638092554757
0.0869677241538304
-1.6602571936053343
0.2987660425159861
1.1266527295839
-0.2092074817618205
-0.9467357440004214
-0.2870866084219686
0.1344160879115986
-0.6525189339491174
-0.5325114219214567
-0.756299312312148
-0.6269557864434135
0.1656800969273821
-1.1698680155300485
0.0324362775065128
0.3402436770762863
-0.4807177491205389
-0.9312142835471784
-0.2368898569708697
-0.9925314224272817
-0.958903496572156
-1.2095851763996135
0.3804155447132171
-2.3235298048422925
0.1965759205103944
2.358722232932814
-2.80824167865828

-0.0008162512180294
0.0001577670768261
-7.455268387948722e-05
0.0004596574264309
-0.0014492440615401
0.0022631997972868
-7.479936364368228e-06
-0.0030181057457241
0.0030625242348178
-0.0016767699598085
0.0009226036212101
-0.0011900954837072
0.0039104139971318
-0.0104040743827034
0.0009837810272126
0.0100414162083282
0.011933028405175
-0.0031399953372029
-0.0299808630641575
-0.0143922827751651
0.0946432836935086
-0.1282902994461781
0.1482446121495484
-0.272486307457495
0.8542389206331739
-1.7785288746022423
-2.073868771911624
6.117196014916962
5.793811104824027
-22.50149828640206
21.316282671976083
-9.124336049805953
3.18375554437406
-0.2396609872696491
0.971346611536652
-0.5360568362193747
1.5449733742199294
-0.0984838862718036
-1.593927618698712
1.839965567513386

