0.2245176197183616
-0.189089708744384
0.1632484045057096
0.096598697293287
-0.0208766270128693
0.0251889178881433
0.1061670369938283
0.0980579610336554
0.1397201035954035
0.0921321671712391
0.040183844183101
0.0662364327656431
0.0458276724897125
0.0192176443379584
0.0242763458436153
0.0733470116386399
0.095951447347756
0.1248388315994823
0.1960526322982352
0.2617057380791833
0.3429542942227231
0.2315110444473394
0.1261552633143282
0.1837335985903815
0.0846407284048525
0.0650550408217841
0.1462899894425609
0.2210260789650973
0.2682380541953389
0.3694925907990709
0.4990888966070769
0.498236854369749
0.2128258921430535
0.3254901788429442
0.0906730190217248
-0.0417993556902538
0.0415328297730323
0.1420287739385958
0.0375318058529436
0.1205512367589629

0.4023275369541349
-0.1515628544676807
0.2310806685559944
0.1510314530162124
-0.0394137854582904
0.0643454143316873
0.1914218429705093
0.1559708605622687
0.2152963101444515
0.1278762151867244
0.0763295803241631
0.1061348196497319
0.1164416120853175
-0.0144871231657653
-0.1362258835928958
0.115908673118762
0.2593743972977433
0.1360895427437661
0.1895344446889477
0.32538339559737
0.3610440394259743
0.2499620346976464
0.1361682583401933
0.2282867532319296
0.087483127554035
0.0351058551892571
0.1137240594462418
0.1860166348302278
0.1834006357664769
0.2313397958246172
0.288122876249382
0.2515183571508732
0.0934126214890233
0.1664007539649816
0.0536680166071867
0.0061929107815673
0.1049440853373821
0.1715747376207243
-0.0427343139806067
0.3938477535736566

-2.151121186340886
1.9639066289150997
-3.049091433458777
-0.0654466593593598
1.4282919101942997
-1.3037809679394754
-0.3204906939246454
-0.633453748199572
-0.6717952939353286
-0.5047027276176703
0.0670399806567028
-0.4407927463585004
-0.954858551256974
0.1410946205143026
1.641135715419476
-0.8365287086206667
-1.2531070247432252
0.6277422097159718
-0.6276688682316041
-0.5017018187618867
-0.6576469658204267
-0.6037697710943237
0.1636181240706593
-0.9728382030559451
-0.0749359974508442
0.1438159218916855
-0.4376023696482423
-0.5983610206533837
-0.3996652837000681
-0.8631424496794223
-0.953623101634194
-1.1733579934917544
0.1802919864963708
-1.608477152777814
-0.2086928306830908
0.8772457518367063
-0.3525806038929713
-2.0369621893416
1.2490226771120292
-2.072132284045221

-0.0053364037123847
0.0060823939992258
-0.0013290841622357
-0.0022253566369385
-0.0017947419163818
0.0049633940640869
-0.0042939792997026
0.0035944051747712
-0.0059733672849389
0.0187994836470802
-0.0365249216736306
-0.0372901955937816
0.0501363873414992
0.1032846142902575
0.0144868061530933
-0.1945341379374324
-0.1488735172566171
0.6207983218020576
-0.7652774260105423
0.8423839736065661
-1.5366582346493705
5.208157413636191
-16.663825349809773
21.279180245984406
-5.332303786255391
-5.771538314139866
2.06294999410856
2.74874616494982
-1.5936286500747865
1.1060560024352166
0.336203871425178
0.6979162665591611
-0.1549614059153284
0.9044372464507768
0.0905165882412436
-0.5033192270429304
0.177249288800174
1.107480323657963
-0.7044119588286818
1.1112220700507769

