0.6809639801953716
-0.9881591964583946
0.6843038815629705
-0.1385759081423868
0.1501156370377669
0.0974689375617404
0.1098201985902904
-0.0317980901755662
0.10036723535857
0.0988707455117725
-0.0433567486171011
-0.0627899490323624
0.1461321525595249
0.1106914243217728
0.0250182622584306
0.1751125738533024
0.198380494853354
0.2668022141547741
0.2424028676504971
-0.0524843107586298
0.4102412927482935
-0.0225522345955735
-0.05858825677353
0.2300169430849993
0.2188315677594436
0.1786503491915504
0.3794164742170902
0.4236043915849069
0.5128958173444854
0.1205499423678414
-0.317512750938612
1.4489504197314578
-0.4715934639145926
-0.3287453352277737
0.5733923635657513
0.0671406270601264
0.1727678402245462
0.2106072931564566
0.1676348837008597
0.0738450968296607

0.2345071199855957
0.0903151626956446
0.0505286631394829
0.1500403529913596
0.2103303029252523
0.2273023485054302
0.1512857142888807
0.0868758034397149
0.0652014725474743
0.0454777942884427
0.0223865897723999
0.0235009166493243
0.070235287337346
0.0922600611311259
0.0989316939393388
0.1773953610837663
0.2761004097324506
0.3456229385888451
0.2448389245506124
0.1589243995820974
0.1130174291076377
0.0846267926216375
0.0949734591389816
0.135063584902841
0.1771496934515049
0.2199393529892447
0.2868188480382154
0.3620036674638519
0.3163900496439469
0.1728093185100556
0.1354440659496848
0.0404091162032721
0.027934627411942
0.0695922766848084
0.1173086969113291
0.144039467977968
0.173396220495574
0.258540225870827
0.2057005955836317
0.3129309778530947

-1.6143140598004198
0.2331493975207159
-0.1566060014875804
-0.8947478381640906
-0.6350421421601716
-0.9094804141025548
-0.4659798688361374
-0.3206502537490886
-0.508414795313165
-0.22233481355292
0.2454721042186756
0.2890829446827246
-0.5253556383326163
-0.431216039625439
0.1983928745702084
-0.5081476300079396
-0.4103726689504303
-0.5874094484507935
-0.3761962194094384
-0.2314188873829571
-0.2447790910220494
-0.1548083691130822
-0.1706720170672137
-0.3223284399529477
-0.4017648939918238
-0.4841870231022925
-0.7558213090137428
-0.9289320342689988
-1.027607886648518
-0.1222060701359459
-0.8584399506551438
-0.3152213593405815
0.074478425263534
-0.2951443238757075
-0.6037567748796627
-0.5761096245420919
-0.685620663544135
-1.1455165574639872
-0.8806987718139165
-1.2599168145647668

-0.7698153283414252
0.963926352240388
-0.397144765325841
0.0585480630846761
0.0035378143487915
-0.005005619783894
0.0059742712361865
-0.0147713518575838
0.021969740828933
0.0033699528740159
-0.0181783636172939
-0.0158547588718584
0.0146328348208797
0.0341373962443911
-0.0473551046787464
0.0218061716504766
0.0061188854248023
-0.0567510121849583
0.4536632813734446
-3.230189109511469
7.01183041997311
4.210161319639929
-25.202406443995866
25.89476784408946
-9.724687367695635
1.2551670651036122
0.8965198760960084
0.2938809408432603
0.7323527243938766
-0.1681977445786674
0.8383687871364505
0.0394607533870849
-0.2356280930117424
0.2576684241912728
0.3668962566055923
0.2379241700842069
0.349192704292483
0.616174211550935
0.3648499977289493
0.8688925582763187

