-0.5985857230424898
-0.1471672125367545
0.0236519762755476
-0.3453413549501231
-0.3407062104595643
-0.3981365237841502
-0.2399108138312049
-0.1741212720956769
-0.1711967318901078
-0.0538804407417585
-0.0049482714541935
-0.0311205060945129
-0.1017995909135939
-0.1239251026874907
-0.1052548072216884
-0.1227244156200906
-0.1708662368881021
-0.1887415044340743
-0.1127206641655597
-0.0902865153458978
-0.0867799925809134
-0.0192270020298579
0.0143515739791338
-0.0250935005689192
-0.0675209027756482
-0.0582417883941861
-0.0773804382447285
-0.1047772368881239
-0.0915412756343362
-0.106207000393823
0.1157166621744378
-0.0023158680749604
-0.1153635809387458
-0.1185835800803
-0.1035250192096704
-0.1733705967160948
-0.2520113759772208
-0.435339693859933
-0.3424013865139778
-0.602485388560688

0.228881217498954
0.1179785399551869
0.0698590007745092
0.1805938698950581
0.3126857909975936
0.3833779927048669
0.2611769840330805
0.1520361471320035
0.1408412506633523
0.10391815587818
0.0890761908351519
0.107976149857095
0.1516113707689416
0.1940172566673742
0.2285928172408054
0.2780949186029509
0.3577753072753892
0.3983253099099206
0.2673585007576968
0.1794225658970915
0.1209663723365926
0.0461592611433095
0.0442509850727167
0.0975761778052031
0.1488586587488356
0.176135113710308
0.2268447797747064
0.3004517559648499
0.2762653772739292
0.1311104403001507
0.1531668171855784
0.1070526950903688
0.0676335585454656
0.0835225998137888
0.1321799898902903
0.177239030407994
0.2195659970682032
0.3093112222805652
0.2494065075365908
0.3526039722869892

-1.0063784668561684
-0.1754084920879744
-0.1214494396243369
-0.7445930675118306
-0.708101072580006
-0.9500368706213332
-0.5659019978559634
-0.2715904594784012
-0.6313716719058852
-0.1403376900936762
0.1041639839421379
-0.0716148016612179
-0.340199628737797
-0.370255345195466
-0.2482461782094912
-0.4065892345994872
-0.5407609959547214
-0.6494541768111244
-0.423043168670852
-0.2470709386503256
-0.4413312786619698
0.0296634818088972
-0.0210578667844968
-0.3769817568862558
-0.4241456127556791
-0.3753061658089057
-0.7283771371945384
-0.8457762891966569
-1.028681666504036
0.0398434152294651
-1.0079358799747382
-0.4578808054065249
0.1566638604249187
-0.2005390565439157
-0.6257804512486674
-0.5586352628914923
-0.6086282636996874
-1.0408498913842326
-0.7694240589117467
-1.1119154494199073

-0.7647619073321632
0.9608002118593504
-0.3983019607227189
0.0597189437875526
0.0033880067468199
-0.0055951938116256
0.0076242176545245
-0.0141382620479285
0.0117903671917363
0.0020769215184835
-0.0048134106066941
-0.0024790326973053
0.0022849632207649
0.0019564952034929
-0.0028024799566852
0.0019765828121218
-0.0015467248452437
0.0019767221040851
-0.0012947373601166
-0.0295018882119873
0.0936320435601904
0.0151646388140496
-0.1698962330706084
-0.0639839264967625
0.476783344139533
-0.6257382614216171
0.6131263226868634
-0.8590199374990362
2.428164371882205
-8.289460322050324
13.68862019884879
-6.334417576108649
-2.806207628360226
2.576030890041637
1.4287815707745897
-1.1708713208969288
0.9289698321739396
0.4470147259195155
0.4182111657074621
0.8486814487540547

