-0.6517639911204439
-0.254338305245169
0.0318697241902162
0.0915218799600129
-0.2346520181160906
-0.3102721730267537
-0.2887507174613781
-0.3853791287949422
-0.2156262544132388
-0.1540068201580864
-0.1561794742230257
-0.0585068450775919
-0.0254162071518948
-0.0381582800657644
-0.0661697586625709
-0.0781287053585164
-0.0863010952005985
-0.1151782470493469
-0.1471201567848223
-0.1630762133090627
-0.0976433669675903
-0.0954969127474374
-0.0498218123097124
0.0060528844624387
-0.0007704740039854
-0.0405224601259708
-0.0591398321752885
-0.0547864568222403
-0.0789438432323278
-0.0932497155618931
-0.0975524340333214
-0.0067745353970329
-0.0425843390365979
-0.0937377077072103
-0.0922255323087769
-0.0884887387950051
-0.1502895702527459
-0.3036909814761395
-0.1524159991479261
-0.731830747022424

0.2892962629551842
0.1024187472776421
0.0321028312348788
0.0150147647545165
0.1611456827264588
0.2791138933224343
0.3433795213951433
0.438128391025018
0.2808747182112621
0.1651801652923219
0.1680165070406913
0.1198240922065776
0.1012418874482138
0.1169317672864921
0.1430520409223358
0.1606481348379249
0.1805984527103612
0.2419966878462619
0.3161226283602657
0.3537945941524905
0.2319004441047492
0.1388244419733812
0.115659219468086
0.0690900322145349
0.0583004536857188
0.0901466079153564
0.1385780752554979
0.1648842646324596
0.2234271835639104
0.3207075252784028
0.3093998679799248
0.1552855122536332
0.1544094828310474
0.0951933906694522
0.0567698200307783
0.0803312782676788
0.140163055310774
0.1838204098682248
0.1395425624140523
0.4054154219286996

-1.081044211591235
-0.1912869533218363
-0.2929216265287097
0.1407556555459229
-0.5409739331767034
-0.6355708923512857
-0.7233548185685585
-0.9338892487126842
-0.5249496158778619
-0.3138796667331212
-0.5587873782006616
-0.1244088137527383
0.0641298027965152
-0.1066247400246462
-0.3111256254539311
-0.2280878209271056
-0.2339030473191646
-0.4253331679041472
-0.5346942136446254
-0.6582872168411487
-0.4684618423742562
-0.1785491658899771
-0.3656234849443843
-0.1553939372564624
-0.1123740081630368
-0.279309571777563
-0.4454399620075893
-0.4685051685181706
-0.7515323028182801
-0.979704598219042
-1.065079126423348
-0.235829010562863
-0.8319240975925516
-0.3459873703513831
0.0092498115826258
-0.1724775046744171
-0.4608299134315363
-0.8065562540002025
-0.2420541405370269
-1.3934366883135736

-0.021551967288275
0.0247760499560922
-0.0025345284646168
-0.0089208084297054
0.0048888782718415
-0.0007851627582934
-1.5776522724516242e-05
-0.0001277204273403
0.0007774081802134
-0.0030112191317079
0.0047990209370393
-0.0009067243344927
-0.0030724103449046
6.585217711591359e-05
0.0025220518340121
0.0001575649398628
-0.0027405327897921
0.0029272386581551
-0.0027335121054935
0.0041822940194424
-0.0089948283837516
-0.0040626656156728
0.0676255671819087
-0.0123064425077082
-0.1280447974331957
-0.0157017536174275
0.3433880060822835
-0.484388698735091
0.482632333770833
-0.6469385681175166
1.3179586443789677
-0.7439001325467564
1.1892471375757128
0.1087540761207999
-0.2580249417317888
0.1376817437990946
0.2939214862483045
0.4914495479365436
0.0928631998870721
0.8770699777301052

