0.2641750938168407
-0.2860224147893461
0.191896874759325
0.0594021393188178
-0.004139452149999
0.0933697832152767
0.101099102484291
0.1308837500261113
0.0827820137776138
0.0358038872478696
0.0840110253449989
0.0143550056764305
0.0210792048053201
0.0369299259776901
0.0548036418498395
0.1032055034674556
0.102391276126581
0.172816432800403
0.2541786159338634
0.3188151298255339
0.2342908671963967
0.0832663444737271
0.2109173367285547
0.0892174903063601
0.0378310521459251
0.1409225128601653
0.228229091808738
0.2475728015614885
0.3644175688996686
0.4910923101555654
0.4506380032582338
0.2188097670655344
0.4423369892695355
0.0832251954735462
-0.0911695871007243
0.0562140679102197
0.1842789821860378
0.1160386554212046
0.0638416749073964
0.1488994975734645

0.2855757925362315
0.087153364358519
0.0353991841316303
0.0186349551336231
0.0860144021146765
0.1684544330064847
0.1863794185102462
0.214133362571871
0.1266875766950125
0.0953522910265248
0.0841579030225537
0.0344222326010008
0.0296423160059554
0.0243247929428051
0.0316086168302781
0.1190377834373469
0.1819890514370981
0.2099457732999777
0.2972198469639672
0.3726991028056566
0.2366803459673544
0.1518220970149558
0.1537889697067088
0.1091245615828249
0.0864579111557143
0.1136343994461091
0.1645561974271403
0.2072594506708182
0.2558607300773916
0.3119140825983593
0.2746461952710191
0.1165016281951883
0.1149843238702175
0.073365368348785
0.0452331237057959
0.0654233160281763
0.1147097606044335
0.1506204874313668
0.1147394286380643
0.3645229974997341

-1.451806068025581
-0.2007729200971148
-0.1782308564062414
0.0821719457995116
-0.4869963961315375
-0.6088150321336336
-0.6155874735322
-0.7819699179751711
-0.3700709631037634
-0.35313250489391
-0.3901698109107682
0.0158904098523452
-0.1051294040106318
-0.0330839168999981
0.1781533791445766
-0.3809559475468189
-0.3863124907360654
-0.2276682611705206
-0.5278327589576386
-0.6396396909540538
-0.4603670229952847
-0.1508827977745279
-0.4275328573756852
-0.2219000416825913
-0.1286111757540231
-0.2903202096799537
-0.4613385270181357
-0.5325841127823402
-0.770211405931221
-0.9893274815774806
-1.0282928062317591
-0.2367854074192539
-0.7482347867148322
-0.3732710251299393
-0.0558340683044771
-0.1816660631424766
-0.475024191945151
-0.9041354351263904
-0.27913066556864
-1.621001842934913

-0.0247352663689661
0.0346374961411409
-0.0113615997599218
-0.009336434766801
0.0094687068942641
-0.0039005270954853
0.0014781294796201
-0.0012223279688831
0.0017323726402802
0.0032950390612362
-0.0115744383119665
-0.0095222938111826
0.0124654131409264
0.025288289906941
-0.0025632668578357
-0.0486663441420485
0.0283906230768456
0.0284221458687862
-0.0830665006519964
0.2355340466230872
-1.3880072074889371
9.261984685028464
-26.47330721455732
26.34175785393328
-3.9619229515064736
-7.014693542460672
3.722420308588729
0.311997283782561
0.0673344254819854
0.7026477068469462
0.5121466180485614
0.0982522617840781
0.5605800594849328
0.0693390730275107
-0.0715625320009508
0.2597986089734083
0.1093919921305474
0.5532816212323644
0.0894607781538844
0.8748494409088917

