-0.4604127435899257
0.2676728969831273
-0.3449653599231081
-0.2795402263697059
0.1389122283528532
0.1398585762569691
-0.0944269574128616
-0.1892469599239226
-0.009220860231009
-0.0897682400114686
-0.0908056682686811
-0.0785571427574099
-0.0120951140839206
-0.0641563432811234
-0.0524120848920348
0.0384672713639963
0.027148025266637
0.0001241864465545
0.0719252821822747
0.0414603813639506
0.0439508106976893
0.1194679206465153
0.1372576876927313
0.1883691680567633
0.0615497376099304
0.1134139227750198
0.0970972331517745
0.010165639111879
0.0173566871589039
0.1115712929369948
0.2125122961807777
0.0675737238039058
0.172539848718758
0.1153728381050158
0.0706634290993451
0.0453119434094066
-0.0773464621378204
0.0705918210950813
0.2508805967550907
-0.6946856121372906

0.6016514408241134
-1.5065445907638058
0.2329304028588073
2.3167951030937477
-0.5795628173618623
-1.2220037574103415
0.2642889473819427
1.0186038066369152
-0.3198079465371343
0.4245372007944926
0.2806020273750189
0.3749154014719793
0.1084142735900334
0.0287491849333513
0.4302597052361534
0.4412567281382805
-0.3364395559351281
-1.2221040991007075
1.0953414362417564
0.5016177928873538
-0.4154872466376283
0.515904060122001
0.2463802145846019
0.4345405195071335
0.0519011832143557
0.4800563139556011
-0.0163177635239953
-0.2064307072130088
0.2161305716624037
0.3196107601587202
-0.3361055391167507
0.2534319839644274
0.0484808906542061
0.1410124927868407
0.1102755138495424
-0.0506233876045249
0.2936335712906284
-0.0352073227033694
-0.3012398139041138
0.3784042642009191

-2.0803613520851614
2.825817734046818
-2.082513202984796
-2.5352050508745494
1.196696423138358
1.322044096913698
-0.8076815351243243
-1.3755877522109514
0.2935792161954134
-0.8410190302944361
-0.6240646043983973
-0.7620883029611719
-0.2242870981496467
-0.168208284999157
-0.4910663493367743
-0.987038871946065
0.1999903172264467
2.5927020515235726
-1.49813095462531
-1.3441913882043668
0.8712840096353431
-0.9153220616163448
-0.4867968901373113
-0.8611432539372925
-0.1970170616000004
-0.6622670824326071
-0.2696012840671087
0.2155740526258327
-0.4377268041088276
-0.6247125727295356
0.0438896843610485
-0.740051151578163
-0.7232497998936657
-0.950217704911972
-0.8978065952151909
0.4502923433370629
-2.234763920279569
0.2081720219834299
2.2969403155339365
-2.8975954348537893

0.0013755309653197
-0.0057816512531411
0.0079303609061065
-0.001010091285296
-0.0038457217436853
-0.0001730364364443
0.0023895598836177
-3.6646492799639896e-05
-0.0012937052429733
0.0010492205937124
-0.0008713658514512
0.0015772314025921
-0.0038618041835873
0.0001673057899449
0.0138729167482119
0.0022676930762211
-0.0170168727243311
-0.0202680455849195
0.0159089533024671
0.0549016769657285
-0.0927573871048735
0.0831637073181269
-0.0806312816627533
0.1290510653476057
0.0361043546509386
-2.9067463539591847
6.605817412924282
4.458172643951472
-24.2634588703926
25.20419169479957
-10.717835553610682
2.702332464471724
0.1937829410601105
0.5943022592034412
0.5359590480591191
-0.3062652620144975
1.3903380234992744
-0.1607493675714234
-1.446681721086088
1.7808191162563505

