-0.7327743851053394
0.0860631864996937
-0.5951000105171506
0.3617015640929615
0.115906528345256
-0.2809386942211878
-0.2787512383179681
-0.0140971405980353
-0.1677958954029298
-0.2720976292038086
-0.270988079265442
-0.3537090187373435
0.0021598145331216
-0.3167569452218033
-0.3494981355048752
0.2048450596405138
0.3342373789466952
-0.1682861301208169
-0.2976241934871434
0.0276008390859908
-0.0134379080386157
-0.1418614423181038
-0.0888506095277976
-0.1251019972332873
-0.0251952599818532
-0.1232796873964872
0.0242597228874394
0.0626687770457716
-0.1497449167634023
-0.0802334070142029
0.1497125078654661
-0.2162636110114377
-0.1252504265366017
-0.2526971282124647
-0.2739186598286029
0.2280462309202528
-0.8733158798520164
0.0385369508854923
1.1177871961260724
-1.5132328955661238

0.3593853744838552
0.0843558298957357
0.0731305495891366
-0.1718322657786856
0.0564045443273266
0.2399065802619836
0.2198561782530281
0.0905143952437429
0.2041643012484983
0.3726870083934989
0.4242911968870354
0.5340965265407108
0.1187913093953619
0.3161066983468248
0.3542522973534395
0.0747282410168223
-0.1369048619039396
-0.0176937804917148
0.1947764806146007
0.2224285229548163
0.1026959386906252
0.2203610227240489
0.2844287187298152
0.3154289735293974
0.1107440107415551
0.2121274283482905
0.1696455793108071
-0.0510988013764027
-0.0363435746615202
0.1900724169494344
0.2240180894606129
0.155304617581819
0.3013935396910605
0.35099036336239
0.2319239218347728
0.184457448033394
0.2418156639662223
-0.0873118162003959
-0.1618218439928588
0.5166938535800933

-1.4467755775728726
0.9873331335004284
-1.9206812212984832
0.5455951026503416
0.414739481109581
-0.4787176772116625
-0.6906288746959882
-0.1244574624600534
-0.3811412812941669
-0.6977443343370351
-0.6962822371765353
-0.9373175742033684
-0.00358903172741
-0.712610505991646
-1.1643105630222843
0.6554486680208581
0.9356207947919304
-0.5310955171961086
-0.9025507023316934
-0.0076756064790223
-0.1286078027861437
-0.6373664575844366
-0.5597394251609233
-0.8200281535022815
-0.2380928092325642
-0.3702184474320606
-0.719696594299167
0.1994854303261844
0.0086094158929454
-0.6174166168427113
-0.6327350892396799
-0.5185774736435225
-0.9853585578410536
-1.0510367598739836
-0.9865363569068658
0.3821068469803787
-2.2672245250802487
0.2971536161317653
2.1620159616279784
-2.724943611727571

0.0013787018024881
-0.005808660172829
0.0079404120663716
-0.0009712654246229
-0.0038207260297576
-0.0002059332427842
0.0023044301400087
-3.034070078572217e-05
-0.0010429827203289
0.0005941204547651
-0.0001279686160658
-0.0003611639333883
0.002563083117882
-0.0068594331954364
-0.0017544526050334
0.0049444519406645
0.0110302503165061
0.0037647809490143
-0.0211003615450696
-0.0217127930385139
0.0769479588077734
-0.1010244423809912
0.1365524012657267
-0.3250430134021785
1.1783570056346175
-2.2176646380390954
-2.2997294313986427
5.393833832093061
6.9682757021796125
-20.724510523481936
17.95086233408495
-7.223472474547102
2.7532332620708795
-0.153520140347367
0.9383541608457968
-0.6775552373621555
1.554242128539404
-0.0938018567890739
-1.495564889866322
1.770023132515324

