-0.6998048740790741
-0.0692164314444736
0.3921707008476766
-0.0031827715716639
-0.3544218273768113
-0.0329726677221342
-0.1798484325894571
-0.1933474044876797
-0.1136404321030804
-0.0849207850691459
-0.10201219797187
-0.0022114027157892
-0.009961352485732
-0.0453931687180315
-0.053679299549145
-0.0309079166463179
-0.0440121965741982
-0.0474983047152244
-0.0317574808749678
-0.008622958556391
-0.0427163835431785
-0.0075540342901363
0.0435855745086201
0.0321417381282397
0.0021084527651955
0.0227233494695989
0.0594607227325649
0.0537285684890117
0.1240794576099482
-0.0694594746113979
0.2239196154744321
0.1710753892648812
-0.072115153170475
-0.1272923284770851
-0.0478753356634052
0.0459982257061619
-0.0015375882062662
-0.2510541691180184
-0.0034290667946349
-0.4605149578418648

0.5088382082989199
0.0828752094557278
-0.1553977006342243
-0.0122073868380924
0.3408649458397543
0.2487015118310412
0.3563532116717025
0.4830823999647397
0.313951555536378
0.1754271518086506
0.255906116879837
0.116350528152147
0.0974038244098704
0.1771463510985511
0.2360350418017612
0.2381740103638022
0.2971997727997509
0.3659012487032014
0.3036918482127746
0.1552804826196498
0.1957478030151629
0.0152486463387546
-0.0293439320005431
0.0798960925883527
0.1435008481324845
0.1116399356825595
0.1662659159863783
0.2216045379760746
0.2693023506535106
0.1012334861612596
0.1232926865388954
0.1508885948847955
0.0570127420259808
0.026200761978922
0.0552997010515304
0.0966551327939626
0.1392309670599119
0.2346368416185841
0.0963424473380998
0.484672770393957

-2.0209894999255
0.0929731110433143
0.679581002122868
-0.2002597144227232
-1.1251188358730184
-0.2778202934521264
-0.909922505010186
-0.9387546067390244
-0.6381005754404211
-0.291637333472976
-0.7208489231791766
-0.0174902763729395
0.0614824318708892
-0.3465902724609999
-0.4617718035234712
-0.2205250329253277
-0.5106422056211526
-0.5665828775807198
-0.5880736893814342
-0.1150334627369712
-0.5593681009648989
-0.0359702601541547
0.1316951766270425
-0.278873910336951
-0.430338141406472
-0.2584475632339312
-0.5808916457653678
-0.715837489821997
-0.93110579099083
-0.3415872239648976
-0.3570540644009048
-0.6849556812966859
-0.0428054839296399
0.0205513559614262
-0.2977585452398357
-0.3995228844406624
-0.2238396465204503
-0.9395030197508674
-0.2100491421673707
-1.5811923931652725

-0.0023394368255664
-0.0021593239473168
0.0031326975078518
0.0026458631861161
-0.0042733918753539
0.0021129671384291
-0.0006087885060242
3.458315040345936e-05
0.0005513619287072
-0.0021540184044791
0.0035459645635097
-0.0017890201412848
-0.0011295109660312
0.0017700568628765
-0.0009430490567623
0.0003441035956238
-7.04063815870009e-05
-0.0002426078183351
0.002201357450456
-0.0228355427317839
0.0885231038969615
-0.0306002436585384
-0.1517672631996705
0.0360716930797325
0.3584366939451716
-0.5696315599162596
0.5545643518987846
-0.6411267620379681
1.4687752058645862
-4.9412245500917535
9.68891176553367
-5.337758296665913
-2.2636576535920407
1.3976936111516338
2.037363291887778
0.0506056432376584
-1.2493701640616015
1.2946993046985822
-0.0938257748827932
0.9016264109768168

