0.5180791100118215
-1.2366364925650026
0.6835233427132599
0.1911664936544544
-0.3118888987094874
0.1322185110427137
-0.0152049499829451
0.039395295520451
0.029312751028936
-0.0158452443786794
0.0709828264309515
-0.0230879064284701
0.0394015361778429
0.0570921597648541
0.0397595595387777
0.0894214591320088
0.1352037281562499
0.180678167808167
0.249694872721364
-0.0339626159537022
0.3115087776364464
0.0319948040612501
-0.0803221391668007
0.1607724992247
0.1827743711284687
0.1256526051385469
0.2605814660752689
0.3478485431913298
0.3578826435654931
0.4768122995840207
-1.2419375700171496
2.0978360667664755
0.16051049659427
-0.906821947406778
-0.2931298896281355
0.500536514254977
0.2699521282176014
-0.3069556041077466
0.1657643933379674
-0.1129694490836872

0.4114617859714599
0.0044250576040822
-0.0785129510316395
0.0521894470901643
0.1718102784965681
0.1385807151552481
0.1840025994372271
0.2328395422783753
0.1332552594925683
0.10970838670178
0.1073230041396423
0.0032180052204955
0.0719328749266953
0.1138629096537028
0.0936179330929378
0.2140178042111626
0.2990998058799802
0.4117020471510048
0.4095843670130016
0.1859226265562327
0.1999610490228138
0.118315456801812
0.0850216542720615
0.1430100529767837
0.1965746718691845
0.2328968485867595
0.2943984715240246
0.3884513240549697
0.3883541419062489
0.1877468626191069
0.2683418135290233
0.0280679704732886
-0.0501784863068917
0.0128585960566336
0.0808158047201287
0.1072560796654055
0.1046041084911366
0.1641088765599085
0.0850184460262444
0.3728602386024136

-3.5722675245747206
2.074319838075741
0.6664803489473021
-1.3050081910298013
-0.5181367166327792
-0.2571170376053796
-0.806453870897889
-0.73384741471837
-0.4788576599447305
-0.2406455416196637
-0.8951664270475087
0.7220584370845674
-0.200465451471343
-0.6947016522823279
0.2066555309821407
-0.5348785669610177
-0.4816684479321494
-0.672318951053964
-0.7370125448571334
-0.1056963830126355
-0.6117534161925339
-0.2258696121705893
0.0539218882079476
-0.3728096408637976
-0.5542824040275239
-0.4155433230237845
-0.8018895730606198
-0.9920506714010618
-1.2008599212994802
-0.5115652875991382
-0.3205486244822966
-1.13347861803038
0.2479180758076099
0.2643802502495463
-0.5938970101578916
-0.6881766597098374
0.1709621189759939
-1.2377829291419558
-0.1534936721452879
-1.6762905792915763

-0.0024141604683892
-0.0019812000656612
0.0031675871032518
0.0024698650085281
-0.0043202863086009
0.0024166038377014
-0.0011148315991266
0.0011253939623034
-0.0029981598658795
0.0050863562098565
0.0084090290020544
-0.0135239727016282
-0.0167619826728179
0.0167549968060404
0.0410465587381145
-0.0906077010371281
0.1146721011699912
-0.1880912777473848
0.6151034622986239
-2.934461115493784
6.688867860362387
4.1637235242702655
-25.99953757144
26.38363745504955
-8.20068410252562
-0.7966675832113176
1.894854112537635
-0.073790571610727
0.8440508043426572
0.0257797562942156
0.496916696124619
0.3958081054793541
-0.2364284731768763
-0.1140486236445637
0.3575124536359652
0.3519188229094223
-0.1542918877530123
0.659393377747467
0.0544913339063422
0.879467435309924

