-0.2259003576962406
-0.0728622857372391
-0.0249365943142922
-0.0245133781720889
-0.0499273353132509
-0.0994579517697226
-0.0843925656580793
-0.0948101031096654
-0.0514101461803713
-0.0602087057752692
-0.0202136061459311
0.0176626181619441
0.0229591322354671
0.0020285367986381
0.0026718646090567
0.0447133893578085
0.0685075336132389
0.109491685364555
0.1396726221387125
0.0439446294467787
0.0805551811281068
0.0613176894421828
0.047899573720494
0.0724053607778923
0.1076875322077636
0.1368087533488023
0.1919813656789941
0.270802819430303
0.3298922406866573
0.1080458366764843
0.2291085626587694
0.1918580887017909
0.0322480472298322
-0.0294028316960365
-0.0034678501486942
0.0426068649003943
0.0326198777721795
-0.042009555761046
-0.0078014360187
-0.2538419484169921

0.9278395951073096
-1.794395729000521
0.5056868663742274
1.5085379860465344
-1.0553533158748647
0.6584357743805817
0.1898250716142559
0.4523260549811803
0.2185555356124643
0.2927885802171754
0.144295006986631
-0.0680666055577413
0.2144989412682472
-0.0008522403108129
0.1518828291033604
0.1045067942076963
0.1648889058361848
0.153056795907931
0.2397056337622549
0.0390744025117444
0.1581031509760665
0.132022901799535
0.0601371129011463
0.1052733916731982
0.1613968355725545
0.1390740104475078
0.1924960852772596
0.2559356173777781
0.1913493693331246
0.2001668532876007
0.1181511066133916
-0.4164288881455805
0.1768836199300187
0.2239943473121739
0.0398863296027912
-0.0735290481767231
-0.0086494057818192
0.1976356362376379
-0.0159437538449525
0.2051748466991137

-2.6411091952186467
1.8997878323641195
-0.4647449884915467
-0.6854103072235328
-0.5879715726636922
-0.4556595043005846
-0.9053546122684472
-0.9556961107331317
-0.6244430849086495
-0.3740199273687796
-0.7359286374600595
0.2506274281999428
-0.0877600127705519
-0.2412787247747976
-0.2549018422117172
-0.1329330975842732
-0.2778701749805095
-0.1819771724326267
-0.3516975707909628
-0.017039244347446
-0.1650890828280259
-0.3341688509220248
-0.1215353975652571
-0.177845318958421
-0.3687746137585972
-0.3740581601403866
-0.5585607851569875
-0.7755674402787355
-0.8297969997503243
-0.5366679564200707
-0.1914075359045293
-0.1840365385282365
-0.1143324167885704
-0.1705757412708233
-0.4488794339799863
-0.3351355703318074
0.1478728341344303
-1.2198048927268974
-0.0620387011377989
-1.5726182752289182

-0.0024556970409384
-0.0019790338216421
0.0031638029958066
0.0025266852671431
-0.0042614192432901
0.0021529795588433
-0.0006388021203631
5.645750155388275e-05
0.0005415606577855
-0.0023185300410688
0.0039167296722919
-0.0015986801346617
-0.0016886392795912
0.0012776570437978
0.0004577051436047
-0.0006815536048873
0.000145260571013
0.0004785616591294
-0.002817554594663
0.0204324064464975
-0.0660978569116426
0.0119206748981311
0.1155493415431163
-0.0086137439635497
-0.2774440736406914
0.4074524826536244
-0.3771994968039318
0.4168116638150468
-0.8757133670262078
1.9469829376816523
-1.9213068137009592
1.419915133249637
0.4217480382152296
-0.2971824306378045
-0.0618666943236009
0.3106734408705951
0.1106183979018554
0.5581983706889256
0.0619550619682658
0.8824935378565496

