-0.0487550974271611
-0.0622803100205924
-0.0013254398235361
-0.0283876953984922
-0.0094278091707655
0.0059904496159474
0.0150935791657852
0.0075556395218021
0.0096165325625775
0.0260412942515363
0.032244389068476
0.0515578031038681
0.0833492145056974
0.1137889919154302
0.0897302360211998
0.0357196757807025
0.0366753436107016
0.0412669249578857
0.0904161280478072
0.0874999752126137
0.1067736869110134
0.1527384398939034
0.2269469824660186
0.3034709472754928
0.3072334845704774
0.1068994101630898
0.1742549954601212
0.1266404443593737
0.0798045056291974
0.0640612471261709
0.1333218718529923
0.3355411205831867
0.1955118848806317
0.2985421612800346
0.2369908145939314
0.0998079368528048
0.2017069078970697
0.0973151841042958
-0.0760798479257812
-0.2208447316124496

0.3567370338227786
0.1871096334320854
0.177561822687334
0.1008540676091207
0.0981231734157466
0.0543641131568216
0.0300172241557413
0.0050867442682938
0.0340760721326323
0.1173074839172352
0.1257575554909451
0.1347833535015868
0.2245180301311943
0.2907567430225911
0.1820342681591557
0.073688314790765
0.1543341008435802
0.1442676839209495
0.1264965735929254
0.138457090429057
0.1597448416100349
0.2690765348331956
0.3583353459655009
0.4663465341625513
0.4262022718741229
0.2016506123352102
0.2345208196116903
0.1320791133240454
0.0532371700661302
0.0597875416478411
0.1264309289888958
0.1386640641370162
0.1881155168089396
0.2495843689353399
0.2732644478751801
0.1641870294520457
0.0700176041051443
0.0076087275570213
0.0442383463667661
0.2814629865135475

-1.5897644813995666
-0.7232206829604535
-0.9903386196388284
0.2811310252227515
-1.3039109898217645
-0.1305032483339541
0.218844119125471
0.2495134250773948
-0.1996182091391617
-0.8345822926340546
0.0708106292647143
-0.4479941810030724
-0.5202526364246824
-0.5717379526154073
-0.4953305443126679
0.3017357752954532
-1.1444605539260797
0.0817927283146175
0.5391016675014988
-0.8609045770872193
-0.2602138282987076
-0.4122692697030226
-0.7760056340290685
-0.8948209548539643
-1.087420047935465
0.0411698358066286
-1.174476513319299
-0.2287028658376096
0.2409455489630995
-0.3720195300765405
-0.763718323204976
-0.4265297011608069
-0.8865714289220379
-1.055337578632264
-1.3224099032199494
-0.2084281886830396
-1.7364801579353069
0.1314808417981635
2.256603844165816
-2.983293262505811

0.0149810050279715
-0.0130429515116215
0.0073250438889415
-0.00269208999269
0.0069244659345067
-0.0022941791305031
-0.0071469063664745
-0.0030433020573384
0.0037614254464537
0.005277178794109
-0.0006680060047218
-0.0037276177586984
0.0002944991834292
0.0042626696690108
-0.0022593457153877
-0.0006217649352333
0.0070603449696983
-0.0034518249364112
-0.0057813529727685
0.0012941957018427
0.0048005550024626
-0.0011666961147747
-0.0026618320074979
0.0023699589565194
0.0047329628730564
-0.0088370187589425
0.0099794773811982
0.0007370523486093
-0.0068788456912425
-0.0018279948766888
0.0047233372273587
0.0015426101668499
-0.0031377036495193
-0.0004530599621592
0.0048817109309418
0.0110898130855007
-0.007339184357703
-0.0276456719018485
-0.018794125380369
0.0503809465218776

