-0.4146166281895119
-0.2307480238642286
-0.1802239969822202
-0.2173161821683548
-0.1606523454716983
0.0771158792284004
0.0895548903070356
-0.071365066795559
-0.1089059257001738
-0.0421425287808417
-0.0037080600098808
-0.0598290548187837
-0.0439252304118545
-0.0393334702799892
-0.0045092554048956
-0.0352733915334082
-0.0185419406263863
0.0081242266074172
0.0960761668943371
0.0547277564069408
0.008438274249749
0.1050832862797382
0.1272236688396624
0.1749455984026768
0.1935096727836457
0.0382449222137152
0.1636532741513534
0.0518873703662768
-0.0350492250529151
0.0802960073992797
0.2502304889151457
0.0216936874250009
0.1426002923212082
0.1036076472547494
0.0959796982917502
-0.0710254455822512
0.0894757316159488
0.2948690895289952
0.1224014716990433
-0.8262714902831114

0.1363376600044769
0.1840275022270848
-0.0203816550485908
0.4027547244724623
0.4037507797903911
-0.5202650694577001
-0.3619171589386601
0.6303901912142075
0.470530598818271
-0.1441438455302818
0.0077659486222085
0.3893264540715284
0.1856896132305928
0.3572368461549861
0.0326267972637303
0.3772377002782224
0.533392647287981
-1.3467367609763703
0.5985757986152465
0.7341354712447808
-0.4093359360178141
0.3741925690131581
0.2770952095653013
0.3745402796844984
0.369946314033863
0.094186814460195
0.3008585692334903
-0.0872924551199619
0.1391852448589577
0.2932901236763127
-0.4622252004193893
0.3536902671146054
-0.0034834796469549
0.1350522500181422
0.1353261174196645
0.0245789270754395
0.1969635470589949
-0.0215014632913882
-0.2708768392556788
0.3588939785687456

-1.329103468333116
-0.7697337556818459
-0.7336678611963982
-0.182995214231657
-1.5744983705389104
0.4610752465156734
0.8350149642627486
-0.556900445499082
-0.902745084781604
-0.1950384023432821
0.0497064541056054
-0.7147784636271591
-0.4066604793300924
-0.6671115741393427
-0.0634760310152934
-0.5697510844739768
-1.402568524316934
2.623074452833171
-0.5157182415097313
-1.600669332127955
0.5946905757540953
-0.4922175115559411
-0.6085693893568451
-0.7220834552591235
-0.8598861736313498
-0.0956929192317863
-0.711984820704487
-0.0610585042644526
-0.2249988910126857
-0.4994869249787828
0.1409126784939394
-0.743736585567055
-0.5575349461722691
-0.8711548453766651
-1.069403990134365
-0.1792675093527598
-1.4365010785426606
0.1262546989852655
1.9604563540397333
-2.686137490353412

-0.0056128145931803
0.0030424369609098
-0.001663818632294
-0.0004374101681329
0.0037241700761803
-0.0015901871310607
-0.0026643133029759
0.0005418768217526
0.0020873298187969
-0.0003792656984593
-0.0011631560428295
0.0010044017351118
-0.0006971192640268
0.0010078704307603
-0.0029851634689639
0.0051997260490903
0.0082375752850939
-0.013505139103133
-0.0166750489351591
0.0167425979468978
0.0409891985969095
-0.0905479585362415
0.114614606928597
-0.1879969101937145
0.6148063025822256
-2.933382543351718
6.687452756787125
4.16255112086091
-25.997778292799207
26.3859495670272
-8.203942481521636
-0.7974307871145834
1.8995410380508453
-0.0827790729643076
0.8712600604862809
-0.1284984619934749
1.1620216865242403
-0.2138551295658306
-1.4105900301487349
1.7974961499542863

