-0.7150226557555067
0.1270705705400597
-0.3682873332905391
-0.3286563835670795
-0.4158026206648566
-0.2706248757600548
-0.0917984858019739
-0.4084563006016461
0.0844640070435331
0.0829747897937379
-0.2314796394369969
-0.1706853654511491
-0.1097591689930446
-0.2392163998069735
-0.2333240971084854
-0.2418618896877781
0.0032093755470602
-0.2697573033193967
-0.0102659636210945
0.1122247414101198
-0.0885728705182907
-0.1302205755847244
0.0072605065221421
-0.1086537777530396
-0.085412923436305
-0.1346669570287516
-0.0064279542084801
0.0978816241976424
-0.6930544427741503
-0.0126618354944815
1.073448749895865
-0.2691800079272919
-0.6692037274222791
0.0875297460420871
0.006681442223709
-0.3746898237137879
-0.2522882078949776
-0.536409247545766
0.1709472389206095
-0.7813904693123024

0.2481137662774283
0.1175729508870297
0.1352506966078518
0.2660586393038598
0.3449268321532269
0.2451431380880713
0.1631864577798212
0.1559459551257373
0.1049471307526758
0.1088406258622947
0.1631379717867669
0.2289984897214366
0.295907779270776
0.390713726561523
0.4964247086102868
0.4327786831655955
0.2228879660190887
0.1984116567374632
0.1010854877219499
0.0433603894147702
0.0610581440548539
0.1267664101486871
0.1821510332152335
0.2154963076683013
0.2918237984641483
0.3158301731592071
0.1773337295303768
0.1100074209329021
0.0569497132643449
0.050139683923734
0.0816722788937878
0.0928922973315402
0.104690405729851
0.1287802530025573
0.166126304551853
0.2217070708994102
0.3026694828935684
0.2887164490323077
0.1161871828261358
0.2979119258932209

-0.9483219958031952
-0.1841797641021063
-0.5399655372447137
-0.7761635691514568
-0.9055224007553652
-0.5902308075454233
-0.4063823783066388
-0.4950559268540018
-0.0876408360711064
-0.0625432711455651
-0.3119112462298999
-0.4404128986277008
-0.4019843695964011
-0.5975796713907152
-0.7132698770626383
-0.6675968729218339
-0.1918561635601361
-0.408895356771491
-0.18399064602724
-0.0480419819599373
-0.1454985823251536
-0.3207598673908837
-0.3977762603736237
-0.5147406103384933
-0.7517401031932972
-0.8666818830616932
-0.4539853890443894
-0.3707588922876784
-0.1730905904171665
-0.0700605066200542
-0.4263975760568211
-0.3598106229499058
-0.2248620069669595
-0.3601173521088767
-0.5812243189801602
-0.7198052839575704
-0.9005541577073592
-1.0457394948457182
-0.1187987432478325
-1.1614380743610522

-0.7969475457529339
0.9689653829899164
-0.4874790109883066
0.1633666584838702
-0.0588497956758394
0.0389991745929404
-0.0384967521938415
0.0173435655791795
0.0068859633859011
-0.0047162030704332
-0.0031327625243833
0.0015739276028638
0.0008335688596017
-0.0009502230994628
0.0009055099357319
-0.002019006106816
0.0038736244792914
0.0082422955662444
-0.0183162614324232
-0.0176335404167669
0.0303187593458145
0.0460796086586344
-0.1281844077811428
0.1612256754699564
-0.2207315172781718
0.5816402968302202
-2.770984326393811
8.963342963460036
0.4943989675180466
-31.268081915510752
30.88028375540421
0.9618153354034572
-9.003154844744255
-0.2758943200378273
3.5919036366747017
-1.153822389019077
0.9502496422047068
0.5294430320724286
-0.1986020639366556
1.1241530452759418

