0.0515437273681089
-0.2271783110156356
0.1472703349158194
-0.0583966879997827
0.0088833798383266
0.0064722953772958
0.0147021260045242
-0.0131049057831465
-3.991508204254146e-05
0.0276315736546394
0.0204497769191629
0.0118749342756181
0.040286972714816
0.0466619784676645
0.0595600741799451
0.1125389855633057
0.1455769498103704
0.2016750941915705
0.0652260928577269
0.1029641667577071
0.125707282793963
0.0203426039338408
0.0111870996345017
0.0830482792087278
0.1205950429302282
0.1312176538729837
0.1617032304419025
0.2657855829411306
0.3142531956523331
0.4461864289596812
-0.051967186782586
0.5874567824611687
0.2176260648792107
-0.1679591373839815
-0.0827441892711141
0.1463765659476726
0.1193346769419857
-0.0397582649609229
0.0458888408503948
-0.074657915726237

0.4400788354033975
-0.0991688406110764
0.0901481674938585
0.2292945404333558
0.1985799311002702
0.2512979461533662
0.1232097862090749
0.1199880327612607
0.0453394558441093
0.054087413608215
0.0146046980781991
0.0004283503370562
0.1385325083280648
0.1437061439251244
0.0940263204892172
0.2652168274239312
0.3436831775117702
0.4114867987218754
0.1570911487996368
0.2880125046243993
0.0917604180913929
0.0088497504015532
0.0682398192637387
0.1523352726158859
0.1667959030913189
0.1606967506787358
0.199345121343578
0.2826470819346746
0.3423138810658871
0.3256980076929898
0.1886422621993517
0.124774960832251
0.0689072586161839
0.0303241030820686
0.058194243763396
0.108425826232412
0.1121337370347102
0.1898144064032929
0.1622059768741348
0.3653171579369479

-3.215345590475368
2.7065446041745256
-1.9697985367959807
-0.301602628799992
-0.936715830035168
-0.9195411632745454
-0.3433960426577355
-0.5897455843187177
-0.2902935467198571
-0.1798296662175286
0.1833393522298761
0.3381578141718439
-0.7632033455300388
-0.3635771394955572
0.1144138145390686
-0.6683156222851756
-0.4920225323208796
-0.7921245815255702
-0.017328885755762
-0.7690374217965475
-0.1280798202739159
0.1793564991143655
-0.1138780235832736
-0.463651743733929
-0.411016697957289
-0.2720661840727323
-0.5136998735846803
-0.804374755936749
-0.9347528343602272
-1.202374038701114
-0.2765976658045691
-0.8740960722574584
-0.663546748861834
0.4021995297612305
-0.2391728148144957
-0.9771345056334
-0.0741832757141761
-1.0198556269310934
-0.6556354267798254
-1.5933695987105596

0.0457935295026684
-0.0356127997626467
-0.0155472282268854
0.0189915348302741
-0.0045033274200529
0.0048709130666211
-0.0069303829285804
0.0061914980946978
0.0063268453069725
-0.0048849239947001
-0.0070328657389739
-0.0009981190317782
0.0049624011730122
0.0035488035005744
-0.0026294742762145
-0.0021378937572356
0.0009847987492555
0.0053527511649018
-0.0096026886601211
0.0077589553955859
0.0066976480467536
-0.0045729649723439
-0.0070998737857261
-0.0014654568862191
0.0046033591534696
0.0037859678536681
-0.0022748372821345
-0.0023927097204612
0.0010073648676844
0.0047213705332904
-0.0078448753430358
0.0071511177018159
0.0047480412945353
-0.0056099508226348
-0.0048933303685465
0.0013356213256187
0.0026350617325547
0.0064888874675726
-0.0153927337186754
0.0155274915000331

