-0.4115782965082216
-0.2122589009997394
-0.313647932112964
-0.0537491685552841
-0.3339851000744291
0.0530845937757774
0.1260124876269729
-0.1315378939552519
-0.1216932056484111
5.761383805772112e-05
-0.0871486070260417
-0.0663894242411256
-0.0648463927822884
-0.0019838396491139
-0.08211009461323
0.0107549398521214
-0.0051424318017531
-0.0167937338046164
0.130697736297861
0.0575004000276754
-0.0345016730852202
0.1167017960295874
0.1119210160713983
0.1596561514592626
0.198351899816028
0.0451773929558099
0.2170205399330467
0.0173643377823619
-0.22724543753787
0.0456746903707787
0.5350784186703714
-0.0156636620598986
-0.1979572906990113
0.2041330959359037
0.0095997384196276
0.0053426743256914
-0.0333292383898151
-0.2338223283685725
0.8088221005528073
-1.0371144662173244

0.149488777285015
0.1279222693348655
0.2375206931129598
0.0589401004177073
0.4683986418665385
-0.1834328362624761
-0.1929013790243556
0.4827834065384934
0.1749797480873335
0.0736925692143282
0.3169335452757649
0.2912791813376212
0.3942854067708251
0.0171636346204865
0.1869848036643417
0.961179023027412
-0.3033496665864165
-1.6973947464683816
0.94611869470389
1.064598695791212
-0.6102635121384816
0.2581950609369017
0.3419318275276926
0.309105994254148
0.3720849011877112
0.2450745446761771
-0.2761001473221937
0.2489886110423469
0.8697871156619098
0.2417621210460144
-1.5063879175996395
0.2057700771004482
0.97708756536244
-0.5298416678655056
0.2589750692367064
0.0749256433257399
0.1293892094908114
0.099938322106967
-0.1167010676234392
0.2552768526882232

-1.3319656851781505
-0.6879876362633446
-1.2142673878058023
0.1048635944245239
-1.7027062424816457
0.2260819618821515
0.6483318354497297
-0.7827478627527745
-0.6924495207588961
-0.0651779470568124
-0.6929089807927626
-0.6059762440578058
-0.7538871878826747
-0.1369472460082968
-0.0282484826436683
-1.9833010442213987
-0.041282260792983
3.4678428114135214
-0.9008100253848064
-2.289951388297621
0.7056463974500868
-0.0829884596067778
-0.7929865045841697
-0.5777110622412783
-0.8683732611874352
-0.3929649376594207
0.2244782840742901
-0.6671258711483786
-1.1076020137749742
-0.1478608521744935
1.522648041549678
-0.7068582322539493
-1.2883745484217173
0.2180197049031671
-0.8703932767351006
-0.8296501032576962
-0.9187601624712748
-0.8080063497885072
0.8931045768202766
-1.9661983623685968

-0.0089481523161275
0.0047625662319201
-0.0021820107259265
0.0014062905752462
0.0003387524565344
-0.0010015978518563
-0.0010024098015415
0.0015046228788592
8.38099484676189e-05
-0.0008287103056838
0.0005791616853715
-0.0003964452836855
0.0008166362913672
-0.0039899468096513
0.0111890941245965
0.0036265558789562
-0.0156919757557475
-0.0151043604352334
0.0082349116302876
0.0320477212773499
0.0027173578516826
-0.0794769782891249
0.1287342491613674
-0.2015566330951158
0.5783142136010249
-2.998185205942718
9.787829907714183
-0.1461560169794722
-31.69898200086595
31.14603023280631
1.4703570021129844
-9.04386403041167
-0.8530569814704375
4.038881024624994
-1.360666076730814
1.070225124033622
0.2785757541798194
0.6991765368504541
-0.8314600165636791
1.3252059584208078

