-0.7265327208594989
-0.3390010536710419
-0.5366454684445235
0.0201414189309526
-0.4700771548080013
-0.0862191706548393
0.0945263501839627
-0.0926986884451171
-0.2509211450111019
-0.128924590013593
-0.2384121765943309
-0.2869886272830336
-0.3303332693815625
-0.0644231958626461
-0.3326893358350088
-0.1400118393636682
0.2257991532973125
0.063213391649316
-0.1458602443638584
-0.1344795473487023
-0.0217199581994358
-0.030909001385811
-0.1145387320601157
-0.0872518713595193
-0.1216531757365424
-0.0450498707494012
0.1158322975581707
-0.1966590030806389
-0.3626573188069473
0.1178995793172397
0.6243870406544939
-0.3076161772898209
-0.3939406189314514
0.1179658565951712
-0.2742529517515065
-0.2834755369021801
-0.3543537606772942
-0.3708888364784056
0.696486131130407
-1.2412982204543497

0.3777167435469089
0.2091268325741193
0.326317224743503
0.0304061433506661
0.1391943086022831
0.1550425082646972
0.124310376156692
0.1056731156147676
0.1674853051884892
0.2675873226441729
0.3448476241735771
0.4749318052064161
0.5390236816030686
0.2336396267138999
0.3273719734327322
0.244662966503958
0.0019286296586437
-0.0516270852224309
0.0473124849802897
0.1564215131245623
0.1620228592391624
0.1364174632553318
0.215703520189179
0.2930960033774584
0.2953626785119349
0.1396261173490256
0.2021001266826453
0.0607536670818545
-0.061873012155261
0.0251424252757792
0.1515272326656664
0.1472789327463892
0.1102217147370335
0.145600776982541
0.2392402859694048
0.2835250402250028
0.3318969321460407
0.1150449127503043
0.083025924419853
0.3224976113456781

-1.2670942086212482
-0.6318523528103681
-1.1201371507643236
0.1798082119671933
-1.1616351055581868
-0.1702392005309297
0.2303787663340151
-0.2635797043829813
-0.6542073493122654
-0.2605818248533934
-0.6647824671243003
-0.7307888771328724
-0.9166239749745748
-0.1055900627453206
-1.0001650578290402
-0.5183149371208589
0.921323562181125
0.1983552888299558
-0.6997137620874948
-0.5527175842498467
0.1283112826604808
-0.3792565401817891
-0.5769321331894849
-0.6189234445220538
-0.9009818606440012
0.0103791615674924
-0.9885374478009128
-0.5630542347617302
0.9371331035218388
0.3194731895185319
-1.5341040056931805
-0.4794087639035504
0.3312168804849023
-0.8492471923897208
-0.664096158017391
-0.9396718351460271
-0.955788179362674
-0.7297165638958453
0.5615114630689848
-1.632306349087026

-0.008629315165068
0.0045997520210945
-0.0021151521515514
0.001362005702076
0.0003968856746267
-0.0010426803532946
-0.0010790979588643
0.0015702931260037
0.0002672897962868
-0.0011977201259171
0.0009530280852539
-0.0007919498454523
0.0015372494033169
-0.0046577800280083
0.0029241178030103
0.018535443344688
-0.0018026753654932
-0.0281001206401378
-0.0249609718886326
0.0351341385063659
0.079150098628441
-0.1715011214782497
0.1892503435784048
-0.2357443028629733
0.5424841160793207
-1.6938893921815008
1.0907471577520809
8.3772280665394
-1.5981633738828962
-29.977743257787143
31.602721525535472
-1.825985584358818
-9.487753646545544
4.882675055442929
-0.4889023759304713
0.6034346410103366
0.5018841632247317
0.495031083422393
-0.6271813484311259
1.2351102752752363

