-0.4160600265784032
-0.0025331596376121
-0.2628566196706803
-0.2650278845740105
-0.2194020538193669
-0.0985200093114114
-0.1157027434588438
-0.0579186539218655
0.0002052420367339
-0.0077867569195131
-0.0476062826792476
-0.0494029603627591
-0.0281483036667137
-0.0396668599134159
-0.0144590043740655
0.0076743154797933
-0.0566896517746206
-0.0147879458336306
0.0737723179572481
0.0773439641572467
0.023631777984093
0.0222898252346785
0.0617961606020474
0.1027943276955777
0.1375805303734038
0.1748020523744831
0.2282741135455512
0.0794968495025318
-0.0177844204147666
0.1051856527992308
0.2634186940436031
0.0963850165145265
-0.0653085869089764
-0.0454258246087581
0.0432794602621926
0.0225611117426437
-0.0416058261499715
-0.1493774423532342
-0.0726215916094534
-0.3719495015638796

0.1529282027257335
-0.0279943412247944
0.2605148541832097
0.2919198967478972
0.3283061852128091
0.0961917712434405
0.0114235883005854
0.2570218145090668
0.2075940999815569
0.1022116130173507
-0.0641160981455008
0.3461194749202504
0.1723182923796076
0.2841716451482775
0.2860759758657333
8.99706603877948e-05
0.9267832526409367
-1.3284301400585712
0.1517525531639999
0.8796107189709248
0.046383995930234
-0.2321472267658278
0.2103381419152734
0.2618972247038293
0.2437555787936299
0.2781064420256801
0.4250977662278136
-0.2954626455225803
0.8436879996046086
1.0468363221781132
-1.6834778587289472
-0.7148091531476397
1.1094352964192693
0.5245989151018318
-0.5914587489799324
0.1870433610913432
0.1161967106297027
0.1041109216191409
0.0913731295087932
0.1597682904092756

-1.5537924871928064
0.359391922446364
-1.2140005854332578
-0.912720925521912
-1.1368738928815625
-0.0099655166496729
-1.0762122996160055
-0.2009215495550275
0.2373746822814803
-0.3757230040442564
-0.4193628227472953
-0.2787125688742923
-0.4909171064684384
-0.4857763275821278
-0.5788422564517623
0.2510634717207431
-2.3462654235598923
2.428725055114963
0.7513591822749212
-1.5192475444325753
-0.8276731911586743
0.3506391447175156
0.0691950118158919
-0.7416746817669134
-0.495435770240235
-0.7191075410899415
-1.0123359446937703
0.1951167871847216
-1.2111276088643217
-1.5034181536813764
1.920528834316606
0.6317232902772294
-1.4425545005356175
-0.8762705216623468
0.4263431700876851
-0.7247655749154306
-0.5955013482663758
-1.0016311966250009
-0.6419340181899326
-1.2563781429498857

-0.1593941986065702
0.1631490559789553
-0.0739827148974351
0.0254376539840683
-0.0120643765677693
0.0120096286138492
-0.0089790288585905
0.0002099898456913
0.0018934555877981
0.0011347246030678
-0.0014150532746464
0.0004325492514779
-0.0004666631160996
0.0011130321778773
-0.0033090420637014
0.0120157216430407
-0.0161951769732085
-0.0311920789820115
0.007277975048897
0.0634897857228818
0.052006660073485
-0.0917825352375147
-0.1751390949472021
0.4240843850156457
-0.5017187147746679
0.6691230184436319
-1.719727942954159
7.740226652768255
-25.1889577311613
26.61704637193497
-0.3969342037624242
-7.593640987971875
-3.0973780871322893
3.189533034120755
2.4700119594706726
-1.9030979961671632
1.069360962471953
0.4147311649130514
0.3752288342963616
0.7960243621001771

