-0.3783052291459449
-0.038703971254284
-0.0145425953389203
-0.1596741923331161
-0.1708084118848257
-0.183549006521069
-0.1804801965622394
-0.0755268153310053
-0.1291573103698756
-0.0653795948245894
0.0175824546574609
0.0406823938643
0.0117532995849556
-0.0353698101418918
-0.0328902779769694
0.0264113755474072
0.0282638142478618
0.0498041054009559
0.0962852595699344
0.0424043211999739
0.0388799897509693
0.0537919137843751
0.0416433885463232
0.0507972662972748
0.0739236433878806
0.0937472409476361
0.1337509552959718
0.1893355901586574
0.2596819113897221
0.1562416582725647
0.1630737350269533
0.1951920515955687
0.0097478237592273
-0.0505520174598412
0.0028698846246523
0.0323779317402294
-0.0323661367565741
-0.1305212443470866
-0.1340908654870011
-0.3647903865774853

0.1247102096044171
-0.1962008618562665
0.2102450959350581
0.2981315744961532
0.1183622560494192
0.331903520787119
0.359869082314978
0.0828976359830404
0.3067073614976957
0.2517937670787798
-0.0974765267787339
-0.027891855675859
0.1499853748050787
0.1014757859489378
0.081216794984978
0.102802538596814
0.1617546473826205
0.1735109005987679
0.2838298912780688
0.124607199072618
0.1238593641485625
0.1469831245833905
0.1042160885050969
0.1042332718399763
0.1389841371969841
0.1501601504572918
0.1882674278137833
0.2537917159135638
0.2377296420060886
0.2007170445870937
0.0399890714912254
-0.0417167421895879
0.0493172470556837
0.0577328534479196
0.0456928842187731
0.0479916990548866
0.0615236046218225
0.1157145509544678
0.0999392830268746
0.1764558614897274

-2.346633078767941
1.8092805621263897
-0.8409747751728085
-0.9501270868642264
-0.4435806101474426
-0.966565168874332
-1.0151936256681628
-0.0827526012961128
-0.969421238390984
-0.8974890354844295
0.906557427381625
0.3152990604096716
-0.8454415162899189
-0.3045055658310854
0.1831473779589632
-0.2784097574946394
-0.2589995497007881
-0.215457830185265
-0.4190267046539205
-0.1919475110187709
-0.0405422448300342
-0.4400801160478348
-0.1484757420610786
-0.131122884514365
-0.3738969208360232
-0.3876244757910911
-0.508785853578111
-0.7823145961483042
-0.8727251890122182
-0.8396568590298609
0.1016851359272149
-0.8135144478125057
-0.1894145320701089
0.1140859323184614
-0.3866420451394808
-0.6813455996067243
-0.3065813398126691
-0.9318904517375244
-0.8000425534632545
-1.308230250528026

-0.2651915679141317
0.2708028453904958
-0.0162184485858625
-0.0768462244897384
0.0434912182593503
-0.0157046490945414
0.0069921233340302
-0.0061762663729781
0.0043580254356548
0.0020446456861857
-0.0027819949815826
-0.001961515769871
0.0011164935382148
0.0015704325660412
-0.0003739861317295
-0.0010169214803887
0.0008586870164838
-0.0003564516875696
-0.0006588339894763
0.0113004703562866
-0.0622134244744608
0.0617049762054505
0.0926779916678439
-0.1003617074307087
-0.2037587342035865
0.452542304325475
-0.4601932706823846
0.4387556500708161
-0.7008061671763406
1.5477971987536578
-1.4501111105128155
1.8161356247887568
-0.0020509524193772
-0.5623251726754979
0.2684216347476539
0.6543805214951924
-0.0058890787124738
0.6074684999925464
0.4082036576926354
0.8416039701515978

