-0.2837321936371278
-0.1566374997905441
-0.1212856417944248
-0.1657797932848974
-0.0847917069941903
0.054029172582104
0.0505961939908446
-0.041922697482723
-0.0572975701386341
-0.0194764504751299
0.0041148695999291
-0.0109527226600701
-2.93470558792895e-05
0.0182861163570676
0.0281452470969266
-0.0112553783535602
0.0143872392159927
0.0145772768890477
0.0835610606540397
0.0762593599398003
0.0507772121645959
0.121375154179134
0.1751529354956652
0.2312045938547947
0.247717245782199
0.0704240619825413
0.1711414850010597
0.0723175763500954
0.0055922258288058
0.0974738420176819
0.2317050739350328
0.1039925511669485
0.1809110463505467
0.195116539497173
0.1913800405548234
-0.0249394358122866
0.1910094353360914
0.2718595861708942
0.0313893928425188
-0.6256494536039889

0.1402390948847972
0.1906219825910568
-0.0314043737557252
0.4560781163680701
0.3365270116929666
-0.5005358507872112
-0.3420213339051329
0.6519412611397077
0.4653616438464919
-0.1530252734594639
0.0205928131191431
0.3967892271812981
0.1860518001586874
0.3687051271442367
0.0120345194688369
0.3589871947218667
0.8262555746930333
-1.7176247473835224
0.5160281091507131
1.0030072217493191
-0.5722526576487065
0.3770708440065791
0.2484434681554455
0.3365067551500884
0.3310308425107892
0.0989630105670474
0.2434285936888793
-0.0948814533638107
0.1795753526467665
0.2832716589858869
-0.5163438794382426
0.3836632541423686
-0.0226975466016343
0.1338840137618258
0.1325890180978358
0.0210050434107429
0.2072328186254521
-0.021016637902393
-0.2991335780197431
0.3842615682286958

-1.410880314450534
-0.7309747486663939
-1.0456985077457015
0.6564433093586931
-2.4128893855131266
0.3634984186269193
1.130348682150036
-0.4254819436441173
-1.0147574980289948
-0.3124765039513255
0.1326988732853867
-0.7516560491266427
-0.4054372699523528
-0.6858167411940463
-0.0287098114459647
-0.5399860291756745
-1.898430346343382
3.261844288200588
-0.3921503775638706
-2.048846447715494
0.8661578146052693
-0.4963400340078877
-0.5608843754304059
-0.6568799469539368
-0.7890355990497276
-0.1066571284150472
-0.609005917721642
-0.0420125413231288
-0.296026186701027
-0.4827337626474704
0.2781435352407675
-0.8001921553784436
-0.4986814803400579
-0.8496658694875243
-1.0463384199021106
-0.1663064755903928
-1.4686998865523215
0.1790181538187487
2.070567513439196
-2.878970518908721

-0.0056128145931803
0.0030424369609098
-0.001663818632294
-0.0004374101681329
0.0037241700761803
-0.0015901871310607
-0.0026643133029759
0.0005418768217526
0.0020873298187969
-0.0003792656984593
-0.0011631560428295
0.0010044017351118
-0.0006971192640268
0.0010078704307603
-0.0029851634689639
0.0051997260490903
0.0082375752850939
-0.013505139103133
-0.0166750489351591
0.0167425979468978
0.0409891985969095
-0.0905479585362415
0.114614606928597
-0.1879969101937145
0.6148063025822256
-2.933382543351718
6.687452756787125
4.16255112086091
-25.997778292799207
26.3859495670272
-8.203942481521636
-0.7974307871145834
1.8995410380508453
-0.0827790729643076
0.8712600604862809
-0.1284984619934749
1.1620216865242403
-0.2138551295658306
-1.4105900301487349
1.7974961499542863

