-0.8376567730360297
0.1900246275081577
-0.8324432900806761
0.009541648126562
0.2482830296577726
0.0245873290058391
-0.2403507148350513
-0.2178790221507685
-0.0673085394791222
-0.1273941672056328
-0.2671918980078768
-0.2536608676283974
-0.3239018012155368
-0.0363734223487793
-0.3585884098731
-0.0801638795139015
0.241804451058916
-0.0739681327866792
-0.2149040597215323
-0.0017447702752347
-0.098113107166372
-0.1212050032675541
-0.1254605309135333
-0.0925353336589633
-0.0304274880859588
-0.1048765641284814
0.0384467066246099
0.0170647571447265
-0.1122895135787673
-0.0403794564810605
0.0206706247013133
-0.1658076039185967
-0.1550846555406694
-0.3104172821148061
0.1983940340114019
-0.5674892842533413
-0.3600490324827585
0.5347374469346883
0.732773129393813
-1.5385163218321682

0.4077499412011311
0.0412608914556458
0.2062273596507889
-0.0523251587199538
0.0118906924086636
0.1372400185541989
0.1882148837637538
0.1185625592439971
0.1261183497628365
0.2555735102044097
0.3462565738193118
0.4444200146241495
0.5188241367357461
0.1820207924724573
0.3727637165756455
0.2411426916152735
-0.0595198874901041
-0.0088200297590264
0.1923196854905859
0.2226242580634314
0.1591216034904506
0.2834516196613129
0.3274211986381889
0.2415734361556664
0.1122476260883866
0.1943062701795229
0.0771806243306949
-0.026472716098431
0.0565221980716034
0.207842557538383
0.190798160917452
0.2492292059126491
0.3449151699299908
0.3140228299547499
0.1076451127868296
0.2916344267626985
0.0693176155303434
-0.1550546905738526
-0.074069501695044
0.4822864442593574

-1.508283772143406
0.4910493790888712
-1.7306767979963555
0.1055034531406569
0.5172608874020862
-0.1141071476855821
-0.6643816945960104
-0.3556513578557764
-0.1076810830990612
-0.4620522653203409
-0.6244806313108626
-0.6865775442745101
-0.8757579348622798
-0.0663712916587944
-1.0311458133611566
-0.2072832608036988
0.7071271575974608
-0.3027403497918425
-0.6948106031360785
-0.0488546384053026
-0.4505750979450301
-0.6014188801186224
-0.715253222530063
-0.70114040601357
0.1250400252984935
-0.934015943537492
-0.1386222099750219
0.2184117763163146
-0.4168072524969425
-0.6453488871913599
-0.4781804067568108
-0.9114784399623692
-0.9910725216517672
-1.250134455697399
0.440956284537436
-1.8915912487395143
-0.8288716624010152
1.3181501788612444
1.4889054788517095
-2.8139058476482948

0.0001480216522303
-0.0007564474180279
0.0016238169226254
1.5409025350189197e-05
-0.0020522966438993
-0.0002109597943355
0.0018547574343315
0.0003976608351678
-0.001815191824025
0.0011312765932587
-0.0004394907232512
0.0002984727319943
-0.0006391372149498
0.0021532666385406
-0.0030601406129644
-0.0030283185745724
0.0012931793095573
0.0104234152273179
0.000237209849548
-0.0297085826276872
0.0481678183911478
-0.0614285807116234
0.1219354362106651
-0.4472120722405298
1.5223515002499126
-0.896467568068928
-3.3164367498552725
1.7005589200773226
8.439393306579559
-13.76077462010651
9.64228655441212
-3.123216338648217
1.666789988275566
0.1395851024263888
0.2520279004045859
0.6415710250407343
0.5492475157626507
-0.7016568777131311
-1.0275674395689176
1.8417415638961196

