-0.5162085965037099
0.3181813476423755
-0.4659565891612022
-0.2384616360432072
0.2357108990917279
-0.0820494371556875
-0.1979174375240679
-0.1034576645889773
-0.1643220211157818
-0.0579324969853533
-0.1016444315082863
-0.0540482935276106
0.0410391045558259
0.0165257790163397
-0.0304079397273887
0.0154630076123771
0.0190720804218262
0.0187070477262056
0.0735017160082123
0.0892017202311064
0.1307442604104236
0.1057792936021313
0.0072327254877124
0.119725767254176
0.0640998009650402
0.0123669354038054
0.0571792957995872
0.1231854416188525
0.1318446194750065
0.1939202003017184
0.257921768983871
0.2162629900385745
0.049855195476088
0.212868202937483
0.0372569346801043
-0.072261587173195
-0.1042701084739466
-0.1232871809442952
0.1716096459998361
-0.4993139639425875

0.3697139981260673
-0.5428595360663617
-0.185420401704587
1.4232339080797407
-0.6392111702765447
0.0917084794997417
0.3888235226946538
0.2667633560727068
0.4055488164194479
0.3246333108120218
-0.1644914845682628
0.4868225517313508
0.4152186425119474
-0.3703165059285472
-0.3003657354960775
0.3153719649455246
0.3696712893073505
-0.3273039916245103
0.3917831289291656
0.1975353705217312
0.3501418510318272
0.2865684019381312
-0.097582247048206
0.5092830445953856
0.1695032481239883
-0.2201112077883692
0.0551785251863559
0.3480168050210692
0.0104968862270135
0.1870916624177967
0.0984663577047556
0.1278904946620676
-0.0228830673349528
0.1718707414793955
0.0377814622476709
-0.0921306003692174
0.033584803402824
0.2248204403133763
-0.1332905087513924
0.2346059934248392

-2.039394143680096
2.123942755806188
-2.2360064932473462
-1.6012675828241818
1.918504285901212
-1.1880722441377105
-0.6071933512143071
-0.7469197346498881
-0.9166985472654524
-0.6488527521177265
0.1976218522622588
-1.1483467481546812
-0.6143342425143821
0.781272599390876
0.7223934321145521
-0.7688816386770612
-0.8127098418686408
0.9091325445503686
-0.7558212164267543
-0.2603021064534721
-0.5928932874651334
-0.5344735980323692
0.2457847314156698
-0.9024110078589068
-0.3107615585051764
0.2563127664417472
-0.2496833227199607
-0.7202262371740262
-0.2970189746225219
-0.762565606059203
-0.7614319258811046
-0.9727751747846805
0.1665875326181904
-1.322428374824081
-0.235446326695355
0.7260515083948084
-0.2827668152602914
-1.8096667321433637
1.1058517148053204
-1.8596157050865276

-0.0053259249185653
0.0059565198149974
-0.0012272270200044
-0.0018857459431831
-0.0018725660777162
0.0038815036909593
-0.0023372405009223
0.0008883964606829
-0.0003576030713614
0.0005329187721206
-0.0029120823744065
0.0063794175499364
-0.0004620495021039
-0.0051753347350372
-0.002728075126808
0.0037193856588872
0.0063654502908199
-0.0074338608835913
-0.0001850083391321
0.0083819648520338
-0.0262699264845906
0.1292346241399701
-0.5947312959816313
0.7844321968880801
0.8039695328482653
-1.3650235904247203
-1.861510792606435
4.954665783956366
-4.78620334807558
3.1540791100642176
-0.4671831359952785
1.1039604935648402
-0.6090547046041428
1.3268378395101352
0.0226017566761099
-0.6385684557224046
0.1957046869791494
1.1813009402448733
-0.7495954413581338
1.1220270798334515

