-0.9126714947221468
0.580875825970487
-1.054088951297142
0.0620629753107209
0.3446298845550439
-0.4103609610796221
-0.2267308742901704
-0.2957233079714411
-0.3663235690050003
-0.2212513649908004
-0.070705295326449
-0.2685865979815454
-0.065086347466433
0.0377365576635035
-0.0203292301814196
-0.0526836182709036
-0.0751863675330077
-0.1084143035175905
-0.0886392329096064
-0.1424904123670302
-0.1502447728943476
-0.0893365257211184
-0.0700806973668835
-0.0860012127783956
0.0415434869885095
0.0087828179427557
-0.0712065619543108
-0.0595237554127536
-0.0370705478596747
-0.0853240473878337
-0.0779033481510447
-0.1656402946355828
0.037708117959126
-0.2029075095743836
-0.1004930839098524
0.1210755132938173
-0.1333135567990793
-0.6463220538770135
0.4437194697819954
-0.9351580403884704

0.3968853808634821
-0.0632323172151379
0.1466464205860487
0.0782938031778105
0.0944507444286392
0.1735937957693307
0.278847261878175
0.357023178604655
0.4643986746284169
0.2952633609945166
0.1490325419174623
0.2020836089088916
0.1408376684946577
0.105220262163825
0.1096550830110217
0.1113130136725735
0.1183113601136643
0.1882507622704684
0.2352631917323527
0.2907074486227218
0.3364709408990509
0.2101205473453921
0.1307827796831299
0.1480040725404633
0.0631433284347802
0.0361215165919434
0.0980230609987078
0.1314924000992713
0.162729743496498
0.24625220389835
0.3329195745719048
0.3205226670638568
0.1316175918705842
0.1790187163163552
0.0850922847818813
0.0435051829348349
0.1139534394884542
0.1571291655689613
0.0133163029649325
0.4168083245764192

-1.7541371569324644
1.620871837320402
-2.590266300289213
0.1847998425635842
0.813682637627043
-1.080300091423107
-0.4375443946881936
-0.7672318636194306
-0.8793071267007541
-0.6119695625197576
-0.0128274188658638
-0.9611912412241456
0.0017925182784032
0.1879140752047725
-0.2534982267139121
-0.1097103185693207
-0.2357887531763471
-0.3548804568189695
-0.3519023027888555
-0.5751443593902472
-0.6386887917662919
-0.5595376808441758
0.1078582366502269
-0.8387234706118559
-0.0427199910962424
0.1487090901206376
-0.4973685693831748
-0.4611762860979873
-0.4261985806327436
-0.8485331258011127
-0.9950020417785104
-1.1873330201079386
0.1594608934324828
-1.6342078459080365
-0.14917424698998
0.8557329550554696
-0.3549174801422465
-1.8172910241916251
1.0905173925802116
-1.7728099146778216

-0.0050445665746232
0.0052413430935254
-0.0001864230973209
-0.0022753798056532
-0.0023699932886799
0.0044908175266966
-0.0026940041926716
0.0011175037015854
-0.0006787804175852
0.0013079357309387
-0.0034518340890507
0.0038248656477907
-0.0002986068241484
-0.001440550983838
0.0005626340706103
0.0002226272148821
-0.0020321556940802
0.0034654150305642
-0.0028049798213198
0.0014322192562419
0.0004765834437536
-0.0165775327050077
0.1309894203636089
-0.2529974140534868
-0.1366549014280748
0.4493091660698189
0.3323920456782254
-1.3487049114495788
1.537892993445531
-1.3178630592155312
1.396795705859464
0.1639603525256378
0.4172880932136121
0.4066999658995886
0.1324343270901699
-0.3277408133514789
0.1837470797353801
0.983453013262336
-0.6309474305087139
1.0924211563694437

