-0.0052796814210395
-0.1441925265234432
0.0348090130154852
0.0460687441220567
0.0034690758394022
-0.008309310563624
0.0177943437612732
0.0249909015965296
0.044538704485612
0.0354104256804951
0.0044509981288079
0.0244186999259463
0.0262177074504769
0.0211690294227093
0.0258351983908322
0.0461352386075441
0.0555991475834222
0.0893346523036463
0.1508674613350409
0.1949323147232445
0.2628098040526687
0.1770520020093638
0.1002227115343324
0.1336023898607889
0.0702240592164377
0.0580357522184794
0.1147657915295153
0.1727743285046597
0.2172117905614889
0.2946063281143702
0.3953940458517986
0.3926795387845956
0.2058291247960445
0.2431956743923669
0.048886342023274
-0.0624377839292938
-0.0180368016233934
0.0614500244137307
0.0306327119321607
-0.0931708832521701

0.4079032242735054
-0.1623516478539842
0.2335701067491182
0.1573683060047465
-0.0382704808963894
0.0663806703251437
0.1995817031452275
0.1674959878236662
0.2323990489852449
0.1443478438508901
0.0785805819559636
0.1064186333203839
0.1145532230215183
0.0060998983547266
-0.0978736451884507
0.1261046587146286
0.2604572798489123
0.1751536638290023
0.2414613259355487
0.3822788742834276
0.4355516131123038
0.2943807833517686
0.1639673701947248
0.2674937083790119
0.0985779180327562
0.037656614977444
0.1316320465409024
0.213491614548134
0.2055745843577671
0.256265587845544
0.3124638300338383
0.262855018350032
0.0968208856776913
0.1720924446753092
0.0481906165291243
0.0007666540945631
0.1076261548020018
0.1774999499757195
-0.0452411204367592
0.3959328535894197

-2.236339331434249
2.115271314786308
-3.1819438061032868
-0.0703226612189144
1.4735208280927343
-1.3374149189258766
-0.3373416186094933
-0.659612514037335
-0.7153781388529078
-0.5254899145593344
0.0260437054820349
-0.4760323095450142
-0.81709812064797
0.1021811882189825
1.381641476805448
-0.7812716351459217
-1.1401857709400252
0.4422623564980303
-0.6642537228067898
-0.6130576345533758
-0.7795769946244844
-0.6958095096377863
0.1612175029330042
-1.1181890414966904
-0.0559219298077008
0.1690173405344676
-0.5150078165267785
-0.6653621976521309
-0.4485707251753464
-0.9628932043344822
-1.0584303120495029
-1.2924036057291153
0.1867334859221908
-1.7717326630639352
-0.1947373929217789
0.9490827523091367
-0.38441383600293
-2.1026399058459235
1.2787583953642314
-2.09447125111408

0.0332884811369614
-0.0481389109225364
0.0168473682733024
0.0159021937060599
-0.0065474084417796
-0.0037278317471017
0.0049144401171313
-0.0039988702424197
0.004530048350397
-0.003216370312957
-0.000646073435099
0.0087847308762679
-0.0014014005882139
-0.0069789186754664
-0.0033534346476622
0.003231628865678
0.0048361821661971
-0.000671500827647
-0.0032380665626061
0.0002582226050329
0.0034487839517264
-0.0023483043828324
-0.0006390840411239
0.0071061066170767
-0.0033115942214023
-0.0056473987442743
0.0012699494061192
0.0045896944014106
-0.0012001181970707
-0.0023881815753737
0.0016439824012837
0.0052474132344834
-0.0104966510542049
0.0052315885336319
-0.0014444229037006
-0.0014777615528729
0.010663105513621
0.0076059078309622
-0.036893979915715
0.0311342032763433

