0.1836687366963139
-0.0125071492939352
0.0934939595444906
0.0613520038427973
0.0064161418536876
0.0067921356480641
0.0435767074070478
0.0642771586243953
0.0755927495791276
0.1125973552255353
0.1567963387594713
0.158730659625623
0.0629394406541982
0.0912013124317377
0.0535941656860413
0.0382853719846457
0.0624457833015136
0.1208656957809681
0.175900114727376
0.217021799949564
0.3206042596203154
0.3730157269275124
0.1843234106905859
0.1649145278477879
0.1340871378495465
0.0629156087686804
0.0579132516321982
0.1090053102305084
0.1701100454054863
0.1860604019235364
0.2381038997519822
0.3994571424005869
0.4278808407838733
0.4022260018744553
0.1989709145463887
0.2506648561933867
0.1259402042211641
-0.0265793327992227
-0.0657932332717909
0.0345218806550885

0.3837062297721546
0.0703879203152512
0.1675882790751194
0.1375910790678615
-0.0038220769755258
0.005779950468175
0.1078699356240165
0.1009939182806864
0.0940884195768054
0.174546842084855
0.2141249738876544
0.1911379225895309
0.1154476227812523
0.1620456535314
-0.0917338316688601
0.0316389479491468
0.211850869848034
0.1668010562283496
0.1364907582821423
0.2823474424123338
0.3322275682357913
0.4135022311756951
0.1664684492335885
0.215028245612125
0.1905965740315462
0.0437636859060784
0.0086837614727216
0.0717905129332741
0.1333619703416572
0.1192988141567089
0.137168996120716
0.1708389840406946
0.2490710404040924
0.2515246332934623
0.1065502639965201
0.2145214194339033
0.061695786950016
-0.1371029282420542
-0.0676390959632639
0.4415294144320195

-1.6860181862029644
-0.2201708564037253
-0.8177742226875081
-0.8580470776546073
0.4398759280076208
0.1601438494493601
-0.7639990637578268
-0.2599329273074417
-0.2518878232970803
-0.5808721431783137
-0.5613473370835719
-0.5933877204430198
0.1002368562353473
-1.5265502161289772
1.2764437814769245
0.1133794141549334
-1.1002145746618346
0.0342508022034151
-0.1210204529302935
-0.6146266777792478
-0.5634501567633006
-0.8281788165922195
-0.3219871125256743
-0.235171483257349
-0.7779449351335157
0.0750813433843127
0.1905613001478553
-0.3309759192613983
-0.5833778880163807
-0.29677618376202
-0.4241220489402972
-0.8522093058162544
-0.8674184455433029
-1.273960653842996
0.1530724770614771
-1.3939455539854049
-1.422991337650381
1.4445787799052796
2.0233051061848064
-3.451655208580786

-0.0003009766702443
0.0004490813989133
-0.0010715666090412
0.0017394999802965
-0.001269656733129
-0.0002720954892858
0.0014404760578953
-0.0014328947104815
0.0008073499820584
-0.0002680986405687
-0.000172897645244
0.0021637479702662
-0.0228288491006012
0.0886849514018667
-0.0307054994019034
-0.1520605734879144
0.0361792502458235
0.3591068260948235
-0.5706601320234771
0.5554438876113563
-0.641939800115005
1.470100087054906
-4.940825371022723
9.65844496293136
-5.284166663107909
-2.215029908070485
1.343523227712527
1.9117554055587
0.0825688890180874
-0.9337447767820968
0.8273278783771653
0.326546482382159
0.4658067489485334
0.6637505139187287
-0.1103866098107277
0.7733933535241168
0.7639526173101236
-0.8146921518161686
-1.1865692905835967
1.9494517646075704

