-0.2829166857141418
-0.1527712720125029
-0.1329251562691647
-0.1544880577722175
-0.0749419344567664
0.0505058173946194
0.0209866184750976
-0.0748434724535181
-0.0505001623251213
-0.0061697224452357
-0.032414558646455
-0.0176820409661569
0.0078304165944638
-0.0108177921419233
-0.0196324712514753
0.0349673246504721
0.0309178688693343
0.0222922867218849
0.0805811190028522
0.0844320079719625
0.1289270719218571
0.1875684585566375
0.2387676246530892
0.092160034736471
0.1328926391377714
0.126391613514054
0.0079063514183754
-0.0100099056964522
0.0550088160214077
0.1508167025556426
0.2143192891352274
0.0774079529844505
0.1930297882535158
0.1860848689701848
0.1836682502350904
-0.0456587887642973
0.2109123946756321
0.2804487009150848
0.0277217110931782
-0.6419717531350644

0.1490550674739012
0.1593575444668522
0.0708519697776798
0.3074363531222192
0.1368915708801457
-0.1000874695679392
0.0185645496445925
0.3077423514171862
0.2027383180133763
0.1609984246525956
0.3133020076173527
0.341058587792357
0.3471550266724451
0.0345878313694163
0.2889553164703672
0.2022211163002521
-0.0692374565608285
-0.3932365419687264
0.394467834881702
0.1997765492503102
0.1249603728668535
0.3379120299597338
0.353625744840738
0.1343603276117918
0.3062920200650571
0.112051339038044
-0.1428913559484486
0.0260142342848277
0.2459868163565551
0.1157005680110324
-0.2609055463743044
0.1704621958859435
0.0736335411902563
0.101267449202071
0.1241789359050866
0.0512108526893297
0.102816012252039
-0.0339089544878535
-0.0827053478280814
0.2374024399660685

-1.4110707898391153
-0.704136967522402
-1.094530879899016
0.5360628053779857
-2.141890522083909
0.5008379034373843
0.6283139881964457
-0.9592219737789496
-0.5639783423950885
-0.2199044215270271
-0.7338818485169261
-0.6687969853547179
-0.711126126345413
-0.0648692984400429
-0.3417896359641271
-0.6718151937424401
-0.3113764543242701
2.019199247108992
-1.6810439581248546
0.1002436310388869
-0.3318343437906434
-0.5673425361831563
-0.7164704434134376
-0.2065827058096437
-0.5717392852387616
-0.547690518609635
0.6525404651578011
0.0480141577360433
-1.022747204970737
-0.5214812260063556
0.7269844898810062
-0.9997531955851894
-0.4588947578194857
-0.8203762538272233
-1.007862253141102
-0.0021977551247467
-1.6357467401907528
0.3224322893834698
2.051269072007523
-2.88574804997579

-0.0069140244934555
0.0038624874731735
-0.002337864693002
0.0007939581912974
0.0024571730653324
-0.0024951328891537
-0.0010613187733421
0.0020439360334628
-0.0004086178314835
-0.0004799232732215
0.0004754829603714
-0.0005337981387722
0.0014878020142356
-0.005696650799355
0.0090468953131426
0.0035842477857822
-0.009881124504779
-0.0086523308346298
0.0149406544827788
0.0046719062980474
-0.0260636177317017
0.051836791052178
-0.1650039091686963
1.015053305195452
-4.404982230442869
2.652474467807657
8.576405862009725
0.2754424828476274
-27.99178328027286
28.49772559984976
-6.942750939925475
-2.258522176903837
2.464704646208164
-0.3020686094398263
0.965822034274673
-0.3401450658399352
1.3344724398802603
-0.2816142694333166
-1.4312268049189518
1.804642063603396

