0.0005948408141087
-0.1275084837310831
0.0186790744983145
0.0362499691303811
0.0126899748147363
-0.0032471233480082
0.0043450560046939
0.0239134553008088
0.0400638750646357
0.0638275083541075
0.0248061148374513
0.0219416841632439
0.0352528065380019
0.0219752021407448
0.017473003360897
0.0331377184404709
0.0488764075638258
0.0820993184568422
0.1283940144851654
0.1628363967926005
0.2384389452931472
0.2691143819284547
0.1169744592281491
0.1260260606371576
0.1001809674477784
0.0490126715642475
0.0479961517013439
0.0882172635709144
0.1368360506659956
0.144428975258315
0.1747278819994725
0.3301471109153102
0.3167987512281006
0.2812946284806173
0.1491049323058466
0.1725863108302058
0.0612081264887114
-0.0447850478363243
-0.0671772194514347
-0.0600447116921155

0.3796084423825009
-0.0304462210546683
0.0356635697217555
0.06134722956691
0.0769778073593222
0.1011770185740906
0.1200667735029829
0.1533135664863747
0.2073622499065626
0.2550576241061085
0.1009862940735292
0.1067767041692928
0.1987267324812739
0.0160990214704757
-0.1686165363751384
0.0794030027939576
0.2837501494343241
0.1955060205628769
0.1445367286096585
0.3445935923159625
0.381546039847919
0.4667440247492502
0.1365388858746936
0.2753174216712533
0.2249935553125557
0.0414543918351703
-0.0013021315547567
0.0764313435422726
0.1542455281806468
0.132283212333534
0.1446600527480832
0.1701495881651743
0.2477301074940638
0.2656501873638816
0.0860135644878168
0.2261400110943827
0.1336974223712202
-0.1053406892988208
-0.1251831571940077
0.4817084624208433

-1.989849137821193
1.012255859284877
-1.0561464450885327
-0.0820044999922793
-0.0404324027621227
-0.4872454863304165
-0.4178448346115712
-0.521503507307384
-0.6735834460266126
-0.7536747224873522
-0.3259861228527996
0.0764277444920234
-1.4192645189950486
-0.099211053035073
1.758496331358152
-0.4485501149242636
-1.4313871138354115
0.2024098366887851
-0.1290872741470645
-0.7728951262936092
-0.6059512778324423
-0.9699034996514442
-0.1469702111495509
-0.5111464971726225
-0.7837601994544492
0.1510759184770923
0.2224100462378661
-0.3802732859864999
-0.6858471196175098
-0.3154365386740968
-0.4392980909807135
-0.9291876007653348
-0.9519104646099116
-1.286723064253537
-0.2616987774286884
-0.5865394702832718
-1.6322663591360205
0.3482210407814789
2.048778676803808
-3.0190109596303007

0.0008954618343058
-0.003050574652941
0.003757853517785
-0.0014218979210876
-0.0008962646409004
0.0016204734090328
-0.0016895701536365
0.0016637943539623
-0.0020344199957767
0.0044500081059203
-0.0099628434601238
-0.019624875149871
0.0855897679104718
0.0402601063399224
-0.1088487006174507
-0.1654605738336194
0.1072540219722199
0.44640244634697
-0.7855653254474284
0.7929179534515625
-0.9397759997499529
2.110391453390583
-6.664129948265113
11.947015767059764
-5.633947417143619
-3.083040310171743
1.1150417541870332
2.274351033216933
0.4012951599481377
-1.1197355463279783
0.7114497518010097
0.4209848571878192
0.4255005438786967
0.6367513696164827
0.1006831099536239
0.2797255412794692
0.8352338731958583
-0.1691300096292798
-1.128443160453721
1.629772050095386

