-0.2777646032656036
0.0245645407788517
-0.0854210620370912
-0.0838618249858873
0.0124904728947586
-0.0367297171177584
-0.078894376599181
-0.0571950580737262
-0.0746991168934769
-0.0548087340355454
-0.0272847025851773
-0.0357561796372928
0.0127692003428505
-0.0013729458056157
-0.0115321601390777
0.0393646831112502
0.0407205333076418
0.0267408173692103
0.0864657387288495
0.1195847172307305
0.1596612747594039
0.2129452351380241
0.0545851042195069
0.1125882776032815
0.1287054887642056
0.0280918219017417
-0.0044902314116694
0.0558664175201285
0.1175983611688809
0.1397448061919902
0.185132087805053
0.1809664341312422
0.2365392323276339
0.2055885111195109
0.0867853366947891
0.1148662562595972
0.0221328064423176
0.0328011873225074
0.0746283635244721
-0.4066310021701957

0.6062553797216789
-1.351669239594273
0.3230921444371488
1.7796226666827464
-0.9860509515488216
-0.1723904087244872
0.695617033665481
0.0867052544928236
0.4391097895547786
0.4276440985212898
0.1305976681173301
0.1735002667439195
0.6337180991337786
-0.3823628937453417
-0.3664395626272941
0.4060251278867943
0.5031884384427799
-0.7598975039715122
0.5945992438660214
0.0662233058795179
0.2839993203490203
0.3555452004351762
0.0236267624207
0.1827758525457403
0.6086960715581565
-0.1744155881511979
-0.4386260435364273
0.1569213007344715
0.4276123059003114
0.0477938056742521
-0.2407479410035043
0.2372180853411664
0.0329813339758086
0.1555538950938393
0.006688491809438
0.0646375393925877
0.2019219036745903
-0.0373460644071678
-0.2630613473651221
0.3683960782017837

-1.8573958528846377
1.562559277069829
-1.6511976140811755
-0.0931094767501413
-0.2555254494549103
-0.1790766942135853
-0.7151498375394052
-0.6286580302896853
-0.8708877113791121
-0.9725386128948162
-0.2240439604980884
-0.6010454283109872
-1.0849607263171168
0.7346300927584931
0.8758667121551953
-0.8600688887192651
-1.084559050673066
1.6280921793777683
-1.057827565583085
-0.0825194576612144
-0.4778235174626997
-0.6311982986957646
-0.1112338321766109
-0.2068751412513718
-0.9723814609290998
0.1565109649440173
0.5525901832902307
-0.3277642744319338
-0.8389764656473763
-0.2252472486000749
0.0002745561422141
-0.824376360156539
-0.6355026627250759
-1.0196283959776515
-0.1948144485497178
-0.3394924922056548
-1.521942562208807
0.2040789583725702
1.979857800180534
-2.835218788698259

0.0008733631724668
-0.0031887961927475
0.0039714218661823
-0.0011374309075718
-0.0012266895212746
0.0008723711178821
8.083208710238349e-06
-0.0002494328326502
0.0003030246563156
-0.0007184176903516
0.0028161947173361
-0.0058197507694882
-0.0022563851528593
0.0023664000281662
0.0101911721932568
0.0069528885615286
-0.0172115549946692
-0.0260809499578611
0.0716587384188243
-0.0881562872489097
0.1184529597181204
-0.290069845260427
1.045626757483569
-1.6113236718613635
-2.799997644712505
2.179209117692292
7.242675082719327
2.128180430559368
-24.71039404915696
25.689747031455934
-10.82434469025261
3.1357227970531265
-0.1103685564994494
0.7942288018855259
0.021405929830269
0.2860346732564358
0.8817009592524346
-0.1744865313929206
-1.1586089541648097
1.643453768753712

