-0.4564552649534841
-0.2002326177694934
0.1299111669387184
0.1226517862986147
-0.1860612528057149
-0.1701535226925483
-0.0165562351455686
-0.1626749536069596
-0.1616103541335999
-0.1861772757615721
-0.0725044567012847
-0.0717681729290057
-0.1113545159792786
-0.0385857848998044
0.0191469516689367
0.0466182486612604
0.0017841975244248
-0.0804241253455543
0.0039038054495907
-0.0096739190563595
-0.0136717494797012
0.0130906833699501
0.0015477914200406
-0.0260920682094864
0.0336474915767922
0.0457040556286988
0.0347947806411247
-0.008700609343648
-0.0349017230364253
0.0494172310442026
0.1631360515415245
-0.0114848414965162
0.0710281468455864
-0.0290093343275073
0.048557860454248
-0.0344326980025271
-0.1857062974754291
0.0709177681543095
0.3102515923305378
-0.7296361914680239

0.4458848579265163
0.1103427873127887
-0.0238637943191636
-0.126943177637759
0.2407162890907198
0.2780436337376288
0.161365586642771
0.3479884323393138
0.4522681843539168
0.5446006763983483
0.2438706697255405
0.185093792650789
0.2670627047882956
0.159552047202755
0.1003005662086542
0.0367114526489193
0.0194687513973459
0.1919578368556629
0.1845563053666178
0.1900611719055019
0.2515798959332763
0.2625366688800289
0.0726529553998848
0.1362881586866579
0.1260035261595089
0.0302023899068086
0.0195789594054542
-0.0156741007043683
0.0520962015943225
0.1675747703251132
0.1482691066151547
0.1955553374727056
0.2809650927273463
0.3277882831072595
0.0820657648896219
0.2889701303387991
0.2008723960675021
-0.1414840997960289
-0.2018649352075618
0.6542367560274642

-1.5381798057179064
0.2507083115562769
-0.7966263385499717
0.6028048128526942
-0.5869139221945413
-0.6806653269773155
-0.2572395995798242
-0.7702621921184687
-0.845021227306092
-0.9971852238630892
-0.4172933787532797
-0.315328604643411
-0.6627868662279964
-0.1246696885471861
-0.0930396494330734
0.2906618329656632
-0.0826213840515492
-0.7360992948219403
0.0215180006466576
-0.5162805954401136
-0.4742270469480349
-0.6330903758475263
-0.1446006514562397
-0.2679969048266474
-0.4750949622066832
0.0708413117170898
-0.0244263290359684
-0.1383622391987375
-0.3995473248139357
-0.3549792711527155
-0.4306049368230064
-0.7417527881489719
-0.8468751653189642
-1.1240440958822278
-0.2441138007299567
-0.4542584921734873
-1.5552676530196046
0.2816665824593148
1.9930718178820517
-2.9043951057290647

0.0008767613014566
-0.0032109033145037
0.0039803914370311
-0.001103723099952
-0.0012281209266745
0.0008047316938435
6.780206553344113e-05
-0.0002449604014007
0.0002106089917733
-0.0003274029443192
0.0005621166262738
0.001046516389556
-0.001247987503996
-0.0055310173629295
0.0013973114394518
0.0097860574944553
0.0021054816875291
-0.0194431259542168
0.015413187501792
-0.0012114003082822
-0.0147328557286415
0.0718970878380836
-0.5342783180334602
2.123700267320193
-0.7046230146437272
-3.4362500810613104
-1.3492199327730294
5.298458123365325
7.288218415945205
-18.83466159145159
14.855562760512855
-5.546458155815276
2.386629533307578
-0.1830612602569743
0.7856425258436509
-0.3152366416237075
0.9596124563862783
-0.0160623371975627
-1.1606760473626363
1.5909671604118198

