-0.8000667435711707
-0.074268220824185
-0.5035001921105147
-0.1422521493073968
0.1013575830316803
0.0537264098027577
-0.1488246121862826
-0.1942133182160677
-0.116454298518548
-0.0873879407187919
-0.2470070078204169
-0.2384913634158677
-0.3124817157868534
-0.151085538246589
-0.1707033440114879
-0.2472068925524788
0.204480592274348
0.0082345610673599
-0.1901762945437098
-0.0546397882180947
-0.053642547142007
-0.1237282751939237
-0.1141169516938767
-0.1186671668415993
-0.0120793999953513
-0.1388825306384617
0.0365492177946994
0.0477264293014892
-0.1269407522645041
-0.0632607814472505
0.0762828346003625
-0.186745503189789
-0.1373275565996801
-0.3066986904874536
0.0162418456095627
-0.3337439148644685
-0.4923051150089498
0.5180418814605025
0.8200815726391288
-1.5944283389394336

0.4031634299932409
0.1193617933249498
0.1724077273807644
-0.0327844527694576
0.0302569028928749
0.131811523081744
0.1748256783387805
0.1104121337437246
0.1160445805134533
0.2277541864825784
0.3212203862538862
0.4081845674883928
0.5259066170422828
0.3035668320955718
0.2718712573774352
0.3149196154935379
-0.0071431702586381
-0.0402745007744713
0.1442379724806128
0.2269311680088491
0.1487974841191158
0.248504809462089
0.31490312539241
0.3037558994614056
0.0905152551279913
0.2273501845669097
0.1169468009303658
-0.0426422393370581
0.0148281180811271
0.1998459068649221
0.2033724404969707
0.2050397475566324
0.327797545831916
0.3475339958724913
0.1521909373280745
0.2572298566685645
0.1062237666516956
-0.1335883199410859
-0.0748458707911698
0.4600725191731902

-1.4048286514845734
-0.1357342623694432
-0.8905147280615612
-0.2793431375500903
0.1578061525082327
-0.0240125224640063
-0.4436650649974524
-0.3051229989449369
-0.217464541636596
-0.3771742092359246
-0.5618460147170665
-0.6561732124758454
-0.8247909954450056
-0.4478686359991231
-0.3711707964377796
-0.7979800033016174
0.5865179304042886
0.0147854214680588
-0.6265877300427438
-0.2484067525690617
-0.2623022531515454
-0.6100503020508932
-0.659221453400559
-0.8349326211638292
0.0470002234426622
-0.8602875466921867
-0.3141554845279093
0.3069706844683473
-0.2955790425831525
-0.7032464999718481
-0.4293011708997783
-0.7998965697535378
-0.9611545525364424
-1.2224726255788152
-0.1964007501295595
-0.9440788305141484
-1.4318924384166438
1.1369491047317957
1.7589688761398985
-2.849620830161083

-0.0002378784005498
0.0004807698162518
-0.0015458524259699
0.0025668559313034
-0.0006750071340758
-0.0016686265311881
0.0004009624307157
0.0011869533565512
-0.0004715902563414
-0.0002554376022912
9.868947730322672e-05
0.000233260378787
-0.0007474290822958
0.0025658548754289
-0.0057286866411665
-0.0004098424174615
0.0044706645848359
0.0097111257665684
-0.005566162999224
-0.0303564134221646
0.0584017981942699
-0.0705166268878272
0.1115286114387451
-0.3373267279145885
1.2425748697093102
-1.4665793523734758
-3.0513287484577543
3.484563849715882
8.200783692340927
-17.230250806568172
13.25917313652374
-4.811801835108205
2.1124118548372754
0.0520744270539979
0.560465377518659
0.0631710802572154
0.9835874228347788
-0.6016079080383194
-1.195703569965753
1.852486963488804

