-0.9126772209115755
0.5809049475970007
-1.0541558824870323
0.0620284970422168
0.3447999808571744
-0.4104799563498733
-0.226679899168166
-0.2957335759754355
-0.3663140329882941
-0.2212580976261999
-0.0707294433323094
-0.2685144243606215
-0.0650785983423933
0.0375813107198665
-0.0201836002473237
-0.052735770664356
-0.0752018966818413
-0.1084180893182043
-0.0886406551378856
-0.142504516389213
-0.1502640801678623
-0.0893090224414846
-0.0701935835605174
-0.0859786577958924
0.0417120081031185
0.0086847151211738
-0.0713570161407496
-0.0593871727562073
-0.0371112738029995
-0.085336530147647
-0.0778945267576996
-0.1656782907867907
0.0377643419343276
-0.2029925158969591
-0.1006050399134223
0.1213128791307649
-0.1335057431608239
-0.6463968112181945
0.4437942732031906
-0.935318205428091

0.3968392974617716
-0.063128586573909
0.1465287389601588
0.0783360186402119
0.0944564361871044
0.1736354232916436
0.278874837879232
0.3570901818611757
0.464462122095276
0.2953283603104919
0.1490317715280986
0.2021182612119647
0.1408508031494303
0.1052900314949906
0.1095976018648269
0.111377676684634
0.1183954384674921
0.1883639149565984
0.2353383668054522
0.2908961758197664
0.3366706576671375
0.2102535575336848
0.1309163392845229
0.1480297176623517
0.0631837897625984
0.0361939167510411
0.0980809616491877
0.1315208724197901
0.1628223480593721
0.2463635404680445
0.3330373278833692
0.3206418908840818
0.1316834985559632
0.1790411763755797
0.0851524854162557
0.043549615377724
0.1139973720790542
0.1571045815609753
0.013405939787095
0.4169251629404258

-1.754105802178565
1.6207682673763424
-2.5899357494979656
0.1843542469223655
0.8139237718909323
-1.0804260265535122
-0.437574127339643
-0.7673372300425859
-0.8793535174210607
-0.6121932781671572
-0.0123937864250344
-0.961787386423634
0.0020567429899728
0.1875238436283451
-0.2528897536548066
-0.1101659251918747
-0.2357216915334301
-0.3551272015318729
-0.3519323875942416
-0.5753969746627818
-0.6389438824492932
-0.5596827059610536
0.1076790070681826
-0.8388563696626024
-0.0426231452279939
0.14864199552078
-0.4975996397126437
-0.4611268353675992
-0.426344833165165
-0.8487113986821846
-0.9951624862418074
-1.1875832553226635
0.1595739613851293
-1.6346764559476097
-0.1492131417273036
0.8562147810942541
-0.3552844484256707
-1.817556273358254
1.0907706328059747
-1.7731431955720234

-0.0050445665746232
0.0052413430935254
-0.0001864230973209
-0.0022753798056532
-0.0023699932886799
0.0044908175266966
-0.0026940041926716
0.0011175037015854
-0.0006787804175852
0.0013079357309387
-0.0034518340890507
0.0038248656477907
-0.0002986068241484
-0.001440550983838
0.0005626340706103
0.0002226272148821
-0.0020321556940802
0.0034654150305642
-0.0028049798213198
0.0014322192562419
0.0004765834437536
-0.0165775327050077
0.1309894203636089
-0.2529974140534868
-0.1366549014280748
0.4493091660698189
0.3323920456782254
-1.3487049114495788
1.537892993445531
-1.3178630592155312
1.396795705859464
0.1639603525256378
0.4172880932136121
0.4066999658995886
0.1324343270901699
-0.3277408133514789
0.1837470797353801
0.983453013262336
-0.6309474305087139
1.0924211563694437

