-0.51624848736358
0.3183016859976969
-0.4661398969829836
-0.2384859265802399
0.2359665498167328
-0.0821967241813436
-0.1978613505934975
-0.1034431076655638
-0.164303300099306
-0.0579079199837053
-0.1016782621267665
-0.054017336969809
0.0410350551470259
0.0165393993567419
-0.0303604871582817
0.0154133161914295
0.019040022287202
0.0187580654858501
0.0735127927349106
0.0892142529589472
0.1307773210992428
0.1057960595722846
0.007235053580398
0.1197493591493475
0.0641326996400269
0.0123354934257843
0.0571972126301571
0.123210818179472
0.1318788791180083
0.1939757178356498
0.2579976715336143
0.2163479675814228
0.0498659425809563
0.2129135087270897
0.0372812834459832
-0.072196703600333
-0.1043449833088714
-0.1233763356834058
0.1717001138433609
-0.4994778053604972

0.3696845834932832
-0.542606332684606
-0.1864675995625304
1.4251212299110374
-0.6409459763720335
0.0926210933131709
0.3885525977669783
0.2669244720351934
0.4055095548701288
0.3249775234453657
-0.1652309080982514
0.4874485864172105
0.4156823730502548
-0.3705245546167212
-0.300952333607863
0.3154890210998312
0.3702702724993141
-0.3271766362272524
0.3918985569032122
0.1978334567041948
0.3504376461322497
0.2867404464964421
-0.0975923222554047
0.5097758903459608
0.1697321007817419
-0.2212496689678542
0.0563199017177241
0.3477971657410074
0.0104996214094054
0.1872896501532867
0.0985488444548844
0.1280663853233367
-0.0229625452698711
0.1720909057802173
0.03798363307142
-0.0925336835016459
0.0336532767406915
0.2251719666660897
-0.1335331074023066
0.234808973878688

-2.039377065190699
2.1238719079860218
-2.235709825213569
-1.6017684705555744
1.918906291744812
-1.188307671918797
-0.6072010111535535
-0.7470350851108074
-0.9167647678656284
-0.6490700103684826
0.1978609418303231
-1.14865074288378
-0.6138532952173842
0.7804928113531667
0.7221773925660164
-0.7681050526030111
-0.8126947071502368
0.9076249309681208
-0.7553091726119155
-0.2609279917012382
-0.5932503084119982
-0.5345974342727795
0.2453527832595935
-0.9024825920509922
-0.3110144733690247
0.257440975375053
-0.2513169857867341
-0.719521112727235
-0.2973502169759478
-0.7627691135095914
-0.7616665567191109
-0.9730694873123013
0.1665846645050053
-1.3226757801765432
-0.2357505933434708
0.7265677988832983
-0.2830842651122368
-1.810016759078057
1.1061051933757935
-1.86004323523156

-0.0053259249185653
0.0059565198149974
-0.0012272270200044
-0.0018857459431831
-0.0018725660777162
0.0038815036909593
-0.0023372405009223
0.0008883964606829
-0.0003576030713614
0.0005329187721206
-0.0029120823744065
0.0063794175499364
-0.0004620495021039
-0.0051753347350372
-0.002728075126808
0.0037193856588872
0.0063654502908199
-0.0074338608835913
-0.0001850083391321
0.0083819648520338
-0.0262699264845906
0.1292346241399701
-0.5947312959816313
0.7844321968880801
0.8039695328482653
-1.3650235904247203
-1.861510792606435
4.954665783956366
-4.78620334807558
3.1540791100642176
-0.4671831359952785
1.1039604935648402
-0.6090547046041428
1.3268378395101352
0.0226017566761099
-0.6385684557224046
0.1957046869791494
1.1813009402448733
-0.7495954413581338
1.1220270798334515

