-0.596461939773414
-0.0963919592866212
-0.217065918273948
-0.3994857849707861
-0.3999484381708406
-0.244904728112911
-0.187657749375093
-0.1897982169567487
-0.0483006589171861
0.0097069797877
-0.03665984277067
-0.1023312205900937
-0.1423343979962821
-0.1166458668035726
-0.1387854482720823
-0.1909132081126884
-0.1994485373974438
-0.1226820710104841
-0.0944101010308567
-0.0813796620825934
-0.0276191706903114
-0.0050297845648133
-0.0225404692877063
-0.0613763644917285
-0.064500230521902
-0.0736427714072888
-0.1139029295185808
-0.0706475225564157
-0.1199211806071678
-0.0719255507736122
0.1775904320441166
-0.0182046277203291
-0.161806768889034
-0.1250565953350214
-0.1149928852836147
-0.2522076774355886
-0.3376477250370051
-0.4849771728993367
-0.0045922879113571
-0.6873340241793582

0.2524917983092126
0.1177449692433984
0.1375114062658589
0.2716553236684645
0.3485278078680412
0.2320970765229472
0.1500717387980435
0.1426799146327057
0.0914828379859192
0.0788838060334462
0.1050594267899517
0.1486625633268271
0.1970324191983954
0.2378687652317401
0.2979037600401402
0.3894799014113526
0.4234244994415111
0.2779702492088469
0.1942126028916662
0.1458122200179486
0.0498863105495506
0.0266845708401267
0.08883523912928
0.1577711135544469
0.1834911593419958
0.2255928780472241
0.304193416872355
0.2786086186770096
0.106889148992143
0.1293070757601824
0.1184799067392611
0.0809573395284496
0.0854976976977572
0.1307033463833972
0.1793904016176949
0.2236208288045196
0.3074468062184602
0.3168432399115804
0.1297788592121624
0.3074948352634242

-1.0091489930747568
-0.1140398618152177
-0.5928748282593418
-0.7709731196270879
-0.9249509297542684
-0.5473304343972324
-0.3646454413421216
-0.5598378895349779
-0.1000517479481578
0.0513001438847172
-0.1078227334209102
-0.3200649720129799
-0.3642320549869179
-0.2858738137103643
-0.443553222020753
-0.5587912784056288
-0.6505049513364201
-0.4211659003074368
-0.2366934531111179
-0.4124163728091382
-0.0614192869072274
0.0094763674151736
-0.2823388045098785
-0.4360701410557167
-0.3872010466301502
-0.6678472658665071
-0.8352287716491772
-0.9358895379585658
-0.1548425598253146
-0.4843211546964143
-0.5890260546058307
-0.1748508910734488
-0.1264655804748249
-0.4804958231551402
-0.6085071809529943
-0.6942884036033494
-0.9381032350905864
-1.1091043925878634
-0.2022523430631549
-1.1641053848006029

-0.6976817475940028
0.8439575234076615
-0.4196327550847593
0.1405591216840692
-0.0517039899928299
0.0365261290532848
-0.0376140427517879
0.0151083841859866
0.0089971825220441
-0.0023506210092845
-0.0045884695269237
-0.0011016020773599
0.0017409812332975
0.0011292814813093
-0.0016963728746474
0.0015599449563523
-0.0025652445282377
0.0071090472925918
-0.009384117676827
-0.0215111613621044
0.0153059143994289
0.0561440871998658
-0.0122032808027288
-0.1577110575951701
0.2666632371065638
-0.3047151455380597
0.4758060293548714
-1.543343627953371
7.78239328752587
-23.99852860247883
25.777759745870807
-4.30686430974193
-6.977151668054591
3.0160106464188856
1.2700563429737548
-0.4863390352362998
0.8165577404050015
0.5882625798763614
-0.0698383742050736
1.0254595625449576

