-0.4958402191851662
0.0688873573295735
0.0173617707917386
-0.1314820352742805
-0.101122297016494
-0.111366923712058
-0.1382614894890162
-0.1730649037949562
-0.1331032865350003
-0.063286544761825
-0.1100251025126033
0.0045999755900437
0.0481114864208428
-0.0139225465430758
-0.043917773899496
0.0269404383821907
0.0264860921548296
0.0553625150705708
0.0985612698668209
0.0563675739127986
0.0179294531930736
0.051509590993758
0.0378311351443675
0.0444912668232366
0.0572886828469483
0.0544362337873241
0.0742730634024342
0.1242454923889133
0.1678401029370367
0.2250093279919016
0.265929685042231
0.0436053685130679
0.2496213501940602
0.1637573302133535
-0.0470694019174473
-0.1689227746242908
-0.1450204278257034
0.0481982997473664
0.2575277978339333
-0.6015289734816236

0.8521501734138692
-1.602393554992032
0.4583064707688928
1.4252265535078463
-1.0201008283549973
0.5761037914419375
0.2065535451033437
0.3962285733291113
0.3868620588051138
0.1225131963946253
0.2834723355220278
0.0315401398246826
0.1399017427915369
-0.0656130201992573
0.1803156994269368
0.110507572933678
0.1506147918614699
0.1950234269576581
0.2871714703045864
0.1788134960658919
0.0254311347277763
0.1647752683148828
0.0955659940392218
0.1487784526295189
0.153111010656316
-0.0427709303294251
0.1261310420132665
0.2004280798831843
0.1415127989860198
0.179500581848638
0.1286319268462566
0.0023334312537515
0.0885691830625753
0.0952357489945521
-0.0591156323836162
-0.0397165500513289
0.1250310710337395
0.1490900480519845
-0.2273123941245524
0.2873063539557805

-2.958830588826327
2.6806378152913237
-0.3666576313641424
-2.0876748136097465
0.61559013696627
-0.7373962760143294
-0.776876561121517
-0.9007373655069508
-0.9405429735890736
-0.0997666727984698
-0.9940225412784564
0.0441285864405236
0.0761905936752969
-0.1064971311308357
-0.3523923321553377
-0.1139216953989941
-0.2630449188929903
-0.2546844626642963
-0.4162123435598666
-0.2761084847943365
0.0745810271932127
-0.3949026609759758
-0.1630265228856137
-0.1664248147897269
-0.2928881418100163
-0.1467751173614509
-0.3320902536620579
-0.487284409369039
-0.6252634304091838
-0.7639030195921056
-0.900876103597898
-0.116545782851567
-0.7360105967624858
-0.5535868903655209
0.5483418355018402
0.1947722577577727
-1.0775456914076342
-1.0886405616331354
1.792084186966204
-2.25858874909599

0.0035051703694604
-0.0063184319866732
0.0017952039506113
0.0036660206179626
-0.0035769054110513
0.0013533510550129
-0.0002450592369391
-6.618285829620979e-05
0.0003500016604025
-0.0010968115202285
0.0015639804167494
-0.0006521790390555
-0.0001528066281755
0.0010564948937359
-0.0030154091034382
0.0040135350588321
-0.0034201283346155
0.0030117495660458
-0.0039789041753115
-0.0144766649528814
0.192031427759361
-0.2774909084028737
-0.3034816728225766
0.2517266819793938
0.7156680179398729
-0.0757831653281571
-1.815470149158296
2.509403812741801
-2.1054956536659226
1.791896879514333
-0.0436066109681114
0.6983407752771824
-0.064902708114892
0.4733246743065567
-0.2443263433995076
-0.1610454272955137
0.5894422326508046
0.6522553436065667
-1.0716808461274483
1.3410544597895924

