-0.4088158291419089
-0.1833575442306631
-0.3393621354469409
-0.1015634207531297
-0.246973057610004
-0.0620467764376001
0.0862109821575264
-0.0080292072503196
-0.0642752166406639
-0.0590239945430223
-0.0264220324202223
-0.0243473486065366
-0.0450643273091382
-0.0315486976157116
-0.0210950151657316
0.028499053292639
-0.0903422992088073
-0.0460620523200308
0.1243741807311263
0.1139640259699888
-0.0118389389701735
-0.0050123997780852
0.0783905301292663
0.1102676182776576
0.1231407481067378
0.1815028400206829
0.2102929698247364
0.127555526424784
-0.0177441220246577
0.0836809519099155
0.3085578108569533
0.0086365187974215
-0.0786125922473085
0.1169588298364819
0.0426039327740437
-0.0175454022090556
-0.0204752608148476
-0.2470115959193771
0.5826994163399085
-0.8478653482064075

0.1470740367333468
0.110581181820189
0.2722801816380416
0.1018268276273374
0.4513234442908276
-0.1201586293281259
-0.4773642040259906
0.401830860101704
0.5724864654020657
0.0209866916334222
-0.3016844755839638
0.4974489731238588
0.1229581036712118
0.2928739680165272
0.2523334277289116
0.0020376696545552
0.9469932972430072
-1.3939600604143174
0.1480309045606397
0.9129630601876082
0.067203962337358
-0.2495940436634695
0.1807101973547421
0.2895811504218236
0.219041685772915
0.290667709311622
0.3817314499879785
-0.1149410652417449
0.5392613327308734
0.7370688769899586
-1.2970109554210305
-0.0215291598196491
0.8947986838149041
-0.3981011141306911
0.1654967761701143
0.1099082799642992
0.1160316260915772
0.1492638489466059
-0.1154802718804195
0.2584210546244502

-1.3173605409894178
-0.6029374167031499
-1.2663137667352378
-0.2687065534704656
-1.078850612548996
-0.4856800751942814
0.7564530955421
-0.0943093814534358
-0.7645699627477055
-0.4599536358896567
0.193605833755609
-0.5590472159258681
-0.425503051222435
-0.4857910639617805
-0.5336263993062993
0.2956036346289933
-2.490398956539118
2.576293000886396
0.8182114357846234
-1.5629283847768367
-0.8979735909637134
0.3486956323924412
0.1408239524727765
-0.7718946996468623
-0.4695270282277938
-0.723542677838607
-0.9599038000961988
-0.0426965981582385
-0.8885102315586012
-1.1823688494807694
1.4932630130149736
-0.2115210014056805
-1.3245700022175966
0.0456743485221505
-0.6372689154667097
-0.8860846849705177
-0.905382128255273
-1.1404195034723283
0.86063015717314
-1.9879172216435257

-0.0176272128437278
0.0103633645425414
-0.0045377627324009
0.0042140116027902
-0.005581015266357
0.0039468555298038
-0.0001071777053463
-0.0012642942403906
0.0003257172604833
0.0004281770270814
-0.000731926209021
0.0009362411996126
-0.0011077227187898
0.0016633175776207
-0.0044335581159708
0.0161296161108023
-0.0229082936029478
-0.0352708410433406
0.0130297558451299
0.0741669950017232
0.0540709496575106
-0.1095781646688396
-0.1892884621501387
0.4751025269601695
-0.5571341302517633
0.7114822410220043
-1.7002438321551896
7.021987080432836
-21.948510848548928
24.7773353261584
-4.200872409941653
-6.935795489919748
1.9305738674919184
2.7115997190168737
-1.3578591805558256
1.0941479217059842
0.3206299929549142
0.7934282274461988
-0.7146853169600761
1.307791754933214

