-0.4851139768188237
0.1609331980362942
-0.3981043418343354
-0.2173040816022718
0.1546723195951739
0.0456071705008259
-0.1691077091923494
-0.1100811928535321
-0.0662898188108419
-0.1282238101699329
-0.0996404658774274
-0.0410019974914841
-0.0541593160868161
-0.0381958583351186
-0.0157930853478553
0.0493483458011585
0.026892587938336
-0.008132050773508
0.0558489000618163
0.06082850363736
0.0915927462389961
0.1296952110235083
0.1762495744473162
0.0312635339318416
0.1199699142458823
0.1187732599798538
-0.0027245180528271
-0.0339483108189681
0.0184835244178849
0.1364194472854123
0.2306388211365044
-0.006103533956868
0.1507198346381918
0.0988605062937069
0.0803690519638134
-0.0188232150963829
0.0083064310168607
0.1503503231038479
0.1735285858583631
-0.7095912027464913

0.2522473268107926
-0.1612598019328851
-0.5151388646973003
1.569778117927146
-0.5021912730718656
-0.4398984236979379
0.5819567046581323
0.1650321416938205
0.2457657473852776
0.3752742507974128
0.3931227470955137
0.1020379176051954
0.3430428587852693
0.1048991174837884
-0.1262244000647168
0.2339781531317541
0.0725927101267417
-0.669024068952378
0.8688900034296346
-0.1169476637360312
0.2991181878314757
0.3037519261062288
0.4309253582646065
-0.0461797723268967
0.6365992182460206
0.1803791267990771
-0.5748201363083741
-0.0506597792015347
0.6290350634873906
0.3038858448867698
-0.7705382584839608
0.4981991048163494
-0.0291344718776671
0.1276177386974897
0.1358894659134784
-0.0056762966369886
0.2240379651061694
0.0251360932466982
-0.322210970564232
0.3778317793561485

-1.7018995730746356
0.951371758990743
-1.4665046158471684
-1.4307065094063047
1.2031175824239393
0.0441352080606281
-1.2811776299471869
-0.1023995268028243
-0.7167604360779184
-0.768201898642503
-0.8651258100981767
-0.1900897288846721
-0.8025914333245213
-0.2298634948052848
0.5572172333825798
-0.518069195413532
-0.4501335506661653
1.4651064328765755
-1.3287308326458571
0.0320659670335375
-0.426161053491175
-0.5723827488212546
-0.7860429821495034
-0.0501320911558761
-0.7949596225904135
-0.4998496708518297
0.691533467559724
0.0540080162265318
-1.027290065413252
-0.5660601785054823
0.6525153927321028
-0.9367098515940312
-0.5284754217071331
-0.7997669933542089
-1.076058616537937
0.055512024790524
-1.6640273617289945
-0.2276700540345891
2.4019116387138126
-2.866820391667693

0.0004500541994737
-0.0020541162167078
0.004705597190158
-0.0029054356793705
-0.0022131416922575
0.0024494627628866
0.000758935094095
-0.0017934563676002
0.0010757406641016
-0.0005319431766503
0.0005033916151093
-0.0001785920726918
-0.006223599943958
0.0108734681090256
0.0068603290863581
-0.0076450176158353
-0.0173897678259123
0.0004551382003607
0.0395623008904987
-0.0420654323851686
0.0203998001973752
0.0012177633755043
-0.0703642404302528
0.8480862998821084
-4.389232517211435
3.0250022952758138
8.571467305188452
-0.1096031269904216
-28.280050913383857
28.81387329039881
-6.458280436455203
-2.9115615319535277
2.775764228506702
-0.4233809911887924
1.0203954034740572
-0.3745086394311872
1.3114817592115178
0.0366264095900262
-1.599457560522424
1.818711994290602

