-0.5769062069076267
-0.1402119972131465
-0.0602610867965336
-0.3652966628169585
-0.3615685423540656
-0.3869241899514709
-0.1709881246111141
-0.2090073397156321
-0.1337180819501726
-0.0275808423545911
-0.0092654676258924
-0.0502798688034365
-0.1148400759245552
-0.1251473259599518
-0.1104577776206664
-0.1441166272210983
-0.1844945345632689
-0.1812681009319716
-0.0882767679528227
-0.1004231617447782
-0.0661865655822083
-0.0099822130499151
0.0045929676806429
-0.0373059157645692
-0.0687723898846736
-0.0586746955622283
-0.0914169987255008
-0.1013534435884229
-0.0928704228019804
-0.0907588912685161
0.1201739480142511
-0.0031006643056129
-0.1197859364688854
-0.1231826966794882
-0.1092004261387105
-0.1918134038256313
-0.2830916748977638
-0.459105546204021
-0.2805361882091448
-0.5914525209635952

0.2355049789226746
0.114852676973177
0.0907515244308347
0.2134792202629904
0.3306783758690508
0.3657446223749124
0.1910191676123232
0.1571268337983958
0.1273972348678776
0.0920617973320708
0.0898925992351815
0.1183330186080166
0.165342689096861
0.2074403292522667
0.2469202745008064
0.3099859651681939
0.3905819352904692
0.3836574064944548
0.2199619894778669
0.1789150190931679
0.0991365524967179
0.0338921467391254
0.0522653335082043
0.1157637899192206
0.16266803156304
0.1874704886091368
0.253400176578295
0.3137601041083071
0.2217372506635684
0.12292394958794
0.1405446228502175
0.0932134625416652
0.0699073901870079
0.0980555258998407
0.1476404347778846
0.1898787781238431
0.2455737138596814
0.3273403894116518
0.2204298483831668
0.3323759770568633

-1.1664199514202775
0.1593222296694638
-0.5034740607548147
-0.6822947296022561
-0.7778811648710428
-0.9859216859603852
-0.1649426814381343
-0.728565027646253
-0.5330459862004213
0.201095801598456
0.173814307378338
-0.2951854710933366
-0.5024875288010812
-0.2342888363461535
-0.2489652675873541
-0.5303556982226876
-0.5313682811015193
-0.6982336662737401
-0.1460598853224523
-0.5503655567938511
-0.3454312654917011
0.2962934020872732
-0.1443932613594756
-0.5797608557960321
-0.2752930142354624
-0.4885497884201759
-0.7830021988338963
-0.8704861960643331
-0.9627118167337886
0.4844438854939289
-1.5757334554979392
-0.2320713552565997
0.4510638577510288
-0.4806506442663809
-0.7472865673484868
-0.4214322365622336
-0.8023058185493687
-1.054572674270863
-0.6855921448053122
-1.0486728726779388

-0.7855188794894575
1.013554594854914
-0.5001613723853975
0.1369062325597471
-0.032420963332854
0.0108733660610629
-0.0058478496133772
-0.0007889201554496
0.0058667724577014
-0.0006371976127726
-0.0029231864970187
-0.0006004530821891
0.0015425671334251
0.0007348335887911
-0.0018118225948786
0.0017696835357371
-0.0019537871561499
0.0034585702271347
-0.0020737725863206
-0.0426834347750026
0.0794197404158216
0.068130428112167
-0.1404278038766755
-0.1744632591588234
0.5290052480796529
-0.6152999439418309
0.6510231028859467
-1.170653918309394
4.06112023906528
-13.877956809966468
19.161751432354222
-5.927579924513399
-4.866951630388366
2.468672620802276
2.101994595535433
-1.3070913793295476
0.9907022446972952
0.4728502147107322
0.3375475060420352
0.8555108581259411

