0.5273227335723033
-0.6875693108056797
0.4908707252035019
-0.0635686005631241
0.1405144785829011
0.1067765991919125
0.0510776808189132
0.0557803104983007
0.0373509310752485
0.0468547329354182
-0.0074051632532717
-0.007403147680034
0.1222626720685157
0.0854040384173805
0.0624292525205339
0.1853065339521815
0.2049262080567001
0.2890453611664567
0.0968744092739405
0.1563450414647857
0.2162153488730855
-0.0442419622026802
0.0472963100096573
0.2378492868587
0.1802108797650444
0.2386505207812277
0.4019740877263157
0.4353792544722477
0.4881446468388588
-0.0834472728095057
-0.0096071445063937
1.0909121707584342
-0.3505971418800529
-0.200378710459701
0.4969635128787027
0.0774065547647402
0.218802264524597
0.2097512296516281
0.1699498960996099
0.0553736995384617

0.2388471280656825
0.0868631539530879
0.0691527790968187
0.1767316846826088
0.2217889271414003
0.2189517427359311
0.1181026377141141
0.0911679940847033
0.0530144772316956
0.0349856817752834
0.0219920518441796
0.0308043429670552
0.0795458652324749
0.100081616459432
0.1085639239776725
0.1948348137139145
0.2995522417102425
0.3325626248444216
0.190980655869115
0.1619343574087735
0.0974201161042867
0.0751799056308468
0.1021696401417929
0.1516632860108224
0.1935322644113128
0.238281819328966
0.3193932355161494
0.3738952485290043
0.2712506469697336
0.1677772120025181
0.1132351933959945
0.0219522539434792
0.0307159443960759
0.0856336214866544
0.1306292289593595
0.1514163552531788
0.1955433373080996
0.27416609585248
0.1788933995915747
0.2970478329503745

-1.751048509072072
0.624593748736818
-0.705800548369004
-0.7176588272080139
-0.7613290101276883
-0.9107573483716992
-0.1535371033834648
-0.736328412259947
-0.2591119591875259
-0.0793409998472473
0.2244852710183519
0.2551629485041767
-0.6725775601881869
-0.3511699366048925
0.1911000236737429
-0.5908287843914929
-0.3982987348133258
-0.6424354231638205
-0.0953753816453012
-0.5634667422459032
-0.0362228561702339
-0.0383557277240339
-0.2850827565369596
-0.408870959191891
-0.3538076175829207
-0.5699192860604514
-0.8151137298393873
-0.9759912791516724
-0.8697140393357478
-0.0139679370839294
-1.0007063383825716
-0.0985141543126043
0.0912206356611804
-0.4994766671901574
-0.5915232103799338
-0.5626469987524797
-0.8359303458468609
-1.1819507385645622
-0.7736666067567424
-1.194265008951233

-0.7930079030024503
1.0196690561234247
-0.5007952409416644
0.1363809375221866
-0.0325406707642755
0.0120536402405575
-0.009303403453503
-0.0004362202414754
0.0176422555011001
0.0032644045272339
-0.0185550783483939
-0.0218550759830591
0.0162005256138783
0.0561893287034643
-0.0933979539300232
0.0832044160952675
-0.0805737475935417
0.1289531136339589
0.0365982003950898
-2.908501127445765
6.606745952359492
4.460584994650174
-24.264448621160557
25.19971498836249
-10.712032984313614
2.699349362450095
0.1939089485528222
0.5978754195749092
0.5081810758641795
-0.0863355633774186
0.7835892279411524
-0.0873310334015857
-0.1445905844289747
0.3580440040635973
0.2792994968426647
0.2928239200453535
0.4028846244704636
0.6481037382717806
0.2721714427835253
0.8850360208406599

