-1.0356608853856586
-0.1196211291660657
0.4780372825780997
0.0897383386830727
-0.5035251936889396
-0.1865591998818455
-0.2010241300137624
-0.3656237102038279
-0.3488948404696801
-0.1133420669333777
-0.2207838400100455
-0.1419636902956576
-0.0190863907023627
0.0017504363145824
-0.0449926931155564
-0.0668714119291676
-0.0753179345314394
-0.1001506133641329
-0.1131566856350345
-0.1493812545067278
-0.1485793110869377
-0.0598354143594274
-0.1120352094986956
-0.0231103604254134
0.0314486058544198
-0.0177302855712088
-0.0663835929257433
-0.0516231092153518
-0.0547187834145575
-0.0850036010290418
-0.0915685130306079
-0.1238411688576235
0.0230938622955702
-0.1463323135499081
-0.079842614422451
-0.0017346070527766
-0.1517132195857322
-0.433120580140892
0.1619153665959947
-0.8327800423701966

0.3861874668761549
0.0932505694035921
-0.0890386653446846
-0.048623837028882
0.2181704349773446
0.2612710679120575
0.2506513214552994
0.4017322612938215
0.4537004655152477
0.177849028370287
0.2029660678254427
0.1810398364582618
0.1087946171394593
0.0975574739777247
0.1221188806663889
0.1314101335302605
0.1354171788965005
0.2037812554256807
0.2574250769331849
0.3168157401763044
0.3311111591765623
0.1455589634382509
0.1614273033757273
0.1215534672720835
0.0419977503768874
0.0454609714093447
0.1210759644155693
0.1437477701062706
0.1733988272917518
0.2730820783846392
0.3468803109783818
0.2589513748291728
0.1418319804575232
0.1620300955638537
0.0546518484509703
0.0366609120602284
0.1305301220895475
0.1936540631152496
0.0232881884244026
0.4211152816349822

-1.8827903443770768
0.2819446482801596
0.5302815542906539
-0.0426688322928937
-1.1089648458727208
-0.1066754971414749
-0.7284939087380893
-0.7749350332534297
-0.9345511548359996
-0.1839159857602089
-0.6452740544244732
-0.502163918434685
0.18970555537056
0.0645849265033031
-0.3574361045279999
-0.1842016252500772
-0.1847438620971101
-0.343291032617622
-0.4538556254133316
-0.5723771953710974
-0.6959652091287051
-0.2407841021679257
-0.3288005493778743
-0.4376874695833674
0.0236916536197447
-0.0882600820034432
-0.5187796417578789
-0.3726839100385239
-0.5709888022987181
-0.8772746865598945
-1.0757587352913631
-0.946922044018614
0.0536969891671888
-1.3782658232098126
-0.0460163618836563
0.4916965040673133
-0.3422245625616535
-1.4537026359893068
0.6044268254070513
-1.6246461311735378

0.0087604392695663
-0.0103493674327085
-0.0037247014833414
0.0065316047825841
0.0028675268662897
-0.0058260565625359
0.0032456931004315
-0.0013390713780886
0.0008735744546022
-0.0012851664663675
0.0006873374062491
0.002444070252867
-0.0020024750590888
-0.0017076886935975
0.0010166368240815
0.0010562315609867
-0.0010464291099381
0.0016402250170544
-0.0030404095439233
0.0050779609677094
-0.011652579291806
0.0258489391007532
0.0186212821869214
-0.1152449015027203
-0.0534178063350858
0.2161219134276582
0.1859278292661813
-0.7236333715959784
0.873817775858449
-0.8914195094966748
1.251147089981974
0.036973473482845
0.5140650474854652
0.3689580967136411
-0.0600704535033469
-0.1371542644558801
0.2633501853710187
0.7156598646446624
-0.313753881694179
0.9866299218276132

