0.5648239318210496
-1.3377740967554246
0.6291352358293536
0.3474992133220021
-0.2674840608097165
-0.0397969698884953
0.0915187589090893
-0.0066059315214852
0.0514717792534938
0.0434619708367646
-0.012191533823954
0.0344600059510467
0.0598537954815493
0.0151319578745707
0.0099160369540634
0.1097589285216876
0.0691772178886921
0.1645116580790079
0.2115301895337367
0.2591382900165416
-0.0005955315080023
0.2726462047600567
0.0483324977104891
-0.028794205774171
0.1068854231330583
0.2229715351763165
0.1053608851124257
0.3067072396837634
0.3078441528000804
0.5078289690668611
-0.1421492257534115
0.739103259318959
0.3950078697828834
-0.4111480935357828
-0.2552839581157445
0.2146534515992261
0.2503149820499006
-0.1858256746412634
0.0968457817176287
-0.1046981261873416

0.4087337707172198
0.0190461971420405
-0.0767722003121398
0.003141026605861
0.1163221534225171
0.1509789005479931
0.12098933012854
0.1869766748756624
0.2228705708958433
0.1604217224870445
0.0868464549772205
0.0813125770263576
0.0917730923227624
0.0569450939337364
0.0282595011520803
0.1854700556968327
0.2417800508595854
0.3101078628151088
0.4301902019839508
0.4364688316467265
0.1265661914038468
0.2389921542358123
0.1603453287362206
0.0856067125715402
0.1068561431683299
0.1887823868373467
0.2374332738307889
0.2736734409363045
0.3624623578642412
0.3477661586115946
0.1986588044777735
0.1355392558751145
0.0765866249922603
0.0071033426117375
-0.0001537895030825
0.0646206303048603
0.145782738152142
0.1378915439017035
-0.0454166183461243
0.3983694186327617

-3.5743748992604347
1.884833784640182
0.92461035433387
-0.8244215155991366
-1.136585783822779
0.2241231284291326
-0.6612550212799876
-0.6197689020269548
-0.7126542647141461
-0.5035498756565271
-0.2252159739662947
-0.2764752395317069
-0.3210025547704327
-0.1110580073978401
0.4362177718244565
-0.87956149603771
-0.1392629147014154
-0.60531502556434
-0.6586159120025048
-0.8538654469998532
0.0551627809647512
-0.8327540585384537
-0.2568390322493311
0.1373374043368236
-0.3459317631006877
-0.6541818290487256
-0.3844190382511425
-0.8368335815949458
-1.0002036322713708
-1.2391096326630295
-0.4553229519240752
-0.3848363887536499
-1.1989442397910477
-0.0075620804212669
0.4205483113833385
0.0769572263403274
-0.7098865280725969
-1.5629078302022097
1.1395319209761117
-2.0934376281679774

0.0053381776015101
-0.0072251264066785
-0.0014705230103374
0.0046072661849928
0.0010060954119994
-0.0032907575937953
0.0016153913189645
-0.0001871792837196
-0.0005926171491614
0.0008757212234942
0.0080923220433886
-0.0264831113609913
-0.0091547070269744
0.0530063866236406
0.0264984344559243
-0.151936381222311
0.1880959705836475
-0.1741556221053668
0.2291240179410059
-0.5656054832609875
0.6223659230856105
8.017751460913086
-26.629169817462586
26.653120909055705
-5.016345467588407
-6.3046841779448375
4.8421181272237375
-1.0043633029887475
0.8615382967356232
0.4987094258164195
0.3072289171093336
0.144830153780575
0.5779117402119027
0.0019428783738197
-0.2183042291030557
-0.0502341395360315
0.3460790916870514
0.8161945751220612
-0.616835463700866
1.101839654631204

