-0.2027744454147325
-0.0857544008483453
-0.0487033553461226
-0.0185395129674616
0.0024105522017493
-0.0662869669035334
-0.0846423272407995
-0.0712302424221689
-0.0752891988943721
-0.0406649237225576
-0.046373286569071
-0.0040953849653453
0.0186217946860325
0.0082848118686718
0.0046451190332861
0.032654048664885
0.0525575148404234
0.086370792852988
0.1416939289531915
0.1623458960741034
0.0473624007121522
0.0888198148355627
0.0723539417358881
0.0542177657130687
0.0726645248930175
0.1059437099700605
0.1464521599324003
0.2016448738555375
0.2899075447616219
0.3259594462467765
0.1636785655789556
0.2160696982807277
0.1446507850172634
0.023666156195144
-0.0300918805630109
-0.0248573303889203
0.001564647992104
0.0206903195087473
0.0201083695231221
-0.278602473486145

1.0912177143761166
-2.225282934169861
0.4039878944142813
2.0889379341347643
-1.0880719847156386
0.0758055833422445
0.4864238146654291
0.2357309052519948
0.4337923618995909
0.3220244851886301
-0.0508579997658639
0.4194992268000013
0.2179078437653352
-0.2947869399466122
0.0944530194908
0.2634090601454677
0.0171082442438679
0.1395633837913696
0.217289155625186
0.3009256064951173
-0.0130273967661802
0.2453838736180352
0.1563374005642638
0.0120871087800548
0.1249856836079511
0.1080621793298263
0.1473369257294229
0.1796074194040525
0.207115798365284
0.1676756379020861
0.1179689428884518
-0.2053552488895893
0.2042520838605575
0.1305143792108152
-0.034495048130478
-0.0877922833449137
0.0437858253492535
0.240540908050458
-0.1548219337931802
0.2472233512214667

-2.719256831350776
1.9770139793350443
-0.2747880069948988
-0.5632808223008947
-0.9246000720400636
0.0986407095269692
-0.8188498708082244
-0.7730058733510987
-0.9236581101070324
-0.6722412704152452
-0.0405271848788368
-0.9177742836500088
-0.1446130179091907
0.4435068909843371
-0.1634341635532385
-0.4827262369886067
0.0162012302420306
-0.1855640667880236
-0.2947936141260703
-0.4709903849408526
0.0382198790878247
-0.3685052658861971
-0.3028942483717719
-0.0508180368100789
-0.2639434950559237
-0.3291620490872917
-0.3888825604072375
-0.5949351483593949
-0.7566191121416945
-0.8648107210167226
-0.418209745016331
0.1375108802726992
-0.9818992271166072
-0.2689158555861493
0.2665879806385285
0.2154774498050015
-0.5008896276980672
-1.537379664592479
1.0857200418588584
-1.9433677317937568

0.0121420988422349
-0.0118277336948375
-0.0069570063517719
0.0057865680643478
0.0064407789100543
-0.0056618521803174
0.0008136520481354
0.0005765975894829
-0.000612307032678
0.0011067791300389
-0.0032134656282236
0.0050720662691141
-0.0017609183297892
-0.0026841899737643
0.0015737748374164
0.0013520293890009
-0.0014932278234644
0.0001797317593286
0.0014867051207238
-0.006471870055939
0.019441769446504
0.0064363908127346
-0.0548768952248343
-0.036260718145981
0.096428229852599
0.1242174792594518
-0.3914297793820724
0.4988819204481011
-0.64144718143992
1.1947922793158556
-0.2366109908428222
0.6893919886969211
0.339347712778551
-0.1084319632601598
-0.1773622973034196
0.0789449743692998
0.429410566635446
0.4825442940454074
-0.3456589732863591
1.001911039736226

