-0.8376361056376774
0.1899319744420929
-0.8322280106760419
0.0095445842771397
0.2479683236032242
0.0246622645784738
-0.2402268743028574
-0.2178354389413897
-0.0674460486591972
-0.1273192728775814
-0.2672099386026344
-0.2536536299551114
-0.3239041488554655
-0.0363358765028018
-0.3586744908982315
-0.0800743638443864
0.2418007545991298
-0.0739488296955244
-0.2149639646883123
-0.0016799460412036
-0.0981358015813108
-0.1211778307801906
-0.1254522705231914
-0.092482602432407
-0.0305437224799511
-0.1048097653238251
0.0386408325659193
0.0169139216283279
-0.112387983515666
-0.0401952325730769
0.0205583617242717
-0.1657482795182725
-0.1550710629457867
-0.3103444214876718
0.1983719485861319
-0.5675585428745813
-0.3596971586328856
0.5346173379227397
0.7324639123465092
-1.5381645280706893

0.4077466044876753
0.0412969293324213
0.2060822565128768
-0.0522177149407934
0.0120393021043491
0.1371492720170458
0.1880577873628484
0.1185472941871414
0.1262126239708322
0.2554508943439417
0.3462370146924018
0.4443316275168842
0.5187079575178176
0.1820033370368447
0.3727340279919467
0.2409793236772544
-0.059436056310472
-0.0089164090866081
0.1922644991404167
0.2224888021986183
0.159028133021905
0.2832587378251714
0.3272117233961088
0.2414081298006456
0.1122483078063123
0.1940776291231035
0.0770889382051948
-0.0263107152919785
0.0565033112101136
0.2076170231786111
0.190837179831994
0.2490933163556628
0.3448042398801707
0.3138707308322257
0.1077142740938619
0.2913844296276985
0.0691766916716534
-0.1548483664453318
-0.0738335979727161
0.4818966382984812

-1.508272247170867
0.4909735790520376
-1.7304933493577632
0.1056453332492406
0.516651438959004
-0.113983800264176
-0.6638653616618725
-0.3556121058670481
-0.1081433224028427
-0.4616118892293479
-0.6245974478520232
-0.6864009659806741
-0.8756981424920879
-0.0662003248345643
-1.031303317041386
-0.2069928503137678
0.7067481818754867
-0.3020562542737562
-0.6951382871785255
-0.0486381457817281
-0.4503922054326338
-0.6012109519368594
-0.7149955527999873
-0.7008596958965682
0.1247864606420728
-0.933388326989576
-0.1384650995971811
0.2178785961844875
-0.4167254656997995
-0.6447734981986689
-0.4784656614012024
-0.9111452076993344
-0.9909555576263704
-1.2498316198428931
0.4407653864299178
-1.8914028070315765
-0.8280901238242832
1.3178009230366996
1.487877983654741
-2.812917192334037

0.0001480216522303
-0.0007564474180279
0.0016238169226254
1.5409025350189197e-05
-0.0020522966438993
-0.0002109597943355
0.0018547574343315
0.0003976608351678
-0.001815191824025
0.0011312765932587
-0.0004394907232512
0.0002984727319943
-0.0006391372149498
0.0021532666385406
-0.0030601406129644
-0.0030283185745724
0.0012931793095573
0.0104234152273179
0.000237209849548
-0.0297085826276872
0.0481678183911478
-0.0614285807116234
0.1219354362106651
-0.4472120722405298
1.5223515002499126
-0.896467568068928
-3.3164367498552725
1.7005589200773226
8.439393306579559
-13.76077462010651
9.64228655441212
-3.123216338648217
1.666789988275566
0.1395851024263888
0.2520279004045859
0.6415710250407343
0.5492475157626507
-0.7016568777131311
-1.0275674395689176
1.8417415638961196

