-0.3242518991853869
-0.0544687882361599
-0.0633329561108109
-0.2031771762332623
-0.1833597473925388
-0.2110914541480764
-0.1128121651747062
-0.1159141237469831
-0.0891795793488897
0.000352967573566
0.0221594618327424
-0.0192450346411192
-0.043615958668065
-0.0175048767517451
-0.0074758274456499
0.0043389473323781
0.0483142547073006
-0.0323067156838856
0.0452868074045813
0.0693692066181279
0.0261579400335509
0.0343362110216318
0.0707149712327606
0.0988829399300175
0.1365371406685051
0.1851839854593688
0.2328093106315744
0.1145132999707905
-0.0177169829845223
0.1020762593812489
0.2515186674166028
0.0943075920921933
-0.0568728892357991
-0.0378769367187171
0.0429132372798371
0.019246104860916
-0.0439930765230373
-0.1444345831105976
-0.0856559955285646
-0.3352655868332028

0.2741095648632587
-0.4852989187882018
0.5313882512704272
0.1004804124493624
0.2728758875885617
0.3149597404359103
0.3218706130144388
-0.2601811451974982
0.7512446453122377
0.2457961520177632
-0.579859932418351
0.2402042433087655
0.4695906475614548
-0.0988870500358003
0.308673169565531
0.1798564433073779
0.3068008560155837
-0.1324114032909459
0.1139591964735124
0.4207847734999707
-0.1361216601403742
0.0206563367015949
0.3394097699993841
0.1043964470473962
0.3023771874216204
0.2833762258266573
0.413749013646744
-0.147528554539187
0.6178728394834839
1.102743413431133
-1.586173197281691
-0.678098380353962
1.0744485869991445
0.4695952411403478
-0.5837110849642637
0.2288183700827118
0.090968129791114
0.1145343740797472
0.0918393921243329
0.1479740761209768

-1.6186563679562842
0.99738833846738
-1.0204043716916849
-0.630377106348204
-0.8150174497405944
-0.9959099983900908
-0.7158706424696448
0.0563795494657646
-1.358975202604721
-0.0180819382466214
0.689892571692882
-0.5321783499626026
-0.6724882099971793
0.0540505750003026
-0.5088200302358645
-0.3285102410202217
-0.4372838041700242
0.0289350101591097
0.1897665126207985
-0.5885828605966985
-0.1182245279614941
-0.0439017937369583
-0.3989853893459338
-0.3787557474296835
-0.603778669670327
-0.7405142418097713
-1.0093963955899374
-0.0863340416548836
-0.8500097930816612
-1.6366044893402962
1.79570804702647
0.6103923336627826
-1.3956316771143198
-0.8313919148779941
0.3985698940905972
-0.7480615923696741
-0.6118943430962238
-0.9920960834056836
-0.6980572157026161
-1.1104949875653445

-0.7669874091083532
0.939046525343866
-0.3787918844187666
0.0448110129976455
0.0107946112267527
-0.0086939677094859
0.00935433241025
-0.0152291358282167
0.012969150705781
0.0001558079857982
-0.0052942968250087
0.000251163225006
0.0028220361604412
-0.0021512769756489
0.0013395264845531
-0.0014842374873395
0.0032140101729314
-0.0003043298179863
-0.0419025249986775
0.0382474238694614
0.0835515140964466
-0.0576856225084171
-0.2128055222348929
0.4210747623068923
-0.4651004644327108
0.5897684860595368
-1.4827932622048503
6.657461375573007
-22.89391162391738
25.69531462979534
-1.3879386751927782
-7.552180956640332
-2.445641375689415
3.4494034287029733
1.997055271245458
-1.79683999783487
1.119298604018958
0.4007212434612426
0.3530882252795578
0.8568056461558715

