0.3909445605149603
-0.86836226158086
0.6286945832826003
-0.2477204144232028
0.0658518874456873
-0.0162812009767422
0.0390708916831979
-0.0308561556267031
-0.0128527248260083
0.0779731193147996
0.0189984623198901
-0.0222099150376156
0.0866502526036075
0.0463540527760313
0.112254471486492
0.1328748386964882
0.2017446163520812
-0.0696521509130446
0.2679661627010072
0.0521026569519802
-0.0182115413799036
0.0724323790892624
0.1822721010428817
0.1261041086695209
0.2366655850569259
0.3045956746987442
0.3875987415624545
0.0698967735154381
0.7157307463724553
-0.5689626390084965
-0.9238487238693548
2.1188689421125684
-0.1246521676199907
-0.8343706144559168
0.3554229755659093
0.2352843959409137
-0.0283353399649114
0.0811357311239417
0.0395114611519661
-0.0944349501457214

0.3262296049190551
-0.0133627656684202
0.0425436510862822
0.2093531313377411
0.1763133276161918
0.2362827016192333
0.1660081434545107
0.0856159327949948
0.0619168508818011
0.0856925479118014
0.0441873389284696
0.0306428776157057
0.1598196789481616
0.1597226517632419
0.2186664853135455
0.3401672983464691
0.3813260596397381
0.0711684939403065
0.3278077854424663
0.1955871416699433
-0.0713948701628822
0.1017459322311434
0.2716381612874882
0.2442182698624909
0.3028163102597547
0.4242881929734273
0.4629227815963476
0.147246827798649
0.3342953142969064
0.2563044497626973
-0.0302994342801243
-0.2423649106977333
0.0216851724826398
0.2397999248201497
0.1572959235618094
0.0611507262052882
0.1844390281933086
0.26164975620322
0.1787162651720812
0.2916882297053033

-2.226181846165481
1.3513861600146144
-0.9467877141787976
-0.617112826462465
-0.7118090637199178
-0.8904778891923923
-0.5610115234788723
-0.2852668508758679
-0.489443171245298
-0.150497719865543
0.0819415460914706
-0.0226678115634595
-0.6490126255040867
-0.1229399572901338
-0.5075294368211964
-0.5783030262252158
-0.7106245814287898
-0.0377754305660536
-0.5193183297458946
-0.5509756855430286
0.4998390235510836
-0.3965578726196458
-0.689286534724305
-0.2692003747407799
-0.7946024029172866
-0.9255296891891792
-1.1716748791000484
-0.401177983575615
-0.6480804632169883
-0.767986694445573
0.417269214619644
-0.0906012047993513
-0.4875870039759136
-0.5558433415492668
-0.2534428795709679
-0.6789616745779359
-0.7293189053364375
-1.1414093213603516
-0.8263941270595907
-1.187510323589963

0.0277251329791175
-0.0163731230531271
-0.0177780093477334
0.0105230675995725
0.0019886331033384
0.0031190392693268
-0.0010651235945187
-0.0005439265895506
0.0068373732215686
-0.003811544650798
-0.0060780510572515
0.0012976307286003
0.0051366360030674
-0.0010569718196232
-0.0029878140489167
0.0037154121238157
0.0061288976789476
-0.0088773616365535
0.0097897941167752
0.0004649455562613
-0.0071480793240288
-0.0018662318578908
0.0050805632149749
0.0018194971794748
-0.0041828270006158
0.0017062972609464
0.0076809027272765
-0.0075180161435401
0.0062642957637944
0.006230429028547
-0.005253457805778
-0.0074066739268563
-0.0009971018394983
0.0056098986494338
0.004474594942968
-0.0033453309861969
-0.0056539656333194
0.0132751343629605
-0.0183667670765161
0.0159921307517032

