-0.0255491868935887
-0.0670881252038803
-0.000711190896259
-0.0215968641104687
0.0113651428176164
-0.0606995154642802
0.0842380679101651
-0.0230462906276979
-0.057102206962382
0.0813891160403204
0.045097309269367
-0.0146725020635052
0.073659280657012
0.0784216575157254
0.1149174707722195
0.1498732848316882
0.1002922065321563
-0.1813117960627385
0.3596072179901149
0.0636006429336661
-0.0354442002513136
-0.022500867647898
0.1361501939387203
0.1862874624763889
0.1044027381987995
0.2425083298705212
0.321015613313922
0.3231026333802749
0.3074525166129572
0.0220334666895155
-0.6073264626315691
1.6211969735388791
-0.4475108393300341
-0.4317535045029133
0.6002273405859033
-0.0785546748048942
0.1521323926815248
0.0308222729028975
0.0860087633106806
-0.1161034848362263

0.3662875699076165
0.0345181969726706
0.2754141580361556
0.2462117264588928
0.1033740723493168
0.1515303892314146
0.1449490992844118
-0.0337641190146767
-0.074307741491195
0.0924647718070448
0.1340561845212704
0.0742897575811323
0.1311917366044031
0.206785449239103
0.2571839995360057
0.3588861158852734
0.0895582746247964
0.1926355216309946
0.2575123699180153
0.1075092302392356
-0.0775791580895673
0.0519314583719076
0.2119983341542482
0.2350104651565527
0.1925495425966407
0.3016445249502403
0.3934899848879501
0.3932748411264117
0.1721362044986081
0.2968604428625218
0.1359756270459826
-0.1352245216801949
0.0053493850046422
0.1819766386740452
0.1530095387994615
0.1291200571412598
0.2219494731055553
0.29175903280929
0.1048342117543181
0.3386667973070285

-1.662155832763496
-0.0749503665219977
-1.18913788834706
-0.9672176676066075
-0.4055076815175744
-0.6320941745079317
-0.5675566692129094
0.1726674271513696
0.3137953625330114
-0.2899975465358674
-0.4520568160900701
-0.1581375410450575
-0.2529152904101859
-0.4616814484221505
-0.4934406537023302
-0.6389937225073176
-0.2104138990325835
-0.3793612932958891
-0.2230486837029059
-0.1359433656000608
0.0929067212935204
-0.2246696985431403
-0.4470589255109621
-0.3922109115456322
-0.4124802626946248
-0.7568124262677273
-0.9232003048280768
-1.1077694979596593
-0.4292606326505978
-0.6182140406457157
-0.4450573251896397
-0.1392397338942309
-0.1796556540841677
-0.5015598191414666
-0.5943689812116281
-0.7057573588993395
-0.938177681622726
-1.2955589413823223
-0.4662149854435873
-1.45845579052947

0.0345894544128806
-0.0398868358237253
0.0145857699582904
0.006055817621321
-0.0081952225664058
0.0065660502477281
0.0065356599212153
-0.0050400615603356
-0.0073426233181532
-0.0011497147042734
0.0052123681346133
0.0040569115862603
-0.0026847576139764
-0.0029498710819245
0.002038612164223
0.0070113914460238
-0.0097978281720488
0.0077433875113856
0.0066293768853964
-0.0048109629496448
-0.0073747354751015
-0.0015509713688247
0.0048834743818443
0.0042818444266982
-0.0023154817581293
-0.0031978553500335
0.0018971960468701
0.0064671243096096
-0.0077963400533157
0.0068312045064538
0.0039706912371557
-0.0063951653535018
-0.0045475180610125
0.0038395303870906
0.0044816000925546
-0.0042196896021099
-0.0021031457304768
0.0168549899629337
-0.0351152748012188
0.0305763163537946

