-0.7201933665733785
-0.1136093158083187
-0.4859155017835457
-0.4273365190764336
-0.2068797085872807
-0.225875747690067
-0.1675589211109353
-0.0319652165832259
0.0050240780020329
-0.0529140289273992
-0.1293452892906094
-0.1447865119950623
-0.1399615415114416
-0.1843538837265846
-0.2328715746142419
-0.2169521707240317
-0.0889000769905865
-0.1078696125253792
-0.0722182098401198
-0.0177331147031165
-0.0077028010368289
-0.0147282788100643
-0.0270456335391909
-0.0515258185531316
-0.058430870358064
-0.0632872525066714
-0.10296791592294
-0.079826908773531
-0.1041524319827888
-0.0696483022089004
0.141002468250612
-0.0070172835619313
-0.1342413610834286
-0.1278488115154459
-0.1121381501725804
-0.2142035150465355
-0.3075606987712596
-0.4838450219642062
-0.1397558742532245
-0.6981413526121827

0.3428533584397493
0.117118602303431
0.2840596712168932
0.3204937462678339
0.1602354865048153
0.1401468095785503
0.1416999616437775
0.0872424057973972
0.0708962831607871
0.1083429469541366
0.1620172170491078
0.2091415496857371
0.2639664895359236
0.3508575743445901
0.4579223751278528
0.4419521493090924
0.2286432132047375
0.2041118369992572
0.1349524830620583
0.0457692715168873
0.0020491440879041
0.0260961613404677
0.0966544401314579
0.1504894852042874
0.1622456508921023
0.1941701466223492
0.2740870768527847
0.2882776739851204
0.1317476057678297
0.1266421944826718
0.1299171172547027
0.083584387708655
0.0732913073354162
0.1120164795619615
0.1625027902835584
0.2020723831276587
0.2714440196984027
0.3331686373374538
0.1621272830130101
0.3559008954539531

-1.2761696283582018
-0.1830864093592138
-1.0113502847493732
-0.9177509579385332
-0.3982818224427202
-0.4937372611878745
-0.5608810260841036
-0.0025149812621764
0.1246401664110502
-0.1930517335184108
-0.4328512456594864
-0.3634267705492006
-0.2998355411195096
-0.5770624070410387
-0.6337930982848442
-0.7036796694962452
-0.1815816203585795
-0.3756012251523296
-0.3446664177106134
-0.0504121935629126
0.0903139819155701
-0.0626202686862316
-0.3517006628776991
-0.3917124857074098
-0.2982047700749387
-0.608657046742754
-0.7482884766942642
-0.9372451931204848
-0.3477899327802869
-0.2952923001939967
-0.7252614026439097
-0.2239139463292029
-0.026882690053588
-0.3991483242178055
-0.6057500892900781
-0.6069791792032821
-0.8301091145164372
-1.1243049953021478
-0.4158442539232383
-1.2318579783553254

-0.0752521278780806
0.0622161762079012
-0.0253569424306101
0.0103553681705706
-0.0090953788857874
0.0092392561962696
-0.0009727012719985
-0.0043945581401106
-0.000909833998776
0.0027032983636646
0.0011689583495217
-0.0021305528449444
0.001131956759885
-0.0009307424204435
0.0015569881635928
-0.0043822906334617
0.0160937165180633
-0.0228859919908758
-0.0353042834810088
0.0130250511418078
0.0742198407185951
0.054124727303865
-0.1096423509020779
-0.1894448325947501
0.475399891743613
-0.5574028477171894
0.7117185010503241
-1.7005234821392623
7.021084322145053
-21.93848268510177
24.764304397326423
-4.216420441060047
-6.913567872746726
1.9660967337265471
2.6217781614938005
-1.261283834949295
0.997891939064536
0.4862535024978165
0.2568150568631262
0.7939773055198526

