-0.867921458354657
0.1999499830677757
-0.4480127540885411
-0.3629161986280882
-0.448686784821451
-0.161112039442604
-0.2683363612735964
-0.1887469071760863
0.0260079243978033
0.0412898807364596
-0.0812650062463088
-0.1539806498716542
-0.1401497419518619
-0.0955159189249156
-0.1886445439441877
-0.1972140946919121
-0.2056541851674611
-0.058915196064402
-0.1266379332236528
-0.0869543925105969
-0.017896112239491
0.0202221559802878
0.019263372488088
-0.0446886478576413
-0.0756018585497132
-0.038268883281981
-0.0659738574597171
-0.1036447037022619
-0.0748800477189775
-0.1477653902771061
0.1646278747931464
-0.013063836095856
-0.1443906726753569
-0.1071454956544384
-0.076284901788759
-0.1715012558054036
-0.207319321660453
-0.4110374172986513
-0.3514819434046606
-0.6772933389377097

0.3449597467420192
0.0491831922198025
0.1976486552152028
0.2930283162343637
0.3600217402003597
0.1787963653145809
0.1771833725787524
0.1461474598440347
0.0656156424355225
0.069264186675381
0.1216044154032452
0.1742612057943321
0.2156000270877836
0.2547075585715082
0.3399482476132002
0.4308932826523985
0.4100114236906807
0.1878358809355042
0.2332405329333061
0.1489600023962599
0.0014833099237267
-0.0389392614002436
0.042031454401477
0.136952932642374
0.1553287080466542
0.1340913992518132
0.1974072312368239
0.2662748665506986
0.2915465627686426
0.1292825367254895
0.1731240086720055
0.1352900905822276
0.0543959884576045
0.0580428965940171
0.1224294012554772
0.1715018026909659
0.1806060161084806
0.2885228146364497
0.2495104171364593
0.385222477637074

-1.5000315968550189
0.3853271362497921
-0.9690736372478947
-0.7368475517211568
-1.0247799452136792
-0.3247912321510045
-0.6243463875171615
-0.4958063689094326
0.0983647051746341
0.0809711767669954
-0.2375071228310571
-0.428058384025331
-0.3244434096501564
-0.2778200405637605
-0.5646113511997187
-0.5757976591523899
-0.6900282862802642
-0.1356331391644346
-0.4532720826326898
-0.4204659076706194
0.0861101649030741
0.1972183892283359
-0.1752219867709269
-0.4765705483518194
-0.3454987687230221
-0.2650311833608177
-0.6870051641083285
-0.7461711896795777
-1.024367969939873
-0.219075896751593
-0.7104676167132514
-0.6377553315279848
0.0649465885777107
-0.0502631459040784
-0.5322337199015034
-0.6351441155402613
-0.4353557141902416
-0.993689172268638
-0.7755609230788779
-1.2533880202871666

-0.140876679797501
0.156674255596959
-0.0747615966369823
0.0250183358528366
-0.0096865511690289
0.0083442783912851
-0.0094559733106521
0.0049467307639186
0.0008150806226465
-0.0014915214392679
-0.000194424530541
0.0008510786973574
6.341482539048884e-05
-0.0015160204900622
0.0023797505398606
-0.0034403946187225
0.0080087815307612
-0.021542945587979
0.0028304795564799
0.0830176312532253
0.0200125096781477
-0.1189931755515263
-0.1459942704468628
0.132411825095171
0.4085922462382724
-0.7721266150043203
0.7876232642870284
-0.9052198889427572
1.926593594849144
-5.871726057720618
10.61454819117672
-6.042331369467133
-1.7066337396753948
2.3762256243970814
1.1510479052399003
-1.0985973945733327
0.8308715208291823
0.4268949729072812
0.4611923548716198
0.8110380902321286

