-0.4472672804080531
0.0488368951762513
-0.2502393484135585
-0.249714172782176
-0.2455163736427059
-0.102638137543758
-0.1160681665656597
-0.1084079407991884
-0.0157373947574892
0.0340777797428182
0.0138934203083183
-0.0359384741322267
-0.0440810953687266
-0.0096617464646114
-0.0049043726298844
0.001221234227508
0.0500060278284866
-0.0132342372245116
0.0172967852594732
0.0704125987517166
0.0221349830727776
0.0159408288914937
0.0436298985445296
0.0684386872198049
0.0763223938829583
0.0935656616899155
0.1521591858591646
0.1942362355207723
0.2582434653339354
0.0281866119874791
0.2634697343635612
0.1678397683220193
-0.0481645906304621
-0.0536008993513634
0.0382922800760174
0.0299873646502367
-0.0454717229545821
-0.1348482836287632
-0.1247634054985158
-0.3685926522156465

0.1277210206370891
-0.0073271955490294
0.2226583647278945
0.2924968276142412
0.3431033482018009
0.1420903247616393
0.0609744761238799
0.1970914572781736
0.1908741927962388
0.0848061050170869
-0.0210969348971461
0.0784782553694101
0.1801556252898542
0.1398074647588568
0.1731073183089734
0.2097692972593411
0.2526618828041972
0.0049985710675495
0.0635720903573486
0.1526766941775726
0.0855177665366048
0.068404262739503
0.1057004486091352
0.1321757152926446
0.1403396396622398
0.1549010894345309
0.2147854900621065
0.2638660761385282
0.2163290586046078
0.1946540766034888
0.0170327836619188
-0.0577699436369958
0.0251043435478292
0.0655630320774341
0.0646356273869675
0.0516859341714615
0.0638485663101401
0.1265291073781552
0.0989321303916683
0.1721923329164379

-1.655537229014823
0.5569435817766614
-1.1859881374445456
-0.8740758209432441
-1.1431753322858025
-0.4282844451848728
-0.3987179599763478
-0.6607284588444744
-0.2094423759217322
0.0939168695144117
0.1259838850809636
-0.3881973873919315
-0.485544988554652
-0.0472234281572315
-0.4038941663151972
-0.327812056812556
-0.3982173161905376
-0.0743927715564524
0.1899942331256995
-0.3123500478291177
-0.2188015234197456
-0.1244358898753119
-0.180510224304743
-0.2474148808598084
-0.321951120753964
-0.408609713192506
-0.5910408290331038
-0.7917034572516647
-0.8597857053492922
-0.4752204531219141
-0.33336076484685
-0.2507148420685776
-0.1610175270786668
-0.2019883667867603
-0.3907041239730834
-0.5439340713390749
-0.4772959895409637
-0.971433900131747
-0.7880737640171755
-1.3144276405868798

-0.1418581555362046
0.1573905278754352
-0.0749001823975253
0.025013740360878
-0.0096973405047972
0.0084561627633771
-0.0096977599775233
0.0046669797037847
0.0010549261064136
-0.0008314276561052
0.0001087807020128
-0.0001993578478123
-0.0013050938262245
0.0024663727760353
-0.0024603034361539
0.002790808375426
-0.0057845040273964
0.013159335596992
0.0100734650740746
-0.0657469711148384
-0.0342679402281294
0.0857431826632898
0.1340371809409243
-0.0821397647687589
-0.350593646427505
0.5959861930399033
-0.5722246539123951
0.6220931766280198
-1.1899956976858903
2.3979169920143306
-2.2960904877100137
1.5121423008706647
0.4718309407301379
-0.370929332444977
0.0308754228389782
0.6331444617234245
0.1259755468086043
0.6057907968935149
0.4149921399979948
0.824779709339641

