-0.3943002559739436
-0.0921133955800862
0.0506058591832025
-0.1872656321405932
-0.1899318890565667
-0.2049065025283987
-0.129337030642592
-0.0955040968066028
-0.0791059784732658
-0.0273393828955555
-0.0087835305881852
-0.0157671838860489
-0.0460133774613898
-0.0517547579197554
-0.0408649506163213
-0.0388964889547079
-0.0493780114206922
-0.0461022337721403
-0.0212244182107224
-0.0284238197278086
-0.0173429180025501
0.0026462905014655
0.0269286072153774
0.0253278771974789
0.0140719592024117
0.0293232421046294
0.0526752413399037
0.0723960283502102
0.089602122107965
-0.0412359862266964
0.1941569525996493
0.0895520680596773
-0.0532051599832451
-0.0589514126919062
-0.0112835860897892
-0.0345196241652855
-0.1027854921008521
-0.2031940575234973
-0.1669074958270038
-0.3581684752174373

0.2776126769829954
0.1358556353148244
0.07140517680387
0.1984686209228302
0.3463463013457507
0.4193025869208551
0.2857521667748886
0.1683136975800161
0.1535712615771303
0.1120778069702254
0.0953115802190559
0.1130363160190993
0.1575262873398406
0.197011100465543
0.2251440929704601
0.2640188945565938
0.3297098733464237
0.35873350912592
0.2383216044451082
0.1642198043022144
0.1010897119783293
0.0261677917120065
0.0213287404227397
0.0735391527986341
0.1218754681488762
0.1411295270748509
0.1809529883209125
0.2461586264762937
0.2322168818944887
0.1016419767423934
0.1245723584208389
0.0976861888125388
0.0690565890973708
0.0851946926818445
0.130010594534487
0.1759202712514432
0.2266220925117126
0.3281573115430003
0.2704652459779212
0.4016111796498931

-1.1510173403785862
-0.2448910333043302
-0.0718010708218268
-0.81801549631986
-0.7798684876792601
-1.0235154532021955
-0.5999719707172575
-0.3705933443301011
-0.5554164744291487
-0.159494548615659
0.0339337195937834
-0.0799561031859389
-0.3094220049633623
-0.3666090507565467
-0.2838750051218288
-0.3654630557926364
-0.5100902831153229
-0.5921219758893764
-0.3651824861718987
-0.2879074851767835
-0.3045325162727909
0.0033163376650754
-0.0181816316665372
-0.2917619869889578
-0.3705789291277946
-0.3426306847773881
-0.6167655965490707
-0.7635651775771294
-0.872454426881281
-0.102810926921827
-0.6624445652966887
-0.4189504356344867
-0.0426358474611594
-0.1988319717856984
-0.510318233424821
-0.6180439405272155
-0.6303692235461438
-1.107008333118971
-0.8264405474370128
-1.2515149692198186

-0.7647619073321632
0.9608002118593504
-0.3983019607227189
0.0597189437875526
0.0033880067468199
-0.0055951938116256
0.0076242176545245
-0.0141382620479285
0.0117903671917363
0.0020769215184835
-0.0048134106066941
-0.0024790326973053
0.0022849632207649
0.0019564952034929
-0.0028024799566852
0.0019765828121218
-0.0015467248452437
0.0019767221040851
-0.0012947373601166
-0.0295018882119873
0.0936320435601904
0.0151646388140496
-0.1698962330706084
-0.0639839264967625
0.476783344139533
-0.6257382614216171
0.6131263226868634
-0.8590199374990362
2.428164371882205
-8.289460322050324
13.68862019884879
-6.334417576108649
-2.806207628360226
2.576030890041637
1.4287815707745897
-1.1708713208969288
0.9289698321739396
0.4470147259195155
0.4182111657074621
0.8486814487540547

