-0.1986727342702803
-0.0682501935960461
-0.0461328459010665
-0.1182728874263612
-0.1302425401153718
-0.1261063931552583
-0.0640418938942594
-0.0769082756563959
-0.0540342977851952
-0.0068376559384347
0.0211973410149448
0.0244067432090787
0.0086150789971419
-0.0102279407752706
0.0076836276307478
0.052859130945504
0.0681065278509016
0.1139933522646198
0.0901387206592885
0.0473094055468943
0.0701331684407254
0.0495370567144145
0.052842593707006
0.0834519355545466
0.1148606366918055
0.1466423875324248
0.2112768459473251
0.2914379423336939
0.2890398865638716
0.0810632006335577
0.254358332095448
0.1380491027046559
2.4650037986622355e-05
0.0071859365541437
0.0733933190645782
0.0721044268103292
0.0223095254406477
-0.0314133625311145
-0.0318847085895902
-0.2174706448069642

0.0678297404806926
-0.0815037169211353
0.2211146940880974
0.2541456850996749
0.2294284916394433
0.3844057546567678
0.1887865846768772
0.0886276091602044
0.3604786601036414
0.1658305267144988
-0.1326229246365932
-0.0055723689613404
0.188709393722279
0.1276861419502616
0.0841878560429968
0.1329854287601952
0.1714917897110769
0.1638886305031646
0.1475627272378952
0.0715208732802203
0.1137464071407182
0.0989952710768544
0.1017779063459265
0.1209614149385654
0.1452665545212998
0.1641925366966034
0.215786480953303
0.2665786701987079
0.1655235976416831
0.2571231479917736
-0.0637682835630263
-0.138963300410793
0.0801355349470899
0.1172935875858167
0.0414057057261539
0.0376812411626917
0.0961677265793771
0.1309968558310182
0.0943203114459699
0.1689166275023935

-1.4941759830280898
0.6772171884737489
-0.8834874823588738
-0.6020094297348518
-0.9184670498111792
-1.0214063308624983
-0.7303864162382807
0.2339761803271579
-1.687332478935032
-0.2394381054674073
1.1225637667411534
0.0352507586936585
-1.0424884688294296
-0.1634427010757678
0.1688099830500253
-0.4214106997907277
-0.2046347963216939
-0.2141799545852293
-0.2632727602267791
0.1333611689033341
-0.3183735405417853
-0.273016828002487
-0.1096494635327944
-0.2041995879521377
-0.3967590381832078
-0.4006014687645673
-0.6246321521375977
-0.8109809320780765
-0.7705479650270083
-0.3901844620836974
-0.4226205825787597
0.1015113020561514
-0.2692609982309023
-0.4063678473468347
-0.2865545290156029
-0.577137847308301
-0.6084018333944508
-1.0404669992284177
-0.7942091948588765
-1.2022042148357444

-0.77014895390173
0.9634999929888364
-0.3961282947061861
0.0577542620920305
0.0041370941663244
-0.0058782667104944
0.0078713865235177
-0.0144193065366356
0.0115047006978638
0.0023781472477174
-0.0041800605361916
-0.0023304748631589
0.0012785327068169
0.0010244083318955
0.0001051323838163
-0.0008950941958457
0.0007426456481961
-0.0005020095534112
-0.002456520932845
0.0302232952761695
-0.0671968542329137
-0.0308474827942805
0.1251879319359534
0.0765561061654691
-0.3666465201580114
0.4424075721220951
-0.4088436217453802
0.5437433565850316
-1.361681242935593
2.8749352046191445
-2.4128086765841723
0.8785889930537658
0.7158315925054816
-0.0410444620825968
-0.1160316094445367
0.6091969742850515
0.2274503748729916
0.6466148254884866
0.3559482109921173
0.8721252853984603

