0.293459
0.176051
0.231873
0.14402
0.0116375
-0.0897823
-0.0181065
-0.0121929
0.0762443
0.195584
0.279271
0.231573
0.156783
0.170754
0.0925728
0.0517235
-0.0733032
0.0363572
0.128647
0.188113
0.151847
0.123766
0.112552
0.0529174
-0.0364159
-0.0475446
0.00935367
0.133212
-0.0333366
0.0934469
-0.164985
-0.169179
-0.0745064
0.0757939
0.232185
0.31248
0.289967
-0.0113369
0.0854328
0.482237

0.0630112
0.0740264
0.0180653
0.0401402
0.0022766
-0.000379133
0.0579178
0.0284798
0.0339408
0.110934
0.127376
0.192696
0.0322799
0.145344
0.0257521
0.0556385
-0.00469615
0.0559127
0.105968
0.195736
0.176716
0.0883372
0.138837
-0.00147504
0.0539572
0.042675
0.0495867
0.113847
0.314959
0.0330199
-0.345372
0.0356578
0.422273
0.552422
0.495965
0.112642
-0.307283
-0.325852
0.214685
0.236047

-0.483079
-0.234809
-0.236276
-0.183125
-0.0468281
0.00948766
-0.0671559
-0.102549
-0.210471
-0.380454
-0.687871
-0.692414
-0.280727
-0.443946
-0.282423
-0.0945115
-0.0941567
-0.149917
-0.459338
-0.859839
-0.767665
-0.365832
-0.504822
-0.251168
-0.0324047
-0.110589
-0.285529
-0.645045
-1.0443
-0.38219
-0.353506
-0.657433
-0.58507
-0.365593
-0.104021
0.308934
0.448759
-0.13898
-0.60088
-0.630365

-0.00891443
0.00804139
-0.0242743
0.0170672
0.0286811
-0.0502779
0.0154776
0.0187145
-0.00798653
-0.00261376
-0.00330911
0.0124988
-0.0284796
0.023762
0.0129377
-0.00942681
-0.014825
0.00924411
-0.00202521
0.000588829
0.00478456
-0.0225838
0.0165664
0.0426389
-0.0400114
-0.0188435
0.0223014
-0.00444422
0.00549429
0.00712469
-0.076923
-0.0750952
0.0299815
0.081012
0.129894
0.06718
-0.0383965
-0.0542606
-0.00158514
0.0274674

