0.290093
0.169215
0.227556
0.121995
0.046447
-0.018586
-0.0991002
-0.0114103
0.0655808
0.226879
0.257732
0.253027
0.1208
0.192312
0.106732
0.0093079
-0.0205191
0.0245668
0.0984839
0.217701
0.135426
0.142439
0.0875618
0.0421263
0.009801
-0.0505543
-0.0221652
0.143292
-0.0247233
0.0725338
-0.138841
-0.152342
-0.0827148
0.0533497
0.223108
0.284988
0.317681
0.0335515
0.0344614
0.504241

0.0692612
0.0352213
0.0145862
0.0571486
0.0413542
0.018644
0.0275699
0.0121857
0.0552475
0.070913
0.168288
0.153085
0.07649
0.116689
0.0384435
0.0542298
-0.0266012
0.0673078
0.117028
0.187534
0.177196
0.0937316
0.118512
0.0568214
0.0125368
0.00320852
0.0973538
0.106271
0.313041
0.0295981
-0.320462
-0.0372643
0.443082
0.598327
0.494372
0.11439
-0.313904
-0.342955
0.217038
0.241237

-0.490926
-0.209991
-0.231206
-0.168299
-0.0633092
-0.0312716
-0.0696758
-0.0860533
-0.224378
-0.330566
-0.721076
-0.68508
-0.280692
-0.4315
-0.29283
-0.108377
-0.0736325
-0.171852
-0.44099
-0.863569
-0.77612
-0.349558
-0.470487
-0.287966
-0.0786602
-0.0822691
-0.256814
-0.665045
-1.0401
-0.390965
-0.329384
-0.656887
-0.582428
-0.398411
-0.0744763
0.272676
0.447541
-0.107668
-0.60587
-0.636037

-0.00233311
-0.0274428
0.0172516
0.0473763
-0.0113509
-0.0387107
-0.0085016
0.0156665
0.00538576
-0.000939181
0.00147545
-0.0104302
0.0241884
-0.0201703
0.019256
-0.0236742
-0.0184311
0.0410982
-0.0147446
-0.00182769
0.00411255
-0.00182677
-0.0290903
0.0526342
-0.0231686
-0.0128265
0.0248669
-0.0233931
0.0201049
0.000356199
-0.10744
-0.0206264
0.0542191
0.0847493
0.0541016
0.0573323
-0.0180243
-0.0186352
-0.0263152
0.0330225

