0.262843
0.109048
0.134118
0.0872518
0.0270128
-0.0690584
0.00192541
-0.043972
0.0787772
0.0540537
0.0637354
0.0560781
0.0345252
0.0575893
0.0376994
-0.0389352
-0.106604
0.0125414
-0.0259689
-0.0993641
-0.123897
-0.0407611
-0.0447425
-0.0458529
-0.0633617
-0.0504063
-0.0976118
-0.195166
-0.315718
-0.179868
-0.00444914
-0.414077
-0.25701
-0.0769928
0.0183332
0.235855
0.278046
0.092891
-0.0396831
0.417698

-0.0729513
-0.0397769
-0.0229329
0.0171602
0.0168146
0.0104773
-0.03133
0.0667321
0.00335038
0.000938065
0.0383972
0.0441467
0.0225095
0.00630977
-0.00566237
0.0412927
-0.00125457
0.00720058
0.0265057
0.0320848
0.0349913
0.0127541
0.0332227
0.0142946
-0.0282884
-0.00336529
-0.0140545
-0.0126763
-0.0788303
0.129656
-0.605179
-0.425811
0.108515
0.391387
0.472681
0.368607
0.112131
-0.216848
0.173835
0.0606662

-0.424842
-0.106184
-0.122146
-0.150318
-0.0619393
-0.0449103
-0.0769324
-0.161666
-0.221075
-0.286407
-0.592081
-0.684063
-0.288778
-0.339161
-0.195557
-0.0676417
-0.0997112
-0.215515
-0.382841
-0.620402
-0.682297
-0.301545
-0.31449
-0.160374
-0.0506665
-0.0743728
-0.225969
-0.385956
-0.489925
-0.541149
0.480983
0.376888
-0.262748
-0.590242
-0.625219
-0.37846
-0.0761911
0.00246143
-0.429979
-0.587977

-0.00234293
-0.00215235
0.0134042
-0.00549942
-0.0166349
0.00768764
-0.0136203
0.0382821
-0.0270937
0.00813243
-0.00453124
0.00904657
-0.0208637
0.025984
0.00053535
-0.0211212
0.0034432
0.0143704
-0.0119984
0.00510421
0.000227535
-0.00737963
0.00728611
0.00951151
-0.000929976
-0.0277788
0.0240236
-0.00480034
-0.00373145
0.0224275
-0.0801352
0.0135957
-0.00129705
0.0344012
0.00835687
0.0435975
0.0247867
-0.00620583
0.0133565
0.0168114

