-1.0356810487430177
-0.1196134779149686
0.4780768142656119
0.0897457643148999
-0.5036122714335943
-0.1865062136759492
-0.2010506512409061
-0.365619737479505
-0.348905965616767
-0.1133257739228504
-0.2207803193118681
-0.1420064183913987
-0.0190889813644671
0.0018296989319965
-0.0450540453014409
-0.0668455335189802
-0.0753097198881633
-0.100141053385626
-0.1131545236041171
-0.1493644105578745
-0.1485663818120946
-0.0598534733069869
-0.1119420510443361
-0.0231427669029483
0.0313545805190151
-0.017671573668427
-0.0662951776623615
-0.0516853223055696
-0.0547024639997866
-0.0849900977952269
-0.0915726920775704
-0.1238132255297973
0.0230416483641801
-0.146259896479554
-0.0797758191115297
-0.0018407962959615
-0.1516113730690565
-0.433055632664188
0.1618923336492252
-0.8326398732530803

0.3863021124641892
0.0932156364327672
-0.0891158179971027
-0.0486992036617762
0.2182895246310946
0.2612187797270102
0.2505830570577081
0.4016786618862918
0.453645233317746
0.1777581924590438
0.2030327328550188
0.1809928113393918
0.1087600008085556
0.0974776596458303
0.1221799900272094
0.1313470295438465
0.1353350272238564
0.2036604570545701
0.2573315909229646
0.3166144501761043
0.3309243068581646
0.145441428474346
0.16131101936977
0.121527134731005
0.0419588944147977
0.0453927823531849
0.1210128754194241
0.1437044384643653
0.1733010460923038
0.2729610699474344
0.3467587559942658
0.2588455313707862
0.1417782089813185
0.1620107713009095
0.0545966018711377
0.0366232141087888
0.1304736751329688
0.1936649548066284
0.0232034693770311
0.420992181367289

-1.8827669434222016
0.2819462404173475
0.530060006099033
-0.0423797946111173
-1.1089951067909172
-0.1067122206783946
-0.7283751529094248
-0.7748627113854422
-0.9344780968537396
-0.1837505469345574
-0.6456297615366668
-0.5016297023824413
0.1894256075995875
0.0648472099880458
-0.3577720672429109
-0.1838604160465906
-0.1848100307714173
-0.3430667594870575
-0.453762645124208
-0.5721382259937425
-0.6956856552899127
-0.240768247347669
-0.3284453008059252
-0.4376441890145413
0.0235089734314026
-0.0881542885130908
-0.5184840856650651
-0.3727684219069621
-0.5708149416953585
-0.8770860151583181
-1.075598505933551
-0.9466498184943816
0.0533768455250151
-1.377562348955503
-0.0460199000183819
0.4912041921331914
-0.3419990189656171
-1.4532768147388573
0.6041382656793418
-1.6243053045941938

0.0087604392695663
-0.0103493674327085
-0.0037247014833414
0.0065316047825841
0.0028675268662897
-0.0058260565625359
0.0032456931004315
-0.0013390713780886
0.0008735744546022
-0.0012851664663675
0.0006873374062491
0.002444070252867
-0.0020024750590888
-0.0017076886935975
0.0010166368240815
0.0010562315609867
-0.0010464291099381
0.0016402250170544
-0.0030404095439233
0.0050779609677094
-0.011652579291806
0.0258489391007532
0.0186212821869214
-0.1152449015027203
-0.0534178063350858
0.2161219134276582
0.1859278292661813
-0.7236333715959784
0.873817775858449
-0.8914195094966748
1.251147089981974
0.036973473482845
0.5140650474854652
0.3689580967136411
-0.0600704535033469
-0.1371542644558801
0.2633501853710187
0.7156598646446624
-0.313753881694179
0.9866299218276132

