-0.3914719346440169
-0.059309966579837
-0.0086359231082583
-0.0356494652732284
-0.0596035376649913
-0.1470218132621267
-0.1113561085383827
-0.1590090068126811
-0.1378337326472991
-0.0641519564725255
-0.0935335668939382
-0.0262658485980882
0.0251475596707807
0.0099938775267627
-0.0143750164245271
0.0081589348035335
0.0155384744711988
0.0292633191807784
0.073497703994135
0.0961381560698826
0.1358544253987374
0.0496761236068219
0.0631030131101594
0.0806089203074142
0.0454523665005241
0.0356188026175789
0.0736787735080699
0.1199028920973901
0.1465308672487212
0.2130219353610474
0.272224816634117
0.1586546939327545
0.1325329220918784
0.1302673229661385
-0.0034768690887181
-0.0619983691639921
-0.0683680987964563
-0.0767956420621098
0.0454128072870988
-0.4377076337258715

0.9447742641016916
-1.9280113409706785
0.4906734202241143
1.715827838377265
-1.1000958907633214
0.4066446442336326
0.2926964267426994
0.3191323650717203
0.41081332514605
0.182316880488161
-0.0077333464324811
0.3582619648755752
0.3807725622637224
-0.3469433312078318
-0.2482873982367512
0.3186018023463204
0.3100290998713895
-0.2451248215150681
0.3793333489699441
0.2094353516845029
0.3812251187726541
0.1105116867030571
0.1069530415417245
0.3733971754063252
0.0838244493408602
-0.1359270394238532
0.1407721911153326
0.2509809270045696
0.0717806333952746
0.1910400441817638
0.1089168123662599
0.1109011812292599
-0.0513451585738606
0.1940197388054422
0.0291811417246345
-0.0786619032700219
0.0170759654092393
0.2236333412590758
-0.0996546557915975
0.2243685652120853

-3.1412691335748297
2.840921642672688
-0.0441265599218915
-2.150169995316454
0.3445881254311319
-0.3616731386178606
-0.8508367713570308
-0.7709463421611247
-0.9697022582667802
-0.2456236938078317
-0.3767053109969832
-0.7239089095807621
-0.3681413403114982
0.593492650720138
0.4738281862769038
-0.6836966266477382
-0.5563185486077213
0.5932993033217058
-0.6547769064833652
-0.2944982928948659
-0.6469481778419648
-0.2115904175299473
-0.1285317518769929
-0.637244986173081
-0.1733646794398773
0.0683221785305172
-0.3685870893428504
-0.5689373747070363
-0.4445355173355466
-0.794821457159098
-0.8140292023560896
-0.8350720943714937
0.2981020598602555
-1.3663502907645906
-0.162722034585606
0.524748569925488
-0.1811976777402816
-1.6620793835065333
0.7393605584224585
-1.7426693038500995

0.0050612315149017
-0.007129886810302
-0.0006944715366415
0.0045393171093947
-0.0005878530855626
-0.0018064952973259
0.0012938002541649
-0.0006254527225113
0.0005195987525861
-0.0007806479407857
-0.0005650283392443
0.0034009785806766
-0.000493547962771
-0.0023493247270623
-0.0017075577595978
0.0008408233514566
0.0048116382963231
-0.0045154822807019
-4.114258771033922e-05
0.0054839031264282
-0.022764314623351
0.1426734044305541
-0.5625266861398052
0.3738411843249504
0.899247053961868
-0.5761408920371506
-2.005445639421533
3.604856249284552
-3.1723335192584523
2.284095634613206
-0.1277854539712744
0.9637308930923456
-0.6597587857604851
1.2141429057433384
0.0702824312789858
-0.4722434748546741
0.1048877062110931
1.0520870585475215
-0.492482559786238
1.035971601582738

