0.5470304135992917
-1.317110077132526
0.6830961924087494
0.2916034317534554
-0.3346041500163646
0.0741635504967833
0.0294925859999791
0.0156732056527339
0.0496601266857412
0.0157053478965395
0.0104365980290538
0.0132450686476659
0.0482571399737034
0.0143963362668491
-0.0045894308583409
0.0950002770589014
0.0424545745551271
0.0917692568297023
0.1747293300178897
0.2002355458328756
0.2750913957368522
0.0881641940794104
0.1186076194247888
0.2397699551215769
-0.0640285931247648
0.026294932535477
0.2382105831712741
0.1429604643198367
0.2297017085594647
0.3388108451070677
0.3956188161216356
0.3652790839615898
0.0715800203524061
0.5487960038602093
-0.2138436279150884
-0.1831500780208215
0.2096303651223356
0.0017214685130046
0.0156621716410934
-0.0822978781684879

0.4113963464111426
0.0082484476719452
-0.0762789947315093
0.0261816084648749
0.1338651793496358
0.1477549634122067
0.1394247902076061
0.2101484930301084
0.2197348850240293
0.0885926110854552
0.1223828229937695
0.0771666591113338
0.073690726248262
0.0126779092135148
-0.0453182437939885
0.1380775021035442
0.2375679767980729
0.1890145117839454
0.2854223053414461
0.4031535877819051
0.4343421698410973
0.1841229434708432
0.2374154062882679
0.2081940621192186
0.0690266928794876
0.0639674310956959
0.1619031319626064
0.2197021984287009
0.221328069616547
0.2892008392434565
0.3256879438251823
0.2103984066973603
0.113047583417277
0.1392212846637478
0.0300522038504367
0.0141007945222693
0.1140278151035194
0.1828268090477763
-0.0068052164293111
0.3862030817797053

-3.6268823763926656
2.016778262267693
0.8751928385593029
-1.034102485795044
-1.040977458004403
0.2468039730535846
-0.8471942324663773
-0.6010097993495996
-0.7846403416732687
-0.1677968561078411
-0.5040244324646728
-0.1036456217605332
-0.544830275528323
-0.0428138280686459
1.091136617138594
-0.7961563276965191
-0.853322519978494
0.2593151908657197
-0.7316589713073484
-0.601542012300851
-0.8632325307582415
-0.2710634276643154
-0.3932324723649907
-0.6848161249745894
0.1093077518844354
-0.1071926174240346
-0.6348200604685793
-0.4830833082529612
-0.6424893741809319
-0.9972487964951066
-1.1315508766576432
-1.092219998447507
0.278537195128861
-1.7555019587188336
-0.0702663680993495
0.6696270728617867
-0.3016371878339062
-1.883030108635876
0.8410547486330405
-1.9597852203072343

0.0493997488535242
-0.0143428776754934
-0.0314667584302983
-0.0134146523969031
0.0140454629993781
0.0139825091213338
-0.0086621835575425
-0.000719194392618
0.0065551136492801
-0.0098793821353048
0.0076807478137275
0.0066988135355471
-0.0045538040531311
-0.0070802327045968
-0.0014504991500161
0.0046128876957462
0.0037898131284992
-0.0022808036990442
-0.0024073980139395
0.0010070181955726
0.0047948214869589
-0.0077314593063159
0.0068972044150295
0.0041666476442716
-0.0060603015967183
-0.0043788983329277
0.0034662958003034
0.0038197141894566
-0.0031943444843139
-0.0008135934392581
0.0032744555112844
0.0014266086376274
-0.0042568556473095
0.0042504369058066
-0.0059936170805472
-0.0035286860896211
0.0117864928604432
0.0120499878221721
-0.0372733857713438
0.0296589621025658

