-0.4604727046452486
0.2679075115942151
-0.3452511882609839
-0.2796827226219139
0.139270872284453
0.1398694739620211
-0.0945031623676653
-0.1893370279466359
-0.00909435381374
-0.0898056522825879
-0.0907827701457642
-0.0785381331452811
-0.0121112540347406
-0.0641226716999807
-0.0523208219400481
0.0383977231137704
0.0270210490449092
0.0001679547008563
0.072069751669404
0.0413834746651455
0.0439706825345604
0.1194950452143146
0.1372831300241055
0.1884032566542953
0.0615631056927111
0.1134330960837963
0.0971295193147426
0.0101266958987365
0.0173755964102201
0.1116110205524668
0.2125754090429639
0.0676030308573429
0.1726028817579051
0.1154283854865362
0.0706665264358347
0.0454430297688112
-0.0774629991871568
0.0705500918129704
0.2510725972395558
-0.6949497066489997

0.6016426287027883
-1.5065475467186016
0.2330233037141891
2.316980930255661
-0.5802093363494871
-1.221730953136869
0.2645486503969183
1.0185352095586817
-0.3198919401743182
0.4247180626547374
0.2806082509470466
0.3751396111768661
0.1080358445249976
0.0301110904354633
0.4298212002791379
0.4391840954931633
-0.3362286173868676
-1.2185668956140256
1.094021790562004
0.500321168137215
-0.4140176901803761
0.5155522151372275
0.2468155341715976
0.4346762830741992
0.0522381699773776
0.4794252158014265
-0.0149131656170787
-0.207216790804362
0.2158890847272135
0.3201714037905219
-0.3362576661090719
0.2535490440808764
0.0485815258957397
0.1411122082073144
0.1103870732249898
-0.0507011696875539
0.2939182290419132
-0.0353359168554509
-0.3013736756400825
0.3786336749773811

-2.0803379564163578
2.8257947511964283
-2.0824531837121683
-2.5356670161300983
1.197455856437016
1.3218959311812062
-0.8081917718206926
-1.3754131483566656
0.2936334532411044
-0.8412576262706695
-0.6240781735541503
-0.7624272535702875
-0.2236611107969827
-0.1703542129099388
-0.4906212943986852
-0.9834159004535792
0.1999139980854206
2.5864890757647907
-1.4958272807479192
-1.3419422736522144
0.8688729289440471
-0.9146919149440016
-0.4874119049247374
-0.861306192762435
-0.1974816601019258
-0.6613834548682985
-0.2714834626570607
0.2165229045621997
-0.4372887110696757
-0.6255905385055787
0.044098050242258
-0.7402829132283014
-0.7234744492022137
-0.950459795989283
-0.8980977794372819
0.4505513022578725
-2.235561669538113
0.20833241985248
2.2975358154922443
-2.8982985558444825

0.0013755309653197
-0.0057816512531411
0.0079303609061065
-0.001010091285296
-0.0038457217436853
-0.0001730364364443
0.0023895598836177
-3.6646492799639896e-05
-0.0012937052429733
0.0010492205937124
-0.0008713658514512
0.0015772314025921
-0.0038618041835873
0.0001673057899449
0.0138729167482119
0.0022676930762211
-0.0170168727243311
-0.0202680455849195
0.0159089533024671
0.0549016769657285
-0.0927573871048735
0.0831637073181269
-0.0806312816627533
0.1290510653476057
0.0361043546509386
-2.9067463539591847
6.605817412924282
4.458172643951472
-24.2634588703926
25.20419169479957
-10.717835553610682
2.702332464471724
0.1937829410601105
0.5943022592034412
0.5359590480591191
-0.3062652620144975
1.3903380234992744
-0.1607493675714234
-1.446681721086088
1.7808191162563505

