-0.5831626406805841
-0.0435519870630453
0.2103907624946679
-0.0996475160310079
-0.2375614531514818
-0.1055741678691257
-0.2169155301080723
-0.1768101766871746
-0.0747369392978027
-0.1124808643278475
-0.0462036848595929
0.0012698092992004
-0.0356966461746293
-0.0603498472085441
-0.0500642513538052
-0.046467412953976
-0.0559432331656093
-0.0486198946669281
-0.0156666167369364
-0.0301720843758571
-0.0318184331205755
-0.005290778998325
0.0390979080466667
0.0404218011878659
0.0090840235998045
0.0017397575269353
0.0414636481026819
0.050993513715657
0.0800340598690971
0.0950735199490096
0.0444568782667154
0.1466326486803024
0.0655130693853985
-0.0208636190035485
-0.0535666527551187
-0.064984110112132
-0.0896992348136438
-0.0875525997728829
0.0831300861585065
-0.5015962065444791

0.5069392803936907
0.0331850407159936
-0.0990238599353076
0.1153987318395162
0.332523308893169
0.2787384766463591
0.4587850769800453
0.4579508379140903
0.1366597685826296
0.2874992704719921
0.1738748435297701
0.0675596627531601
0.1459071052960245
0.2408798009116347
0.2595188584395866
0.2980488481292526
0.3752000999570607
0.3781164178284884
0.1549002074154493
0.2665732266790983
0.1123729803978498
-0.0760545982073804
-0.0601422963213138
0.0753699586188024
0.1463022129158171
0.1027546120458479
0.0928207566887984
0.1715324697772599
0.2219196517138012
0.2687274685598261
0.0962485972018089
0.1671934527129381
0.1273972851229364
0.0184044868776098
-0.0027420117645118
0.0739870400766102
0.1821401414785706
0.1784729130112045
-0.0720243627680193
0.5203179277902602

-2.4371513889585192
1.060287012553195
0.225018476085148
-1.1426707593169254
-0.3122430845740885
-0.8271835889810717
-0.9361722175453846
-1.0310905561951722
0.0210088898981389
-1.1986771292663236
-0.1127017404699167
0.4004164678474458
-0.3908903438098165
-0.6249024959052661
-0.1356367790068491
-0.528256668238647
-0.5286793266933397
-0.6695861219732436
-0.1461788100962168
-0.5128235809950433
-0.4894504433918568
0.3995403019020361
0.2915147945181082
-0.4589120824572591
-0.5394834639153945
-0.0543136233105706
-0.3593834152608968
-0.6308260504716592
-0.6984096886915082
-0.9933612246220118
-0.1316845306749881
-0.56954186813853
-0.9112235746384436
0.0153583525435009
0.3845083886058655
0.0767809863842517
-0.7029071241938947
-1.4470230318392312
1.1454900279315456
-2.0248015797763

0.0044972756906285
-0.007614568157372
0.0025718296342093
0.002680476865031
-0.0027940816738469
0.0012999914993704
-0.0005551203662538
0.0005648335687871
-0.0014494189575546
0.0024529795685137
-0.0008608021045078
-0.0015042713288827
0.0011854505990513
-0.0001104011979102
0.0002454133652149
-0.0006972355793318
0.0010934273120099
-0.002352406230113
0.0030576060387975
0.0266813082412942
-0.0619554128928616
-0.0493225183413744
0.0712658439591555
0.1425299977265943
-0.0559054679140714
-0.3635703196919979
0.5764095860743121
-0.5468177317215728
0.6125552778044016
-1.229916703706918
2.5284014863104343
-2.537640192086718
1.4617557069045377
0.7977699141930203
-0.313140754687948
-0.5179688593568063
0.2501976371498542
1.1102606952894634
-0.7416215843513709
1.116790461733428

