0.1248326418857963
-0.3991569201352338
0.2201033098292705
0.0403645494057942
-0.0807248165987721
0.0418609195055675
0.0081007086642818
0.0411397330482616
-0.0146349146571675
0.0360886347299597
0.0277366486082986
-0.0008118440604795
0.04185147168283
0.0558108438585477
0.0570724948746166
0.1128039184883712
0.1524972284677616
0.210073632011588
0.0964102063887664
0.0847835623991688
0.1484012587549874
0.0104322162648461
-0.0002876396014193
0.094273500888554
0.1320101090426138
0.1292257415764772
0.1539443122990148
0.2864050070309779
0.3026258135809699
0.483309472714758
-0.176027943889675
0.6897583619961954
0.3266165629032409
-0.1802918642389651
-0.2179228909449001
0.0039587367561482
0.1577948587303508
0.0558146867944543
-0.0222638319118204
-0.0822404349025933

0.4091929573963994
-0.0175250816213599
-0.0474946646245555
0.1214230528465644
0.1794705622859069
0.1568032193104621
0.2372314543860301
0.2195243515669601
0.0575325352076489
0.1553815879497868
0.0679428674805558
-0.0131946916674119
0.0926487182149514
0.1458430537346746
0.1261023525532127
0.2506084907643265
0.3609455064174357
0.4323958348640269
0.2123675843405097
0.2504955131538816
0.1060909407312278
0.0318023434682548
0.0723723103064264
0.1416262630991986
0.1640516429007164
0.1689968026892148
0.2057836447543422
0.2861091342091656
0.3495023472713981
0.3235135059584272
0.1821413372871502
0.1291017439442512
0.0663379976328297
0.0069513539313837
0.0047659487047136
0.0674762369101059
0.141698919137338
0.1271220495520967
-0.0410018737817836
0.3951137979081089

-3.4938384172450907
2.4834347342322425
-0.1002317850259127
-1.6615255662161912
0.1604208276063358
-0.8908188523608864
-0.725894077613062
-0.8834847448515152
0.1895962958608937
-1.2983008235378093
-0.0560505831968849
0.8964785837107377
-0.6246526619233235
-0.688090740306344
0.2148031985218852
-0.6685164196247633
-0.534360714684747
-0.7919439284400698
-0.1943324711767748
-0.5829673665157471
-0.2299367918173976
0.1368166504896377
-0.1001261531541366
-0.4449067822891038
-0.4113455270542044
-0.2944640826826209
-0.5162747150173321
-0.8275211618175939
-0.9381799100949322
-1.237438840156509
-0.1628154886630945
-0.6904514861941154
-1.091298072597347
0.0809336283597771
0.4629016878381254
0.0627896311458434
-0.7861860343334961
-1.5537156512480892
1.2304490246111943
-2.13178378341644

0.0044557026919372
-0.0075140023606141
0.0025866086108711
0.0024391762396116
-0.0024648023283541
0.0009999704107747
-0.000212765023949
1.5241444702618146e-06
-0.0035734361996589
0.0201842235288674
-0.0119056618081078
-0.0333771383051636
0.0158426450141585
0.0762720905326093
-0.1331315097450198
0.1342812250380686
-0.1568332353380682
0.3562017449938788
-1.0973725421087135
0.0661426548529032
8.555108469989445
-0.9959006646645576
-29.756926596722337
31.255768875029723
-2.2232245668922204
-9.208794370017376
5.0245912508408805
-0.635876540681224
0.656871763670028
0.5688642383173365
0.0973092778944135
0.3726240209439951
0.5066692818186721
-0.0692202346480538
-0.2455190285452761
-0.0310379828519189
0.3958644317520816
0.8059004570776943
-0.6676440773349901
1.1248409809171558

