-0.2566391003465053
-0.0447220486111831
-0.0122296215397208
-0.064524253753102
-0.0946159091044561
-0.0958902378017429
-0.1106070906936079
-0.0838472637155492
-0.0584152716045172
-0.0492104765785711
-0.001255209850691
0.0224275998821
0.0148047380798419
-0.0043339686816267
0.0128354904328786
0.0540942667896439
0.0770253929410826
0.1220681090104821
0.0575532749455414
0.0592421187002351
0.0581914902158563
0.0309133454831552
0.0391956169609881
0.0680718106525481
0.0894998384800701
0.0980892914717904
0.1360658273678221
0.2043648240582897
0.2809426543845815
0.3049388428708277
0.1301515238906409
0.2298945095805137
0.1492585419107147
0.0188546385168569
-0.0368849665931519
-0.0297037935914437
-0.002643800173981
0.0191301163289334
0.0414617236046924
-0.2945143992790194

0.6579475790123419
-1.0742287685450524
0.3937133934070054
0.7620432461415377
-0.3430797108598153
0.4785779415458404
0.2929667570079886
0.460385034615174
-0.0758019183402885
0.796172087957198
-0.2708670076447618
-0.1680164070448943
0.3920106962862411
0.0883951194773589
0.0607837329103521
0.1959224209010966
0.170172027979675
0.1956975170556599
0.0602851085597056
0.162992135545936
0.0426527908275105
0.0053120086310915
0.135677472736387
0.1781195587753385
0.1045826109547822
0.0104723999913894
0.1944669318183333
0.1708498279223173
0.1978187733335475
0.1677012834443237
0.0914968235774326
-0.1801077268009869
0.1794272497396036
0.1225687061755114
-0.0268479140672718
-0.0744328477979196
0.0496313801031487
0.2122571469476193
-0.1404199125479706
0.242938661834288

-2.749672260004619
2.234160045473257
-0.890866597923217
-0.9725481311779248
-0.2450236984465704
-0.9190353570604148
-0.928864335382264
-1.0608059544634514
0.1004698009305381
-1.6460733117904085
0.3839194624024193
0.5112302802685004
-0.6878043123913034
-0.3527465218082322
0.0126013459886634
-0.3722985163506746
-0.2519211278382612
-0.2563044164911767
-0.1288550659867307
0.0187511533058683
-0.1897491050565785
-0.1715180607339063
-0.172531031247979
-0.22423795587161
-0.2678060243279583
-0.2120269679935512
-0.4262183366772893
-0.5971631446457931
-0.7110860083070826
-0.8637327530398057
-0.2325218567022735
-0.0207755372189655
-0.930212084635302
-0.2268117499987521
0.2994426705618014
0.215534677194099
-0.5582810009330617
-1.5313670620327344
1.160895184013116
-1.9749690337209087

0.0084573284498421
-0.0125884232734002
0.0011987700491456
0.008007182358049
-0.0064562024009719
0.0027263670857633
-0.0010962697802064
0.001077759973887
-0.0027093885031705
0.0044317730527921
-0.0011974841278092
-0.003123264991012
0.0015619134677627
0.0018602527834355
-0.002447988071589
0.0018461178357238
-0.0021176362510277
0.0055458563119968
-0.0214454858378645
0.0347256529740837
0.0472523882660268
-0.0273272047986031
-0.0983242164307801
-0.0609709984068778
0.1425583921541618
0.2371353993700684
-0.5974361786718463
0.6856898267183048
-0.8250964583662374
1.3929638446446042
-0.6210314311849804
0.9708707311677016
0.3964424874745044
-0.2061190107464837
-0.2782426256895864
0.0584431509331381
0.4988924880775162
0.5779634041757993
-0.5014505633493077
1.0652083591142876

