-0.4323012162791954
-0.0222394249099044
0.0251061842468298
-0.0885925722608117
-0.1486793388727842
-0.135042452135709
-0.1695714618088059
-0.1643045798353293
-0.063306787129922
-0.125370042524181
-0.0480158305061914
0.0340127657767519
0.0431156321026745
-0.0101823147550878
-0.0415799796901966
0.0075736479939296
0.0343277862099187
0.0401191584063234
0.0807748943021822
0.1187237094037037
0.0444409888505394
0.0479815096415918
0.0684126633323274
0.0464971053566476
0.048259277632332
0.0694143882166867
0.1035635215513321
0.1419729235528485
0.2029877291263558
0.2634156679252837
0.1851494146049088
0.1587675422567083
0.149119402113573
-0.0177328003154465
-0.0600591567067928
0.0064727399925327
0.0176946753281769
-0.1468865525263641
-0.0608239776817521
-0.3980882768579077

0.805294068262673
-1.4746152461017437
0.4948194618171159
1.0698447403624078
-0.6698382774327474
0.5614158324873574
0.2099226445608506
0.4631309216917922
-0.0174010607357524
0.6270001257587867
-0.1817874846680251
-0.106656900941856
0.3750089685918347
-0.0553932323796854
-0.034201779083653
0.1767436704142414
0.0988132921278991
0.1121140635394301
0.2602564628136078
0.3133796873032286
0.1502394054411976
0.054027002357683
0.3023595479488517
0.0736581248614094
0.0623624474153375
0.0714114445898314
0.2016837988089677
0.1525141308786539
0.2194057279674543
0.1861028797052172
0.1377998910143784
-0.094460647500975
0.1885539783291357
0.0207843817822776
-0.0281571022296865
0.0666763313699897
0.0394350887172107
0.1054803414705245
0.0545708739760567
0.1848875872673657

-3.0293888157289115
2.594605304040723
-0.2323827237508134
-1.9654301799699372
0.4363920462418739
-0.9971591163462948
-0.7684695909131919
-1.0416782906111524
-0.0901185815172873
-1.0669478513702968
-0.134512094077008
0.3017045793138844
-0.3104009488062855
-0.0539956113082895
-0.0054704415018484
-0.3169812490075665
-0.1023846687302354
-0.1532662258221456
-0.3684465188797736
-0.4879270487182615
-0.2552197560713341
-0.031576903950722
-0.5371574982746037
-0.1511923348464999
-0.1529171844091176
-0.2691876331188081
-0.4803990059044255
-0.5065316962042485
-0.7849024824313772
-0.8662299501704779
-0.7862447297428184
0.1744400278087408
-1.076303439428257
0.0133675911223374
0.049414578774422
-0.6013186952580083
-0.1914693418894679
-0.8621383456564333
-0.4199416093017686
-1.4431043241781871

-0.0006920226420032
-0.0054380944550841
0.0028721259866183
0.0053426142118415
-0.0057002473025647
0.0024971187402977
-0.000877632882203
0.0005853278028838
-0.0009682706015423
0.0004363524679944
0.0024188868129781
-0.0019397022489866
-0.001659847891007
0.0010178036544005
0.0010342822109673
-0.0010504287427462
0.0016231285768955
-0.0030113333932754
0.0050595681721367
-0.0116568732481973
0.0260236052922552
0.0177347491822131
-0.1144807810923989
-0.0521679784905245
0.2150067108901726
0.1833737885628606
-0.7186633347875235
0.8693555099228134
-0.8877872855891775
1.2461566148947252
0.047492136272334
0.5244839409501622
0.2628801501163749
-0.0470998714860585
0.0675610631748165
0.3003456587780814
0.1543678127296349
0.4568303667703026
0.2508984899215614
0.8423507803618243

