0.5035344190604224
-1.190145416965916
0.7014032129503381
0.0814912275993511
-0.2309121815682578
0.1132829646896358
-0.0174534806784633
0.0499200722322957
-0.0078684926340611
0.0195893263597666
0.046206865836761
-0.0403653453150458
0.0469894628293456
0.0506241734177672
0.0093152964786692
0.0829589820159645
0.0658398457097547
0.1452625702008
0.194188191464149
0.2485591584088398
0.0958781250212582
0.1118309855714261
0.1710216993062706
0.0072637428522696
0.0278727877930716
0.1901934042711408
0.1490556996172086
0.2312491053271901
0.3125869539270499
0.4268839259591722
0.2333468966907931
0.1949199515982422
0.6340112456373022
-0.2733844178050605
-0.2092968227335299
0.2402125623205472
0.1323371608155415
-0.0953864445939814
0.0737105149499799
-0.0852792926956513

0.414984527280813
-0.0087615408541365
-0.0737150967522366
0.0861152716423114
0.183225858550194
0.1410649222688445
0.2122710006110984
0.2316053532191368
0.0601129505403647
0.1385558651109858
0.0943516120972608
-0.0097763179032189
0.0541893658514502
0.0666680936554646
0.0289149673954282
0.1668755774357729
0.2250235266200008
0.2687905335028365
0.3882215555427872
0.4469984881967354
0.174333761603029
0.2113419363955311
0.1947160174805909
0.095557077330452
0.0789467902755783
0.1596791964540425
0.2264894133923162
0.2403181072920054
0.3255626569724158
0.3507008111813813
0.2617271871422499
0.0979812178092322
0.1234664598623387
0.0567373640224992
0.034298118834108
0.0757750611772366
0.119071996643312
0.1867963525629639
0.125397501641094
0.3694837932102638

-3.579756082836796
2.283997595238065
0.4375558313632921
-1.640019666901862
-0.0530987059476239
-0.6477821227348621
-0.7318648781542086
-0.8361143233882844
-0.0316499306768239
-0.8774128035198209
-0.4031668134301864
0.8494177507398558
-0.3863132385606999
-0.6183316894086972
0.5131961586970339
-0.601388350497169
-0.2806561618871598
-0.4673753373346983
-0.6225212637247352
-0.8061389873566727
-0.2689278582068583
-0.3302205767394382
-0.6179740128322502
0.0276774004502353
-0.1097555527357166
-0.5741417853431925
-0.4885333737050191
-0.6332305847218004
-0.9781120620120156
-1.1282776004813195
-1.015264540329859
0.0594211267717796
-1.4339032336857995
0.1603004784108816
0.1271749003507
-0.7936352027201597
-0.2497104163021688
-0.9441215947709152
-0.5033773683714945
-1.6134800740137212

0.0481842790142055
-0.0181249087854323
-0.0320316776496106
-0.0040851234447585
0.0199592003919752
-0.0017271627605895
-0.0042105972656655
0.0069960517442771
-0.0097713662734625
0.0076235022446474
0.0066555016155851
-0.0045641177374068
-0.0070685074741985
-0.0014364640208061
0.0046101149401598
0.0037691942050411
-0.0022809603504253
-0.0023650192818702
0.0009706111061717
0.0047237059112174
-0.007719868697791
0.0068964231333722
0.0041694501108153
-0.0060477983381195
-0.004367679630411
0.0034598362715226
0.0037956832803957
-0.0031968305003553
-0.0007500157256309
0.0031985946155243
0.0002058057084196
-0.00284420729294
0.0085207724044486
-0.0027909472314654
-0.0070223464663275
-0.0012387650460996
0.0051604608276108
0.0095123717173386
-0.0208289387712537
0.0182510451447745

