-0.2798623899290514
-0.069079525782105
-0.2236269737494232
-0.1570336172831
-0.0913120665339427
-0.075567080627501
-0.0103186962820216
-0.0104083159171812
-0.0159904654312764
-0.0227825161749112
-0.0199666644774371
-0.0059455289645566
-0.0011435709598922
0.0221153689702451
0.0139732490670846
-0.008552494143969
-0.0030515338568284
0.0040982093352455
0.0774886504628658
0.0831102027153231
0.0409955875468457
0.057669048087075
0.1222383603101385
0.1719805433191092
0.2216681500001754
0.2659734325441514
0.1174727819867963
0.0694484638604862
0.0445551979635561
0.0879539162249631
0.2131020481831521
0.0898625809063255
-0.0111912512323836
0.0472514549630592
0.1112770736575523
0.0592967464348812
0.0548357311276761
-0.0683145901737981
0.1831521507125586
-0.3813377881735063

0.141340069605577
0.0771712949624292
0.261921177721951
0.33446323959609
0.0624926665159229
0.297026957137546
-0.1649580774179289
0.2142833659349672
0.2605026353016128
0.1071958662914135
0.1193882296724329
0.3173615740901028
0.2625443662765684
0.4059844195765691
-0.2384956960968235
1.0475620654660676
0.5931850993531459
-2.360984022728899
0.2999812434297494
1.6086878146809651
-0.1264223891790366
-0.545484614938359
0.5469171365489253
0.1694299214833647
0.2944618018570994
0.3517312998295295
0.0478910273515412
-0.2560852203957051
1.210340496363318
0.5443278438301535
-1.8402865409987657
-0.2473896270922072
1.2523978875430894
-0.0419708634834127
-0.3461734168484057
0.3231648825962845
0.021174114402074
0.1859459410013058
-0.0498219389267236
0.2232736255561337

-1.3699261429659888
-0.3559376354507534
-1.2207266533133845
-1.0190150000134843
-0.1984957842956489
-1.254419633819262
0.1848579162488826
0.1696431600466418
-0.5300301665284777
-0.5883553917208282
-0.1006070202601157
-0.6756122744983305
-0.5065959938017061
-0.7901900163856695
0.4986016867315806
-1.855161401851074
-1.709969732667036
4.484997357774372
0.3791227882696329
-3.040460184447695
-0.4327871297340579
1.259453478963889
-0.920278324088043
-0.4608403780220511
-0.6251513042528059
-0.8688309769575373
-0.1539004461383014
0.1712824644258935
-1.943980150986231
-0.525473009070695
2.298440047592805
-0.1062403187744806
-1.786103511778275
-0.1949452655804751
0.0890272677882769
-1.0360402151561745
-0.6684588362585354
-1.2404732893957473
0.2334324036773394
-1.6770415277144084

-0.0569226578169855
0.0426291246847213
-0.0171579840083979
0.0089018167560372
-0.0106431493959673
0.010947538078568
-0.0021664088655273
-0.0043800192544168
0.0015546722691045
0.001788453199111
-0.0012587061986821
1.200939610366786e-05
0.0006757890992499
-0.001874335747184
0.0045155578205866
0.0055299734762616
-0.0282727680919619
-0.0175782807055091
0.0373028064414295
0.0626994668715448
-0.0341984615062602
-0.1627462164572361
0.2696728618583198
-0.2570396659342141
0.2842583133839546
-0.5639900577462481
0.7990784422056041
6.957546156686903
-29.5122238060588
29.211707570203675
0.7715175433353929
-8.583316695821239
-2.550354894572758
4.71670703992938
-0.5960054947224539
0.1191716001802153
0.6469013320651253
0.5901215054130854
-0.0895042261868449
0.9546862422240164

