-0.3596989737199717
-0.0134787921364634
-0.2343950127140731
-0.2423884709919909
-0.232703946008523
-0.0786114315402407
-0.1223042696639202
-0.1144222779424073
-0.0123071184606765
0.0424700824191936
0.0179077418340729
-0.0394322054900382
-0.0470830403315699
-0.0069307026125469
-0.0047416308230503
0.0012001857720334
0.0485754858694546
-0.0055680909237273
0.0190953182384306
0.0782774491314912
0.0252994592448774
0.0273097040381216
0.0666469795275732
0.0928437845511767
0.1157801625593073
0.1756551897816793
0.2133015105039378
0.2106131050166131
-0.0300022399004066
0.120568983831481
0.2615853886462884
0.036786520861317
-0.0587953509921287
0.0645900488215992
0.0657209602721429
-0.0240254926801053
-0.0308718821285445
-0.1989519851885673
0.2902475837050399
-0.5799386104765369

0.1143078607733156
-0.0203182153586352
0.2420564986953359
0.2769417780077565
0.3036504740342681
0.2544286201945795
-0.3985241324753383
0.4229150784905481
0.6173719568186938
0.0709585176834914
-0.6401475187089998
0.2080539637123464
0.5874675078262926
-0.1912646620398932
0.2929152412377039
0.1670844336091761
0.2669988533382175
0.0297500191212637
-0.0657757524106146
0.4654144201195663
-0.0532757297776317
-0.0298706808143078
0.269670970915745
0.1646318257336105
0.2202338937587056
0.2901072267748119
0.3385601419195679
0.1941407320393318
0.0076478113149018
1.092831493656806
-1.0744282605474993
-0.2782642971439109
0.7769304917176473
-0.1374511577354969
-0.0105251411594953
0.1643442640669612
0.0951379460995114
0.1581027987799848
-0.052813481083976
0.2070177386849211

-1.3324438657586806
0.27866103500335
-1.0884170352878073
-0.8481161775921263
-1.1093165352221983
-0.2917001577393138
-0.3073702832126824
-0.9020319419711728
-0.2352845501031877
0.2234105660042085
0.3740220144012697
-0.5928253572008173
-0.6200225155026193
0.1652552263972995
-0.4970680707023461
-0.2930785761845578
-0.3880519509935861
-0.153837190669062
0.3643451045022153
-0.6357746784221137
-0.1868226971069123
0.0085825451040281
-0.3118531180042535
-0.4300885182015895
-0.4716043764278956
-0.7273391255919277
-0.879765725829961
-0.7432547049661062
0.1282000370744656
-2.0002074109376853
1.246103027051937
0.2599568642730757
-1.2085748158724057
-0.2724941016154742
-0.363302233166217
-0.8876776584539702
-0.8874824485138855
-1.1269695004349527
0.2314414454293975
-1.4385053109433252

-0.5581792952146827
0.6193279554868258
-0.2955597695125685
0.1031486733681826
-0.0455435148450624
0.0409928672092121
-0.0361267658249481
0.0056645039074118
0.0087551800651905
0.0019941721002264
-0.0024850561713871
-0.0024905732221494
0.00070106994682
0.0004078958166619
0.0005926826373461
-0.0015761466852437
0.0033249160488231
-0.0020076441684467
-0.0426538911869116
0.079352750123837
0.0680620271158049
-0.1403613179265221
-0.1743203453355332
0.5287833258732102
-0.6151830726745766
0.6510369805671987
-1.1708797831655944
4.062733489957039
-13.88895855860681
19.18453504278512
-5.9181494796372505
-4.9075182156201125
2.4450054913820183
2.219227997449645
-1.449656683834494
1.1238269513751904
0.2910875900119181
0.8369480206745625
-0.5884394648903165
1.32610872875039

