-0.2398669318624219
-0.0178478996954353
-0.1535817032394051
-0.1637211316350389
-0.1470060325689328
-0.0514772918162001
-0.0737333895938581
-0.0750194596021288
-0.009477246860231
0.0328832166741935
0.0222700101584129
-0.0096941888740217
-0.015784794619733
0.0116680682680439
0.0332665020104245
0.0477846967884289
0.0995071866188587
0.0154918095382304
0.0467464466065718
0.0949600012646501
0.0328179003993591
0.0364518394456973
0.0894171489190377
0.1226436300662801
0.150873582727438
0.22638748787231
0.2794349580864982
0.2537042280726445
0.0079265188053567
0.1604006692279978
0.2401773814236229
0.0489012216153299
-0.01136558461455
0.106053533963443
0.1133023245438012
0.0598787091608444
0.0691973985355899
-0.0866376814263598
0.2893686328903045
-0.4508800430419044

0.1234604533888936
-0.0287002402023343
0.2513795258958254
0.2883298783895399
0.3130014534436945
0.2700908309459957
-0.4277197552621857
0.4571161431951378
0.6481413948165422
0.0614054732281093
-0.669040518359185
0.2211196948820746
0.6059307584497395
-0.2025858057519678
0.2963955270825094
0.1564032176057688
0.2431935971951634
0.0314915955538461
-0.1661072051045489
0.5444057352713534
-0.1186313639670269
-0.0088797864788977
0.2483389518160164
0.1405205058369009
0.2033946243596649
0.2579686782004799
0.3071603915365527
0.165412937956157
0.0067873629550055
1.0963325721656776
-1.1541113203514863
-0.2295836553115243
0.8046853266712795
-0.1825878017425707
0.0076175159736478
0.1596644569353585
0.0963081333966425
0.1605985324137228
-0.0583195174634398
0.2142580924868642

-1.3660250664236335
0.253433922950318
-1.1213168824955708
-0.8255040519008775
-1.1755779991233168
-0.2761792026626233
-0.3482665150748362
-0.9425873962710362
-0.2224735103444861
0.2492218849572389
0.3637757487117776
-0.6145480905161796
-0.6177798348592787
0.1654490889093939
-0.4974088663974869
-0.2761772680201453
-0.3481409354298591
-0.1559033646634653
0.5311549779033693
-0.7589199952243503
-0.0945316106076021
-0.0238166099397241
-0.2677235718748835
-0.3952660014399957
-0.4393091861515644
-0.6654455650140889
-0.8186503640328903
-0.6704138356111207
0.1006142218368126
-1.9876701019787468
1.422289671150962
0.1841580197432077
-1.2612328317820412
-0.1881124505046502
-0.3750517443439878
-0.8810880018869691
-0.8817349651813728
-1.1620284714379474
0.3054693734344188
-1.547834497876227

-0.5581792952146827
0.6193279554868258
-0.2955597695125685
0.1031486733681826
-0.0455435148450624
0.0409928672092121
-0.0361267658249481
0.0056645039074118
0.0087551800651905
0.0019941721002264
-0.0024850561713871
-0.0024905732221494
0.00070106994682
0.0004078958166619
0.0005926826373461
-0.0015761466852437
0.0033249160488231
-0.0020076441684467
-0.0426538911869116
0.079352750123837
0.0680620271158049
-0.1403613179265221
-0.1743203453355332
0.5287833258732102
-0.6151830726745766
0.6510369805671987
-1.1708797831655944
4.062733489957039
-13.88895855860681
19.18453504278512
-5.9181494796372505
-4.9075182156201125
2.4450054913820183
2.219227997449645
-1.449656683834494
1.1238269513751904
0.2910875900119181
0.8369480206745625
-0.5884394648903165
1.32610872875039

