-0.4216032768433742
-0.0011379330716082
-0.1794570555624099
-0.2143611779598109
-0.2126178508307847
-0.0788326729856342
-0.1380609362934055
-0.0861925850519092
0.0029055517764758
0.0162764271766633
-0.0328439298023129
-0.0639984241936781
-0.0714825454463561
-0.0423124164837373
-0.0658018194739834
-0.0710145197100586
-0.0536772447785109
-0.0262245925762722
-0.0378729871196017
-0.0050918860483119
0.0008014595115763
0.0083308785514367
0.0217226340427367
0.0140846707144241
0.0283879487375429
0.0530680394509568
0.0552876205851636
0.1038780396305984
-0.1095388445745307
0.005934999222818
0.2929861978712893
0.0334371511879792
-0.1245613809942949
-0.0071951768280172
0.0163213390319474
-0.1011116212354056
-0.120464067070927
-0.2445115326094986
0.2023970600688606
-0.5432872000008737

0.3541831934831044
0.0830497191849873
0.2149627286350813
0.3130613245069
0.3773417555082982
0.1459544546680077
0.2109925330545854
0.1680026397273847
0.0600083489106954
0.062217735465351
0.1269074635121641
0.1834169734600585
0.2245032411474616
0.2495579937208202
0.3291907999738913
0.4062040120705575
0.3815956086068601
0.1783239651638257
0.2264238825997508
0.1265588332746824
-0.0230171472827708
-0.0092498659861566
0.1072082973735304
0.1572421917073239
0.1319844055139761
0.2052571459382526
0.2500750490401591
0.1971051064185184
0.0477062504433522
0.1011597954176513
0.1041117093633246
0.0819779043314723
0.0892558798649303
0.1381095930128416
0.1909035038803326
0.2500223237645408
0.3311422802561815
0.3210718006722806
0.0361394359947929
0.3986161918175461

-1.285663417420569
-0.0153648185257686
-0.8408767734292575
-0.8464164799980312
-1.0318088148725095
-0.2598841962253636
-0.7112196199371549
-0.4762941240918061
0.0666782686181138
0.0747934156372299
-0.2143487353429437
-0.413403685074061
-0.3665903660728036
-0.2825450451429431
-0.5308062039873584
-0.5629726220921331
-0.6178637177892399
-0.2079656290092817
-0.3818087659579319
-0.290499572320577
0.05210724737985
-0.0196731884346018
-0.3041875206221431
-0.3744874049759537
-0.3620735833397797
-0.6363280352201062
-0.7650371998719246
-0.6793577405446412
-0.1154053109131934
-0.4230738147781155
-0.3689150203177326
-0.2102903319228998
-0.2492975743804867
-0.497507771754294
-0.5948725105440363
-0.8251297104295868
-1.017402771880456
-1.1434819427866671
0.1432222193701878
-1.468308566629855

-0.5454517701961258
0.6069261333070122
-0.290499115701537
0.1016472177387705
-0.0450044538245375
0.0407033386886894
-0.0361175996360965
0.0056324976576751
0.0088754268749681
0.002244158085071
-0.0024094419953672
-0.0029719266889039
0.00016442700113
0.002182234883882
-0.0016018439939861
0.0011469720927502
-0.0021161631659112
0.0071102633153993
-0.0119552963886317
-0.0077297647575781
0.0125056999855857
0.0236882101857317
-0.0142435449046491
-0.0555348372168869
0.11003993928544
-0.1525138733894216
0.3264627814974691
-1.5018383505611048
9.02988667123838
-25.87078536123337
26.144892199997045
-4.282851326605001
-6.907390099158877
3.9177710727077
0.1381666943617067
0.1614800033069904
0.6344702122689747
0.6774412905797915
-0.4403170001484977
1.23832188804511

