0.1228265983892655
-0.2637400680574074
0.1304741098333135
-0.0678999192088614
0.026290832110416
-0.0328458513182308
0.0495336286674203
-0.0259812320242288
-0.0540639410472791
0.0830268543918764
0.0480686833964604
-0.0282970630249471
0.059988641872935
0.0543713099902482
0.094687920150147
0.1236618728080626
0.1859185682307935
0.0350164319104372
0.1109358993064728
0.1449553173483095
0.0228267984214977
0.0092274745957865
0.1554112543844541
0.1523057738198457
0.1866453482373865
0.2854824858475802
0.374618806455922
0.232104593304868
0.3298094357573777
0.097901295258822
-0.808347627512084
1.5328165664333284
-0.3806290214436468
-0.1662586532129553
0.4107447922493731
0.0148016780090314
0.1778169750501797
-0.0339152964118035
0.3086191448903496
-0.321847302830012

0.2946092683656921
0.0437518121734433
0.1652714399415905
0.2344980158708785
0.2228681771514508
0.1045370523060859
0.1489787699583867
0.0634168584054925
-0.0194479594458229
0.0297081064408339
0.0574401800065012
0.0681431803034345
0.1286735575321896
0.142987142917292
0.185367236148367
0.3145061872150178
0.37412379421733
0.1766432791248435
0.2296585551427204
0.1854377610315856
0.0273064063763493
0.0772907006674859
0.1949051010931657
0.2499524254446555
0.2680808200613879
0.3818090328454898
0.4501495774081681
0.3010117866948208
0.2237949999563052
0.2012514196384226
0.0360666934457757
-0.0627477672259876
0.0759799612345642
0.1768114761991854
0.1473854908992751
0.1889166007215862
0.268097484278235
0.2463089114625228
0.0413141763119889
0.2962671857102212

-1.721755279938587
0.4758558488404734
-1.119330576131822
-0.7345336082349823
-1.023365841680147
-0.1024767285382889
-0.9386345516985566
-0.3714542650403956
0.450560697945399
-0.0244574904438593
-0.2925254905508356
-0.179542135960564
-0.3488322570486091
-0.1883918739475667
-0.4146519581787845
-0.5426262264841278
-0.6775311191187651
-0.2688399272038027
-0.2541070875542144
-0.5507589477644014
0.1486650703700071
-0.1633521302448214
-0.515605922270366
-0.4431067039035091
-0.5817282350258295
-0.9048061311167046
-1.084939617794168
-0.8978358487530417
-0.209203985906507
-0.9006815333516835
-0.0395862057251517
-0.0924538889153336
-0.4702316561985
-0.6372136167460314
-0.5488835759187579
-0.9692985004878968
-1.090452777461763
-1.2465918991158114
0.1199734923780049
-1.4823563675374036

-0.5543305318778248
0.6161649256832857
-0.2946533396777411
0.1031202165823837
-0.0460642075273455
0.0438303421991545
-0.0427742830108204
0.0018542747749005
0.0153430568966837
0.0143949069375111
0.0002764267751634
-0.0248432365791093
-0.0204478113215961
0.078526871205749
-0.1021641430863344
0.1369897226216867
-0.3252763382646335
1.1789185516335787
-2.219384723824726
-2.298873476792371
5.396167584660872
6.967354751781139
-20.728823744291063
17.95643977928068
-7.226382711531623
2.753474610959397
-0.1504400104047572
0.9133272984159074
-0.4724616415193355
0.9701901355588816
-0.0019292934250096
-0.2276457436628864
0.2922484084545269
0.4185947900264526
0.1561512008088414
0.5285377835271151
0.472011209561857
0.7597258582141665
-0.5231289954693815
1.2896352936110915

