-0.4466387005988371
-0.0039677236288755
-0.266478103344567
-0.2113992529291628
-0.1452206395860825
-0.0612727308193658
-0.1813363999541417
-0.0189330377017639
0.0584104877153833
-0.0031578945889424
-0.0989164025570062
-0.0715680434064239
-0.0395363797450104
-0.0746982972646768
-0.0818442745945695
-0.0783932235795878
-0.0312842315682282
-0.0450562145614969
-0.0313618642705661
0.0277215800038656
0.0008911017978044
-0.0093456745989235
0.0224194557171174
0.0207285844854561
0.0373764232378074
0.0567916660193627
0.0536334451713504
0.0958141865834755
-0.1743264755705576
-0.0395342295716075
0.4609938207669728
-0.0643466230636466
-0.1918218572225392
0.1254261214084406
-0.0701049094147205
-0.0804235537136417
-0.1461265406922175
-0.1761016172310243
0.492301404435488
-0.7972108968047028

0.386881478366305
0.1081446025048845
0.2809424012389138
0.3466143339121446
0.2186606411068612
0.1345272604534291
0.1828527728847651
0.1081767665420679
0.0629969352911453
0.0964814957824723
0.1576894439205801
0.2047883964827924
0.2488126475838767
0.3118221606479157
0.4111865364837611
0.442279402235147
0.26961967514705
0.1955811854629641
0.1528899106731817
0.0481712933065249
0.0012668905387558
0.0544244499827221
0.1298422543792939
0.1496615781807684
0.1782368061510394
0.2410582302012525
0.2338628487438493
0.0928655653215417
0.0795680434584671
0.06792637387819
0.0824859838527928
0.1009118505152198
0.1241768449786973
0.1658008902074525
0.2262605031707225
0.3044058612659574
0.3588584277623478
0.1227083188708731
0.129153043600993
0.3124806233657506

-1.4191399152320805
-0.0630767231280824
-1.0716386385687262
-0.8860847267245239
-0.8015196556035586
0.2956215278543045
-1.6107812515961053
-0.0423463067960653
0.7065906040593303
-0.0905217402965923
-0.7590048499561157
-0.4113182835184121
-0.080397084331221
-0.606732393182625
-0.5653135553135503
-0.6499917519394204
-0.455795994041981
0.0014708840332992
-0.6754952192067166
-0.0481675308327197
0.2495764110375466
-0.2947913458887534
-0.4403158389200223
-0.2245924765763165
-0.5907828966167549
-0.6698151177702706
-0.803312335624855
-0.056415566491696
-0.7782651427631342
0.0964482252783204
-0.2387163594884211
-0.4576798258063088
-0.3429391447891974
-0.5350306761952177
-0.7422066452199166
-0.9836246510321752
-1.0895935600529634
-0.683515855659195
0.3109376286584796
-1.5139490610237851

-0.2505372225194115
0.2292661479779248
-0.0999182762557375
0.040369308015719
-0.0300561828834833
0.0318432812770345
-0.0109864348087775
-0.0098293189333535
1.2909914687260497e-05
0.0058240393669798
0.0028445717967016
-0.0034221533932982
-0.0004830618261489
0.0008857056620002
-4.528669398179807e-05
-0.0006330133458127
0.0008917511609686
0.0081137977241105
-0.0265370706295372
-0.0091406969247885
0.0530244926325828
0.0264976070878515
-0.1519170672889731
0.1880303685971482
-0.1740606436548555
0.2289740323871741
-0.5652252370290821
0.621773105333548
8.01582161906008
-26.62611530763044
26.65710069861004
-5.020960020185098
-6.314719659565307
4.864971412327063
-1.0304127584078389
0.8945055736721123
0.4175421479572782
0.6513378133693408
-0.9075237263096722
1.4455882391527768

