-0.2357585789835876
-0.0451787748823488
-0.1957961182859466
-0.1689977845707762
-0.1068215295956899
-0.0482554363934726
-0.0692634698686011
-0.0580552638755929
0.0195037259429422
0.0432250269939491
-0.0101562795416379
-0.0361887007943442
0.0152972442719361
0.0123203356321574
0.0317644725628516
0.0531706778027653
0.0974435013703175
-0.1120362087575018
0.1430361399358248
0.1228729797147268
-0.022974186385452
0.0397867408039566
0.1418532017390197
0.119565620160379
0.2003701289400888
0.2541282820092926
0.2788972519095253
0.0794244031291208
0.1136183204236818
0.042164315982244
0.2978618946713605
0.0188817181697387
-0.0048749140095035
0.1882051134713228
0.0841547016776447
0.1013214645729112
0.0714535238711299
-0.1703473236417175
0.8207742755811687
-0.9081808063252476

0.1321518076177344
0.025516662602706
0.260343543101258
0.2988996952527061
0.3019460917371188
-0.0473165886009381
-0.1263536610742112
0.3478007882376791
0.4786117468305662
0.0660313089043954
-0.429611164374131
0.2668474669787199
0.379584216247394
-0.012825103785872
0.3125900197247552
0.1357250452595133
0.3661566137807103
-0.4269830002180315
0.1864416679366551
0.5090523813092424
-0.1776941131170226
0.0003565608416224
0.3089705743535492
0.1334587093866533
0.2819483812498836
0.2789178574700463
0.3523041712556249
-0.2212553888140959
0.7304176783701769
0.3998659407200007
-1.1178409518711794
0.1187935514364427
0.6957555817574518
-0.3465857793267781
0.2073555603137105
0.0916469077726594
0.1383745168923061
0.0865934528465151
-0.0648375557223894
0.2105491732032646

-1.3558150213566964
-0.0528594725709953
-1.1671859966561862
-0.9509893719943764
-0.8928253241281481
0.0782841437650984
-0.871674191644452
-0.3286981298542484
-0.0030429427377022
-0.0423274286992663
0.0077503219906987
-0.5363393795491641
-0.3085253416422647
-0.2127363154371503
-0.4857077476929331
-0.2574245879815572
-0.5462095505263553
0.4317022873250679
0.2381066137369947
-0.8894546419069631
0.0261425671681091
0.0220296208504165
-0.4511557531792672
-0.3558214411302841
-0.6182204907646761
-0.7056153441282884
-0.9429179292220712
0.3734926755364028
-1.511241782299278
-0.7086441817063452
1.7219346045898565
-0.6245108799305634
-1.2914326413475166
0.2143890045937828
-0.8886055975303067
-0.8451612072401965
-1.0264339007954602
-0.6724006042072219
0.4454577651384209
-1.5967585051178577

-0.2539063924475834
0.2321832762897692
-0.1011187631295684
0.0408177053736694
-0.0303350181051423
0.0320261891864124
-0.0109097733080551
-0.0098718080528887
-0.0001090929655048
0.0057304718242548
0.0029233432795934
-0.0031936171654718
-0.00063240747037
0.0006718119357723
0.000557566244106
-0.0021960477651541
0.0068938134771002
-0.0092355952971956
-0.0215031171725978
0.0152610274605907
0.0560896318688117
-0.0121937547270184
-0.1575878734647634
0.2665076466196568
-0.3045909573531914
0.4756814858535049
-1.5431850676191303
7.783745370444807
-24.0074761901432
25.78289948568436
-4.290866306390247
-6.9840898810021
2.9775510753691337
1.3372075394779073
-0.5551562482609146
0.898934237102864
0.3920884521726908
0.6935768369528608
-0.9770857566101676
1.4883331295636206

