0.0546988320665968
-0.1445129808755658
0.042642952275866
-0.0401163196017082
0.0268658091155012
-0.0698546311789204
0.0827203668031993
-0.0221418546249881
-0.0579723107547173
0.0821293612944098
0.0457821586290241
-0.0241473160748271
0.0757415390793208
0.0617185512587352
0.1154239834833902
0.1313888657460626
0.1788155615821209
-0.1866732960214408
0.3815605889975157
0.0200033503198533
-0.0409389264263402
0.0924881334103998
0.1977923871289278
0.1273357336857826
0.270342505515698
0.3108350266649137
0.3916019758556789
-0.1220462550848621
0.8941972170936363
-0.3384252939715511
-0.8187989863553391
1.6026378967664523
-0.4963806817985963
0.1362929842591011
0.2542395157212194
0.1147810079874895
0.1806490111374624
-0.1706552451171321
0.7723760357315738
-0.6933655810205964

0.3305103739227979
0.0444986403464397
0.2314476928262288
0.2434979933345231
0.1388384833958915
0.1163199595679553
0.1291835047932107
0.0137121960615934
-0.0335327863573736
0.0493815452801302
0.0897415462515936
0.0880530045494533
0.1310241876514164
0.1714973776486199
0.2401070302655557
0.3486412084154692
0.2347877220427029
0.1544401856164022
0.2150762639393843
0.1260864618086917
0.0312979251895589
0.1305543644578415
0.2377499753385742
0.2708407891936722
0.3428364310124054
0.4537367698956312
0.3944423418876935
0.1917329813545125
0.2550499984800605
0.1073172459348326
-0.0019869676820129
-0.012495697669656
0.1348457850658991
0.1785822264834857
0.1648590503993216
0.2447419226706438
0.2857219206897682
0.0990645224456345
0.0903757255018791
0.2482792915493623

-1.6661417062096555
0.1196358026207684
-1.1645911680129462
-0.8620492844528178
-0.7108785348914758
0.1407131038446651
-1.6494909982124273
0.2662679720856774
1.0768827568817734
-0.5156503714486734
-0.8055479538249231
0.1110569368107191
-0.2299410356820649
-0.4436190069647054
-0.4398633622411407
-0.6172836445440448
-0.502536774934338
-0.0438647210118043
-0.4628315698749215
-0.4229290534773453
0.370734285334409
-0.4777963088907531
-0.5901952993894624
-0.3711159931270683
-0.8635331475745478
-0.9588138732148384
-1.165052688931319
0.1031587641816221
-1.4940799600977417
-0.039947194785135
0.5181151084262834
-0.7478910765524476
-0.7341617188077575
-0.3315800848810238
-0.9314505186063264
-1.056908050867959
-1.2180789074596745
-0.653281212950482
0.03623654105799
-1.3441535055800733

-0.2516554743536605
0.2303935360495929
-0.1004073860015204
0.0404927471509491
-0.0303516918198673
0.0346246208071575
-0.0143511069709883
-0.0141340626569592
0.0008051900676038
0.0129075046190403
0.0089717523982333
-0.01241245008766
-0.0168602228676351
0.0418274723056439
-0.0617357446214978
0.1321933514252332
-0.5067078807938377
1.7400095266428808
-1.1554717041692926
-3.328024266589238
1.8828552923966269
8.458052271172825
-13.978093292014975
9.832734928744312
-3.223202757627809
1.7179367279362925
0.0546527458081639
0.526985948151245
0.2728029337040961
0.0861168038246828
-0.0834192114560117
0.2563769926414629
0.3425833214882354
0.1873111948118135
0.4233579808384212
0.5323026428499704
0.5344741436851521
0.5784833451454356
-0.8627519765971207
1.43816233479712

