-0.3047988151555916
0.137858102803249
-0.2214238828619313
-0.189951841926908
0.0677905840732459
0.1106270751342972
-0.0191247265601912
-0.1186954285304946
-0.0300766715027907
-0.0068726320878785
-0.040607275695385
-0.0150845990705491
0.0089703326746542
-0.0279280795830857
-0.0137052990223539
0.0428246572033462
0.0359405028291816
0.0206931007039421
0.0811040221072458
0.0930899233627852
0.1428335950969342
0.1977032014076206
0.2214366454258489
0.0439711835871461
0.175653448451751
0.0772843226873999
0.0044685866847956
0.0801579194237057
0.1577916827702168
0.1593994296434587
0.2372248674349351
0.2745231599623363
0.2689609928090546
0.1153639265745522
0.1441307694689498
0.0439367430262669
-0.0024811589786136
0.0826460357994755
0.0836626927888989
-0.4667123886786806

0.5526496950554247
-1.2130703563462597
-0.0377804382830873
2.379745681749448
-0.5590170703144652
-1.2007018330224335
0.1534260535044258
1.0529025630118078
-0.2212141976430605
0.2776627261764386
0.3329340003534053
0.3281920486269918
0.291851034844738
-0.0163887604337635
0.2261900909116889
0.265494120773413
0.1104582343540027
-0.8829627920012112
0.9525567047829104
-0.1479127836975752
0.3030818225384924
0.2916950418453105
0.3861383056824234
-0.0962286878134604
0.6511419998449802
-0.0198687840155564
-0.3338399581165526
0.2332091544428733
0.2664868987428119
-0.0612684171746153
0.0863027817420326
0.0874389886314661
0.1192326180503479
0.064447566264173
-0.0429536086564391
0.2121813165223695
0.0949043479938683
-0.1258073370145622
-0.2216677367251359
0.3871819722931304

-2.042354567731677
2.4607851302125288
-2.773793047629721
-0.7508186457707461
0.2091808867857721
1.0181380683765968
-0.3901288032568999
-1.321069850374318
0.0999180535100954
-0.6056430354537288
-0.6768188173864919
-0.7019607375507994
-0.5132478753882809
-0.1621458079470514
-0.2213039765331075
-0.4722921978715822
-0.3865499826381988
1.773600036451999
-1.5929131914740289
0.209158691052148
-0.485908017137287
-0.5352936711116982
-0.7340357384681778
0.1304716933430029
-1.0002157188316037
-0.1472589034372832
0.4098614834375335
-0.4294081242697557
-0.6746296271029968
-0.1520592925241843
-0.604801079667488
-0.7373609459463293
-0.9284389514601268
-0.4754247483854062
0.2191417853834441
-1.4376324758122525
-0.6580127379713796
0.8493355052986605
1.5854779685145703
-2.9254423675538

0.0014006441626491
-0.0058778594684547
0.0088871704522673
-0.0013067932970036
-0.0048526169759613
-0.0004610067206215
0.0032398197766726
0.0006381247015044
-0.0022719219402903
0.0011052999711636
-8.830550001241433e-05
-0.0006438300694942
0.0025218652129694
-0.0057313459475435
-0.000362829801154
0.0044526155935657
0.0096808670933818
-0.0055511356235324
-0.0303276865092001
0.0583489449178936
-0.0704516261901514
0.1114221822750039
-0.3370220402448337
1.2417568086023054
-1.4665255713509642
-3.0495545748775177
3.485167350114463
8.19778962852253
-17.232527044373715
13.268677353339395
-4.824676297611463
2.1302765592275508
0.006225524161851
0.7584583785117578
-0.4906473764067768
0.9429924296621912
0.4281147987231291
-0.5248448755370386
-0.955490110272278
1.6956446003732824

