-0.0053912462817198
-0.12199678569519
0.0111270746578217
0.0278855019793909
0.0140888465403561
0.0074335841869269
0.0070901784016347
0.0047559711318612
0.0157314395177155
0.0399407247117636
0.0583288885282626
0.0856218989376661
0.0622261534343816
0.0347854014638189
0.0456311772126363
0.030329575783163
0.0273342758959828
0.0677727225636538
0.1205170284040948
0.1344389676097291
0.1972424102740127
0.2763739082938035
0.2711939798306931
0.1219470949509554
0.1376621861890398
0.0928435125967642
0.0687501159191143
0.1029721274610908
0.1655210176928159
0.2048929709767552
0.2641432190533165
0.418831260741582
0.359064362118046
0.1891801137004475
0.2085284880910666
0.1127434979633972
-0.0113852606274639
-0.0700878714582704
-0.0671390525056405
-0.0453470068276545

0.3656051158627964
-0.0537462373103775
0.126611441705461
0.081474862658991
0.0127824369964342
0.0303776160657309
0.0882060628389445
0.0721123645712731
0.0804281368575939
0.1631006127024453
0.1976392858499929
0.2414745029572946
0.1922518988273666
0.1170017505646568
0.0211017757914226
0.0569317474556352
0.1542441204877785
0.1773186040180593
0.1722151880830971
0.2479989763613899
0.3365514401040799
0.4527063449188899
0.4384232900741521
0.1701688699589389
0.284249958014964
0.1380346309245815
0.0360522585649327
0.0914367256949698
0.181433493038352
0.176735070871276
0.2075232923987094
0.2573346140567576
0.2852861130999382
0.1112550734659564
0.1933079658484398
0.1434234625962228
-0.0251051430197994
-0.1141947440598748
-0.0154135119156057
0.4329449148903858

-2.109439654501214
2.076132775599027
-2.886917893171996
-0.424161660010379
1.1439522563975335
0.3727000193361239
-0.9748233279832608
-0.5789410985208759
0.1844322838082529
-0.6508346180898078
-0.4759402051138092
-0.6705217189450953
-0.2911700491909695
-0.7121332053444863
0.3115174280925053
0.1049407046951357
-0.6612065788328958
-0.2233909929586628
-0.023529822488172
-0.6289329055169864
-0.5705780686432842
-0.8393424343187509
-0.9826200639482972
0.0459021489388162
-1.1183216589497134
-0.2144379483887422
0.3017109660854346
-0.4402059922255488
-0.7879100003619939
-0.3176343093310173
-0.9068580132373142
-1.0483987707202451
-1.2745975299867656
-0.5583884169577708
-0.0310770114557381
-1.6303659755978193
-0.5365534928883022
0.9691140865127622
1.5639811725932056
-3.0744881180266805

0.0014528805704643
-0.0059671121766903
0.0087323542434483
-0.0012090359593225
-0.0045498087581605
-0.0003178016296916
0.0028327214331589
0.0001007112338388
-0.0010975636910451
0.0002429260639825
0.000256108089067
-0.0003169532211585
-0.0025654553213597
0.0303157886736767
-0.0672308739376702
-0.030911621472405
0.1252397525183536
0.0766527474390601
-0.3668068378146926
0.4424743275831204
-0.4087808083294861
0.5434944376505013
-1.3605593787393468
2.8677945107530585
-2.391429990796493
0.875438947142314
0.6798600184380923
-0.0395725781748767
-0.0318086233124569
0.4896215410629414
0.3347952793247428
0.5308554150939581
0.6014304412704794
0.2772148108154935
-0.02259349150592
0.8239475420843827
0.2995619796986645
-0.5205806129154266
-0.8874218084873623
1.6822772587740094

