-0.4394057791960085
-0.0657291326981784
-0.1737338356379771
0.1062361588035358
0.0389566531973767
-0.0889048762426762
-0.1238380428638422
-0.0567359265849556
-0.0445262298038021
-0.1258510503980812
-0.1262125999934978
-0.1566295357605182
-0.0726253462920305
-0.0922976763404281
-0.1159005385603079
0.0464925100302267
0.0836414806039149
-0.0591106119035441
-0.0563437179323143
0.025371342855923
-0.0172457846777523
0.0078150752732123
0.0273962734973874
-0.0082728849928251
0.0274772911672906
0.0278693698915272
0.0153485153405118
0.012160092174107
0.0267709228477412
0.0612043500219227
0.1030635913543933
0.0770868084042714
0.0373160383309747
0.0343718704174123
0.0581719970605781
-0.1441508708613361
-0.0780166153935886
0.1768397282689586
0.2261201881321105
-0.7531217539869656

0.4421580985404962
0.0524120948027804
0.123845720509449
-0.1457155564128544
0.041506006756416
0.2212495457022893
0.2349904450324546
0.1135272753357315
0.1668016094168199
0.3600001167267519
0.4169566892921068
0.5434965737777856
0.3209845238747927
0.2364420252577256
0.3741665641228889
0.0752742661703099
-0.1094879976968462
0.0964190781974535
0.2410693607876995
0.1432149336905619
0.2018345303535625
0.2583529277329066
0.2397378117400447
0.0716966529503291
0.1644779466613617
0.0727121771871197
0.0273103169873525
0.0241538800319533
0.1019698644479108
0.1689361034920292
0.1951925306564424
0.2844076690177707
0.3398566984411278
0.1066306888579181
0.2328540230668939
0.2212846490577446
-0.0157885819318588
-0.1762888810404289
-0.0661408877398671
0.6106809857079167

-1.7598294365490543
1.3876982419047563
-2.625899701659382
0.5827857131368149
0.7042552507644925
-0.354085333246522
-0.8630744271960504
-0.2563760948971177
-0.1765722484215728
-0.7178455596444692
-0.6915148876766009
-0.8779628507037169
-0.5846830527370995
0.015198618401518
-1.457064648125704
0.4435565482261223
0.7573967406345673
-0.802103085845155
-0.4378455706579275
-0.0483427979514317
-0.5733313555462777
-0.5168317406826051
-0.6764383801509138
0.0392905040061234
-0.7074451079718065
-0.1261049836848441
0.0691107178080129
-0.2177807516609593
-0.5639862420348734
-0.3184667134354399
-0.749529870712484
-0.8993106689852156
-1.1025870850757782
-0.5088079283487931
0.0702026731328108
-1.51822605128348
-0.5690058510425753
0.9132942202757212
1.548913164359605
-2.978315345074383

0.0014069047190591
-0.0058829653564946
0.0088647562230269
-0.0013100916965553
-0.0048254224162997
-0.0004251677262296
0.0032350698070492
0.00056495753645
-0.0022820274124729
0.0012784759182857
-0.0004319653830151
0.0001637040031761
-0.0002525616593296
0.0003856313818988
0.0026050476330787
-0.0051340104970676
-0.0015451876640937
0.0070636624290108
0.0005566916108334
-0.0118995201843522
0.0195919594863292
-0.0357346825760925
0.1199198199980967
-0.5523308913516625
1.1774484570706505
0.4541967028290597
-2.206676779675937
-1.28070234063038
6.358391873143929
-6.941954380019619
4.426932554635753
-0.9488387018515492
1.1815963129807945
-0.2160624861436396
0.4984003789348542
0.6564878755693361
0.1551192152323602
-0.4959514991305113
-0.7995997322587487
1.65222210747054

