0.2867957439055302
-0.1606264633766619
0.1984956260758934
0.0704309992115361
0.1155245185980992
-0.0724546706795148
0.2529957365723725
-0.051305946918481
-0.1443523214442985
0.1162210412250203
0.1239040536950816
0.0018255761533345
0.0888063096882246
0.124264969553873
0.1759416830292799
0.2121706065894503
0.2332050863904276
-0.1679341381149553
0.4539306990750711
0.0251531018988412
-0.0715124998813278
0.1455898480165043
0.2504515528014993
0.1574928016456524
0.3462414310305698
0.3951528497182704
0.4845263361776648
-0.0974248776174259
0.943890446236959
-0.364285732873167
-0.6195215326194342
1.4294768105196507
-0.3823417081675822
0.2221996468655806
0.3332841499650625
0.2582055122717716
0.3344100142382996
-0.0771033755957502
0.7567907437886316
-0.5047648546956354

0.3177538077982892
0.0613873838678611
0.2194589811345893
0.2435380826243006
0.1379163821410426
0.1139250975387055
0.114126276241612
0.0195402739143237
-0.0196781858108924
0.0391168478958437
0.0709527121480586
0.0774754308482276
0.1148029476894727
0.1402584931586268
0.1957559552611829
0.2883812755478191
0.20122937655232
0.1400600683363119
0.1625884225621053
0.0971641055674985
0.0340810972654353
0.1155879237263522
0.1986204696143974
0.232855026643649
0.2965688561283668
0.3920273241691889
0.3424736010816422
0.1786409118585918
0.203054417565632
0.0886622864149857
0.0088647124669956
0.0141387029447092
0.1256685034614086
0.1660443942030079
0.1709135773760293
0.2427028510495505
0.2840941109434757
0.095977120251573
0.0969603350694452
0.2417574933958362

-1.5838274198726197
0.0441473471742103
-1.1157275147907593
-0.8638678325859309
-0.67962044117523
0.1034249096438718
-1.5944125997414271
0.2812009824871304
1.0366168992267195
-0.5152518330131246
-0.7529717592548641
0.1452847661305122
-0.2206812512290472
-0.3726825609410967
-0.3579926794598191
-0.5162868355787095
-0.4146792444814856
-0.0856644069213535
-0.2752854491250046
-0.4466800146641136
0.3868841651779044
-0.4648442414962266
-0.4928984975383989
-0.3262658793832522
-0.7593224856832514
-0.8450425607620089
-1.0296112355502225
0.0793926068730848
-1.277170215031062
-0.0647444194278865
0.3852623208654532
-0.555785657499188
-0.7221104974094734
-0.3160780120736703
-0.8618353600344714
-1.0071704815163651
-1.1569409072441186
-0.6687514667911173
0.19332010943528
-1.467207686124522

-0.2516554743536605
0.2303935360495929
-0.1004073860015204
0.0404927471509491
-0.0303516918198673
0.0346246208071575
-0.0143511069709883
-0.0141340626569592
0.0008051900676038
0.0129075046190403
0.0089717523982333
-0.01241245008766
-0.0168602228676351
0.0418274723056439
-0.0617357446214978
0.1321933514252332
-0.5067078807938377
1.7400095266428808
-1.1554717041692926
-3.328024266589238
1.8828552923966269
8.458052271172825
-13.978093292014975
9.832734928744312
-3.223202757627809
1.7179367279362925
0.0546527458081639
0.526985948151245
0.2728029337040961
0.0861168038246828
-0.0834192114560117
0.2563769926414629
0.3425833214882354
0.1873111948118135
0.4233579808384212
0.5323026428499704
0.5344741436851521
0.5784833451454356
-0.8627519765971207
1.43816233479712

