-0.7156260441553317
-0.217719248568518
-0.5398032171918595
-0.2042615370107044
-0.1799567255645381
-0.2850465191468352
-0.0698427819410753
0.0691282701753355
0.0005470980014836
-0.1455917780897185
-0.1870218830046249
-0.0997565094371027
-0.1793345346360549
-0.2346407372971829
-0.2464575153990261
-0.1550297892839167
-0.0883308794870998
-0.1181804229578101
-0.0098186991956328
0.012997754161045
-0.0665661264974681
-0.0832245342936965
-0.0458850462151402
-0.0959142445485877
-0.1004513529120215
-0.1203772074973447
0.0211992323209498
-0.088225365471224
-0.1732132999476705
0.0305031632628924
0.2396739020440689
-0.2133874554151985
-0.1410128287055681
-0.1254096346339721
-0.2956060357409877
-0.3143507418355776
-0.3366866340661839
0.2330079749589164
0.1294373763207575
-0.9755004862336264

0.3610878086546051
0.1631379203583555
0.3162691715555921
0.1694674239264603
0.0941023006494957
0.1303164356155899
0.1125970301373443
0.0802232077186033
0.0863373709382581
0.1328108506801387
0.186664205665374
0.237264638743487
0.3137527649447167
0.427980890892354
0.4866749594199104
0.3301634666156985
0.2148755554503893
0.1551070146763221
0.0708572939143048
0.0478115775878946
0.0835259903347973
0.1437197827551876
0.1892328547655791
0.2378485689946106
0.3130561426733537
0.2868242986608559
0.1499053856586351
0.1130547061508227
0.0522502825745841
0.0608302253507989
0.1145179469603155
0.1475415813907609
0.1755466550207109
0.229706147943201
0.3132918491208321
0.3516985162813641
0.1621185650261984
0.0816204815842779
0.1175036520520888
0.2250746512790755

-1.2471073843640912
-0.4255330143947748
-1.0745995979106715
-0.4816549463000958
-0.2187480528514688
-0.7156147433616764
-0.2749765031191966
0.1638642523019989
0.0321722948963652
-0.3901807761639911
-0.4645716449081853
-0.2663221217739456
-0.4915379692121367
-0.645198667032136
-0.7112122865258665
-0.4826188525821301
-0.1925133910536033
-0.3918282482541333
-0.0699205020308783
-0.0499089353927623
-0.2383725739837531
-0.3545574689907387
-0.3736791673709362
-0.6030003853714349
-0.7758916173263514
-0.826541841666478
-0.1969618925546735
-0.7020961321612963
-0.0698014587502477
0.0521231221207595
-0.6281453544142931
-0.4880370894095951
-0.425165696089966
-0.8020020138786857
-0.9758580133285196
-1.0728563341005497
-0.622839527094405
-0.2233855709884475
-0.037106901870625
-1.058734168573329

-0.0473089874230594
0.0322706436395824
-0.014831815243447
0.0122980928530499
-0.0161142968952581
0.0103875802829897
0.0026552356691292
-0.0035831597552603
-0.0020392654639372
0.0013299373901359
0.0009915412845546
-0.0008998349915796
0.0004417976927341
-0.0004325509825576
0.0009044925164304
-0.0029233057677403
0.0051553580683551
0.0082494423550058
-0.0134988165655626
-0.0166862031653661
0.0167446580989896
0.0410230277887085
-0.090611359591728
0.1146878879483928
-0.1881012053886473
0.6150543374029609
-2.9336225337213677
6.685420068122397
4.16493616068194
-25.993779591284547
26.382387390645697
-8.2139236979193
-0.7765059718511924
1.8762570731405692
-0.0535603417573906
0.7999672763705958
0.1565542986499482
0.509498481592813
-0.8158955097096767
1.25541431166247

