-0.0268982740784083
-0.065006291270061
-0.011868068713996
-0.0038223685553786
-0.0404507037944713
-0.0032193377318119
0.0656407281807118
-0.0200493965815395
-0.0381197784237725
0.0608885488869352
0.0390373644295277
0.0142175818768879
0.0724453116957993
0.0968204545399778
0.1174780002586806
0.1426674929767876
-0.0547410513327881
0.0579123109598652
0.216168854101714
-0.0120876943350404
0.0528249234308796
0.155838984311863
0.1499662479771367
0.2492537548242191
0.2976603946842148
0.3770290870040247
-0.0655610272807503
0.4160679074875527
0.3256508660827349
-0.3034553392779605
-0.2821084222088438
1.0876500143459389
-0.3649903005186649
0.3779159151312291
0.1721906742823651
0.2264949569733738
-0.0457049613602921
0.3142358946797392
0.2280702162091996
-0.5148420721920692

0.3444596628671696
0.1229697421389505
0.2701678023853318
0.1488372665535357
0.1029881268763609
0.1058024343666326
0.0566020088794672
-0.0017735547269576
0.0026389467683101
0.0770499477235174
0.1095041767291156
0.1095878628305796
0.1620513678124036
0.2350380812283942
0.3020090609400252
0.2056076371917507
0.1296706431561073
0.1730458187408505
0.1391659261518439
0.1063358990043218
0.1036026765911886
0.1981151739160759
0.2786266047636975
0.3551718381699057
0.4619172255026905
0.4106160206924326
0.2111054612852781
0.2217284826656201
0.1248602511348608
0.0395103990989926
0.045979323155895
0.0857283585044697
0.1623591361011558
0.1865806406695522
0.2423318224361426
0.2851615208574138
0.1290072623839459
0.0427486243890558
0.0916165530256412
0.2358778831709538

-1.5744886949843295
-0.4202072874546854
-1.2361746302444374
-0.4840706321724971
-0.3141062672515373
-0.9176508450316452
-0.2281581998855787
0.5015150710684915
0.2866364275247127
-0.7099680444227422
-0.4958550396946783
0.1210311296120907
-0.5445446138134062
-0.4502757297704
-0.5916690438860379
-0.3949205278483345
-0.1975050133532401
-0.5097880794303719
0.13524133391017
-0.2558411518291119
-0.2180477389583664
-0.4916038001056508
-0.4457120795527267
-0.7866307080941278
-0.9506373334540376
-1.0924636494606923
-0.0495230290520118
-1.05661285094555
-0.3462873021269648
0.2537923769965279
-0.293977363462112
-0.8519056721115569
-0.4213640534519682
-0.8543565870914309
-1.104513942258758
-1.1891063870205414
-0.7329860351577595
-0.2606374099809301
0.1983454194089617
-1.4777759741293484

0.0253655046992875
-0.0299239942405696
0.0176829401973285
-0.0063363409708613
-0.0008631861478961
0.0091108089044617
-0.0012564301749273
-0.0070273969785085
-0.0034277964097681
0.0033260028493854
0.0051396082884196
-0.0005493200016263
-0.0037882245310595
0.0003136437592332
0.0047077096416299
-0.0021753394538983
-0.0006137015424764
0.0070268826139637
-0.0035305125359451
-0.0058539764441372
0.001301032952149
0.0049018911201177
-0.0011407682386726
-0.0027861075189123
0.002734169693617
0.005113164384951
-0.0088563573671181
0.0099350854006322
0.0006590980627779
-0.0069762859876474
-0.0018689378938959
0.0048339429829803
0.0017662251567959
-0.0032959532368254
-0.0015582829203999
0.0118294766003227
7.826107378030556e-05
-0.0272019304114821
-0.0131639063189747
0.0400552747305158

