-0.3978639840076203
-0.1412187473052532
-0.3339342714616415
-0.1420661245443202
-0.1712379604464587
-0.1074087692548513
0.028198358375605
-0.0001015941222699
-0.0264458558317463
-0.0403799287477956
-0.0415428038427657
-0.0270921037805527
-0.0298901965213323
-0.0318771662203828
-0.0214700310018315
0.0272602747755291
-0.0583205652364052
-0.019808577961249
0.1001602663185756
0.0774448317088048
-8.688097925057964e-05
0.051576998972048
0.1152506090030697
0.133398237680787
0.1906832669579173
0.1977878646108989
0.0659271337857982
0.1334285835907803
-0.0028562815069451
0.0294396889923572
0.2431773222967795
0.040624817549564
0.041702346321039
0.1141506853597695
0.0452992147606272
0.0371267084065305
-0.1704830273567996
0.4101419023750886
0.1993462818815315
-0.861069303985941

0.1397521134832813
0.094634976257
0.2486022847980464
0.22675410638767
0.157633904504842
-0.0011482071964566
-0.1231295477556784
0.2306601240245218
0.3333995484050461
0.0943861977385937
-0.1205317846522243
0.2644030567652325
0.2118345009851553
0.2246572059379968
0.2650121770450777
0.1486092599988233
0.3085909381565958
-0.41370405472606
0.1452439963652273
0.3614017711498419
0.0544170349205859
0.0602556516879361
0.2782723983753455
0.2872440681025717
0.3564381387838768
0.3714976899985036
-0.0008066773589254
0.2633799520495319
0.2987225948245255
0.0277631303645117
-0.4308411710060461
0.2041160649533669
0.1829824052422199
-0.0077423936652817
0.1548487342521036
0.1154217873781192
0.095216829145988
0.006862930514334
-0.0217262918503545
0.1818968021646222

-1.3064799441169048
-0.4544485517033608
-1.212979465236193
-0.5841579526280991
-0.4301550249848932
-0.96488535480799
0.4564206618950187
0.1065747810682161
-0.5143630178306825
-0.505965451510408
0.0553208686128832
-0.3624369930135445
-0.4587633314017343
-0.3933320479017339
-0.5651523400578627
0.0626287400428033
-1.5093283528342043
1.6914479818310222
0.0856822134755537
-1.2553251112953578
-0.1063902132086536
0.1816849671719707
-0.6857554554456476
-0.5411717654819509
-0.7892230821436786
-0.9125455679125102
0.0113447082734384
-0.6255324133400075
-0.758950132540135
-0.0590110369980014
0.7100124951856853
-1.119633939782975
-0.3107627366692968
-0.6333201494316725
-0.9216753313307676
-0.988885239551114
-0.5944017562502193
-0.3878594089214442
0.6066390186003487
-1.6286697900585123

-0.0488277237112289
0.0332787241416247
-0.0152649950340016
0.012597170824585
-0.0164069871703035
0.0104283223974238
0.0028080537909419
-0.0034825198424742
-0.0021164503911886
0.0010803580507168
0.0009457726974808
-0.0002191843795316
-0.0005146583213356
0.0006486966993475
-0.000910878131223
0.0010713200017157
0.0079559114614188
-0.0264931086903837
-0.0090887011672658
0.0530173116086352
0.0264560313259763
-0.1519084132976564
0.1880705513262183
-0.174132275097345
0.2291080611131769
-0.5656537841104009
0.6233416709868311
8.013703893874164
-26.627781863987263
26.65982918060632
-5.017668364672062
-6.31996546091418
4.864813019880974
-1.0246471368914023
0.8827327404682918
0.4545686414139233
0.4209224403898656
0.2833697756005814
-0.7702947003255816
1.294154671629303

