-0.2036415159724957
-0.0628428423896794
-0.0614961768899419
-0.1383383875294865
-0.1368830376911811
-0.1192434037279443
-0.0543822830524447
-0.0786023707878014
-0.0458285708102789
0.0004948204364442
0.0231800491051451
0.0207978720514435
0.0033018530883635
-0.0098454796052213
0.0154355532505748
0.0536564751181728
0.0728215484654527
0.1147079402468623
0.0495252826036361
0.0679655975748594
0.063106727843566
0.0412987897676412
0.0571501729128483
0.0936676886738114
0.123886033583666
0.1601606095332969
0.2324293487021289
0.307731015509488
0.2226306941291108
0.0881243492920368
0.2417809727688828
0.1109644245209052
-0.0014111108042899
0.0273314044016791
0.0877992402810575
0.0645675159897706
0.031246817726741
-0.0350618261209422
-0.0041462905814429
-0.225316351457132

0.0921745073945435
-0.0763823702466209
0.2280711866062848
0.2566288511958671
0.2606030729574289
0.3950579449098517
0.0302203720636303
0.1966637295109097
0.3551810143683201
0.12027419368608
-0.1613940823157376
0.0121096055791604
0.224828757132458
0.1295933197748429
0.0794163737540418
0.1642006382622692
0.1756389543427641
0.1746589743946355
0.0586392965159369
0.1367516002633446
0.0961165426513403
0.0739872739014183
0.107076128964416
0.1380169506719513
0.1587562775730952
0.1790330787807256
0.2421641406399267
0.2725641236073476
0.1250244088003628
0.3501191761678027
-0.1556754628241715
-0.1878861929122902
0.1190860233848624
0.1475334984593916
0.0207294683570599
0.0465851591130558
0.1112440583094735
0.135139010283798
0.0807623524092011
0.1613737662987372

-1.3922354887101287
0.475542012848197
-0.863670344092804
-0.718262430984185
-0.9372184558026072
-1.1173477349830232
-0.1324826419620388
-0.7164136795871229
-0.9320042600029104
0.0827553346670861
0.6718173792962279
-0.1725552658741029
-0.7945740855035922
-0.1087096608570137
0.0003408736551198
-0.3955053973499216
-0.2201855902013455
-0.2558065803570589
-0.0678396671390439
-0.0616777319119908
-0.2167173787167425
-0.2134180903289605
-0.1836606764079826
-0.2410914258845704
-0.3788113874425507
-0.4733440092801254
-0.6696305727442668
-0.8657279125117341
-0.5603987198019895
-0.6389643840625869
-0.1037153216971091
0.1694653916432567
-0.4072545644839124
-0.4800898504129852
-0.2481238544923059
-0.6236183166135478
-0.7066772457742494
-1.089809867048858
-0.6783205139344232
-1.162454363251186

-0.7937339749635244
1.0194588942264908
-0.4997192128919784
0.1354646610966533
-0.0317402513656817
0.010537983456436
-0.0054805236231746
-0.0010765525184041
0.005490299326087
-0.0005511344956691
-0.0023054257360596
-8.710578686886458e-05
0.0008192635166163
-0.0008220739891951
0.0012835737249385
-0.0011578156908151
0.0008455902682442
-0.0005044524494562
-0.0075960798421865
0.056355437863064
-0.0641792497026456
-0.0887907097641864
0.1114977397231568
0.1962361134944753
-0.4709129556505061
0.4973874986719176
-0.4904743178131919
0.8287311873436198
-2.4247280394081585
5.058614205758576
-3.797887330460156
0.1096300792384832
1.4505687717969027
0.3391842026646008
-0.561630923607234
0.7738309342959552
0.2592132128721607
0.686202722108839
0.2587367985169973
0.890885300433489

