0.325246837239234
-0.6965027841535758
0.4754176435495014
-0.1939511417749768
0.0566550716928315
-0.0186711775419569
0.0433654803555596
-0.0474232507135683
-0.0217855710601993
0.0866795597985745
0.0278714208003544
-0.0442953788083443
0.0569797421227282
0.0643226559236421
0.0418637956999295
0.1174325075499291
0.1405772565698341
0.2016835428810245
0.0828397566677449
0.0676445236514992
0.2303608858850668
-0.0530547617473357
0.0142015455869819
0.2100902780849105
0.1331780693635096
0.1885234034314793
0.3211381044788268
0.3437254385163619
0.3915236954509824
0.0301736471204202
-0.528578839249673
1.6113371316860827
-0.470090732137601
-0.4699929850633744
0.6076896330259783
-0.0694199642406587
0.1228292241212916
0.0412237092402736
0.0659015773455347
-0.1099298771387986

0.2718117145040376
0.0514541577881651
0.0681658730879883
0.2001025925741088
0.2101194472372398
0.2255615484766941
0.1175495873586473
0.1052167725986512
0.0488734702765851
0.0415099397201651
0.0213266902721599
0.0251403022238329
0.1110246661971802
0.1303133073330329
0.1181424565556672
0.2421743593062432
0.3487635058147332
0.3986413719812728
0.2095460772672027
0.2353149468215963
0.1141644490777221
0.0634167587300281
0.1152182019508781
0.1928571102885837
0.2260128689007381
0.2651963920848312
0.3692755441482521
0.4229851255956705
0.2870363811714737
0.218660087961277
0.1666151066046259
-0.0374498082533916
-0.0057950947691241
0.1117735946883925
0.1540009852729398
0.1387964471568521
0.1885876734395233
0.2817356374196211
0.1738741604651583
0.2928850152495958

-2.176136441000068
1.3248776696934157
-1.1751880481703452
-0.555223177507231
-0.8309703503072309
-0.9173435022173572
-0.1645739438409688
-0.7692573834129678
-0.2142547722210078
-0.139250318552127
0.1996607892731053
0.3427702945757512
-0.7865022348717096
-0.3852149680992972
0.1668594795901547
-0.6833576700367807
-0.4782341362581293
-0.7798520132732408
-0.0991924688688881
-0.699311834138149
-0.127059579048904
0.0740493657494681
-0.3199158472175548
-0.5407966028155899
-0.3595299139074653
-0.6549211358440814
-0.9240242378953114
-1.0883302622338205
-1.012630982506997
0.0999390438871806
-1.264060964274943
-0.1405802791431523
0.2579295844334857
-0.5974990426004592
-0.672982406049899
-0.5450502746320143
-0.8976101668547622
-1.2059643387445824
-0.8170547342393365
-1.165283771302371

-0.7930079030024503
1.0196690561234247
-0.5007952409416644
0.1363809375221866
-0.0325406707642755
0.0120536402405575
-0.009303403453503
-0.0004362202414754
0.0176422555011001
0.0032644045272339
-0.0185550783483939
-0.0218550759830591
0.0162005256138783
0.0561893287034643
-0.0933979539300232
0.0832044160952675
-0.0805737475935417
0.1289531136339589
0.0365982003950898
-2.908501127445765
6.606745952359492
4.460584994650174
-24.264448621160557
25.19971498836249
-10.712032984313614
2.699349362450095
0.1939089485528222
0.5978754195749092
0.5081810758641795
-0.0863355633774186
0.7835892279411524
-0.0873310334015857
-0.1445905844289747
0.3580440040635973
0.2792994968426647
0.2928239200453535
0.4028846244704636
0.6481037382717806
0.2721714427835253
0.8850360208406599

