-0.7217692829639973
-0.2656417632024353
-0.5573257559679974
-0.0181574372366482
-0.3543267205433016
-0.2607870832504701
0.0401679595277845
0.115543035736019
-0.058767596981191
-0.2221127737035898
-0.1669471715792269
-0.067784864853973
-0.2426733766107233
-0.2317256826696055
-0.2557352401098431
-0.0921189608809281
-0.1492202416924131
-0.0813389753227571
0.0333225020955283
-0.0041807636006705
-0.107093092335222
-0.0639576495057697
-0.0557930159901274
-0.1081693978710958
-0.1011364417502302
-0.1155666475101798
0.0593715004397248
-0.0855420065587474
-0.2128654018003442
0.0312325572247396
0.3106023146668301
-0.3389036447822176
-0.0521956067829266
-0.1882364513808428
-0.2964244333179318
-0.2936704434438472
-0.2744607310498908
0.1566110339966206
0.3969199793833333
-1.1666628306336575

0.3687084528355431
0.1844384132274455
0.3138423760355477
0.0906653938161002
0.1004990988960065
0.1310596470667527
0.1104855022716471
0.079906976654119
0.0913987469322597
0.1449121017656872
0.2013747885579533
0.2563673798170555
0.3467634478950019
0.4642275906303236
0.4678114437565418
0.2700047091572849
0.2218512022455264
0.1281910754061138
0.0480955028202972
0.0542921859365246
0.1095278514752763
0.16363028087828
0.1970636745334646
0.2638782398316146
0.3228864698051982
0.2385073563540461
0.1472640979511179
0.0979595425109926
0.0300230941787606
0.0635158285167501
0.136118417029641
0.1619278600383836
0.1845755051211071
0.257005476103482
0.3330464608981222
0.3244507773828627
0.1081667641843751
0.0796597035136793
0.1028658783749451
0.2359395882216272

-1.2591608257403872
-0.5040937043582119
-1.1280940659691845
-0.0554794605571899
-0.5526492334625069
-0.7879993003442559
-0.0388522870363845
0.3954019596046921
-0.0978701759013021
-0.6937633931474781
-0.3427509260387365
-0.2027315653483326
-0.6609581931193431
-0.6301167251625476
-0.7558188416035024
-0.2415904429561224
-0.4457503947026479
-0.283617069327583
0.1642712909574216
-0.1800556918574154
-0.3998659249463832
-0.2465115529616195
-0.4542991890746545
-0.6565926628510703
-0.8047207308013066
-0.7222174210982691
0.0415570042707527
-1.188034294098471
0.3486342721793
0.2629857749159009
-1.1630840575084955
-0.239822089232432
-0.5380091150879835
-0.894238980195359
-1.0188768577295495
-1.0399090932082564
-0.2647445713799252
-0.9370530693097404
1.0639136950349066
-1.6042241046764572

-0.0256451626760393
0.0159702520231422
-0.0080862922402898
0.0077866249358691
-0.0079384213678042
0.0031490871268155
0.0007142086543508
-0.000558220841566
0.0003047509492268
9.35931952886516e-05
-0.0009259796944055
0.0008152700493076
-0.0002443084096173
-0.0001617641764426
0.0008275458818233
-0.0037762122936914
0.0090750269133277
0.001216488717921
-0.0139965315302051
-0.0042136435971563
0.0205731751587672
-0.0019949958238756
-0.0257565937569351
0.0494204913808433
-0.1182981685057701
0.5667695038072602
-3.279869482292674
6.820529517142455
4.390987677299708
-25.068714349835844
25.77197761990928
-9.813548466650628
1.3850278094362296
0.8255243233110175
0.3456003790243347
0.6481405765782169
0.0959925358555555
0.5911680138122842
-1.0065047807789298
1.3436796958530377

