-0.4041046662157299
-0.1734503911118265
-0.323511662008793
-0.0819370860088633
-0.2418403146396312
-0.058554806873791
0.0753241292854622
-0.0043481941924115
-0.054977572223702
-0.0568048471262625
-0.0319223673629116
-0.0231959823702879
-0.0419957761071576
-0.032810505601125
-0.0181630342643571
0.0162669292494342
-0.0600186971744686
-0.0131275805891634
0.1057799580382291
0.0734536596803006
-0.0035846006095831
0.0686094232691037
0.1193090373616038
0.1464573328110607
0.200998933465514
0.1590427743416798
0.0659879506527317
0.1286167365647809
-0.0220446621275951
0.0367297017154388
0.2553994126222412
0.0263044921283775
0.0770177536699689
0.1083344698904942
0.0629012781310723
0.0137127813415668
-0.1177105757916828
0.4065801742283786
0.1972443553868056
-0.8805462050922681

0.1454132423105386
0.10676129927541
0.2484820660842202
0.0954240970940325
0.4374005943091625
-0.162835885861909
-0.4018802105994181
0.3810597531688167
0.5331793344752515
0.0334198342405567
-0.2759865286842787
0.4595431736344044
0.1386543612334415
0.2784719516175281
0.2584246427477111
0.033875251357591
0.7005652694203038
-0.964660131229451
0.26524117855225
0.6158113945035901
-0.1138375593438333
0.0909685696744292
0.3267334790828698
0.2982767531375273
0.3776486167971619
0.3273426400641326
-0.0431685822132464
0.2534502839908423
0.2925434689226092
0.0962127029264084
-0.611537553298279
0.4774452608808009
-0.0176389199716735
0.092783464617479
0.1323157320034262
0.1182539484666179
0.0550302210771256
0.0773385059756528
-0.1379765133593835
0.2416091810184708

-1.3253012212690896
-0.5391770196417459
-1.2630465484631883
-0.0285914937049421
-1.3356298369065518
-0.3576442421425037
0.8234635970074026
-0.0984621499754166
-0.7891681431665081
-0.4749734567430312
0.2081625089965449
-0.5329230508486892
-0.4350088244481578
-0.4654150028571066
-0.5398570473156651
0.2072327072173621
-1.9889234032057803
2.1826311008664616
0.1082118128017201
-1.4538955527827466
-0.036001059795903
0.1169214744506365
-0.7132184233377447
-0.592827906812228
-0.8263446178612744
-0.8077446628931568
0.2093619285873751
-0.8446439012778749
-0.5434783192090125
-0.0422161016262409
0.5193725026387364
-1.1293580367823046
-0.2481818085063621
-0.7878789054875057
-0.9374269453095536
-0.952691578094518
-0.3224890180102472
-0.760011605756846
1.1828188680382647
-1.9104820785435817

-0.0266182397771031
0.0165579487857164
-0.008361475908484
0.0080143959661741
-0.0081293240823541
0.0031264867431308
0.0008081205724654
-0.0004577065036928
0.0002893850730771
-9.42003304066988e-05
-0.0010274058062343
0.0013929807343653
-0.0010731875160749
0.0009844972369871
-0.0016903046807001
0.0020457244000304
0.0131989119265644
-0.0283257795788557
-0.0246019580709612
0.0537551836420829
0.0617665101108785
-0.1956735543295458
0.2295324369340529
-0.2425361928637866
0.4304360446101307
-1.392119507519029
3.07471460043953
6.061123029934668
-26.72185437528641
27.00484913634773
-5.4989005610546045
-5.339338417745752
4.348216437553729
-0.91802847186194
0.9576422625069286
0.3595866286779666
0.388509345027793
0.3734669637501252
-1.0173684687619104
1.4079177635238558

