-0.4851047540070435
0.1608938629507926
-0.3980196144049514
-0.2172796278815073
0.1544883882496192
0.0456923870713684
-0.1691142098836072
-0.1100964666004919
-0.0663115075049482
-0.1282337392192782
-0.0996555712507989
-0.0410135846205942
-0.0541354291587205
-0.0382391191801474
-0.0158747283412928
0.0494272634874128
0.0269871241942182
-0.0081962001439993
0.0557615175738311
0.0608923101437452
0.0915422280773797
0.1296803902163528
0.1762087890890715
0.0312740818715814
0.1199054209801784
0.1187644412001256
-0.0027032678964465
-0.0339024424109706
0.0184525775709505
0.1363622296964155
0.2305910159901417
-0.0061273024531496
0.1506740234351034
0.0988125884650097
0.0803372245703734
-0.0188364109706521
0.008269139255882
0.1503174564857644
0.1735628339150445
-0.7094378878517071

0.2522401993298008
-0.1612362096128458
-0.5151420055604983
1.5695397561613902
-0.5016920452474936
-0.4401881639525747
0.5818856957268208
0.165089917420741
0.2456880467204719
0.3751989475261921
0.3930058299992275
0.1020329808115203
0.3431762406921609
0.1037992087965233
-0.1257661644871185
0.235435147583246
0.0722761491760593
-0.6715465442300502
0.8705477098592999
-0.1174042420259035
0.298795027043192
0.3036081771802147
0.4305674516776313
-0.0461433925441812
0.6361540735861736
0.1810828506548161
-0.5761401377256685
-0.0499172828011923
0.6293307494114195
0.3033841283673175
-0.7704934811790433
0.4981704098847366
-0.029240724602879
0.1275420431067873
0.1357631873181156
-0.0056415849253013
0.2238076657346152
0.0252243615969279
-0.3220664927548808
0.3776046320588903

-1.7019044812320068
0.951396485742864
-1.4666883242143842
-1.430183028193602
1.2025344198120087
0.0443004372553728
-1.2808963038513397
-0.1025375300309533
-0.7166183445256605
-0.7680937797585393
-0.8649550861098799
-0.190066799740442
-0.8028854911580553
-0.2281268319976449
0.5567944417329992
-0.5206624438157459
-0.4499031237282093
1.4695981651093786
-1.3316275287225732
0.0327787970630108
-0.4256906669495238
-0.5722173914301486
-0.7855689177635117
-0.0501637606401685
-0.7944367491754487
-0.500769370180306
0.6933181267705346
0.0530952128091233
-1.0278132400508393
-0.5652549251687908
0.6524459541577212
-0.936611509379316
-0.5282568303427264
-0.7995753867809556
-1.075737166602022
0.0554224712501298
-1.663452492228647
-0.2277004830352489
2.4013104670032663
-2.866139440320421

0.0004500541994737
-0.0020541162167078
0.004705597190158
-0.0029054356793705
-0.0022131416922575
0.0024494627628866
0.000758935094095
-0.0017934563676002
0.0010757406641016
-0.0005319431766503
0.0005033916151093
-0.0001785920726918
-0.006223599943958
0.0108734681090256
0.0068603290863581
-0.0076450176158353
-0.0173897678259123
0.0004551382003607
0.0395623008904987
-0.0420654323851686
0.0203998001973752
0.0012177633755043
-0.0703642404302528
0.8480862998821084
-4.389232517211435
3.0250022952758138
8.571467305188452
-0.1096031269904216
-28.280050913383857
28.81387329039881
-6.458280436455203
-2.9115615319535277
2.775764228506702
-0.4233809911887924
1.0203954034740572
-0.3745086394311872
1.3114817592115178
0.0366264095900262
-1.599457560522424
1.818711994290602

