-0.025612107420329
-0.1079048741351856
0.0255643206122648
0.0241166710752909
-0.0020551651425805
-0.0038807412891767
0.009514510519094
0.0176598115917975
0.0305696412995844
0.0532433160268551
0.0773481572614882
0.0297229873437846
0.0364838578593677
0.0411297737907874
0.0172705075358185
0.0138152611482414
0.0259694890207753
0.0705730568410385
0.1170827506093653
0.1166762659072022
0.1780056581818994
0.2519392613575644
0.2846640912940535
0.123674821791662
0.1252917244829089
0.1078955093120067
0.0652556554980944
0.0613936995372196
0.087664949461293
0.0942588948690002
0.1389521148373192
0.2961405995455166
0.206504565139358
0.2802427037641563
0.2155008378406013
0.1232299038743867
0.1550470799381281
0.0412436344739574
-0.0765790226854387
-0.128525755852257

0.402056063701779
-0.0867229432235012
0.2709345774670199
0.1114826657984468
-0.0542506360470052
0.0300600424499573
0.1629903084742633
0.1016191308756602
0.1460593230149557
0.2244781043231727
0.264785016874618
0.0669809234083449
0.2474956323718855
0.1359170687456686
-0.2266981408716499
-0.0163890448897319
0.2706127936479152
0.2423310971414107
0.1012340318522858
0.1984622242612058
0.3274477851711209
0.3986449187521502
0.4751663320296745
0.1406763050535104
0.2850240868576579
0.2249877332244804
0.0281559934736457
-0.0071259283261798
0.0721868587769205
0.120622033073587
0.160481362053788
0.0680851320005178
0.2068772745570742
0.2356966909525549
0.254487292258077
0.1225763345842101
0.2208098701498784
-0.0312481721322298
-0.1661361383653704
0.4607431305603018

-1.9252134577625133
1.042462024130289
-2.538529039399348
0.1577367937360517
0.959016194496738
-0.5076328843794781
-1.0259192640635246
0.1472553090603222
-0.7014844274943922
-0.5721149635042007
-0.8054505144370758
0.0369561796328486
-0.9788516173839636
-0.9162743628808716
1.8263947588839768
0.1272040470578951
-1.508403439143361
-0.3407337532180639
0.5589780752984854
-0.8233337642906704
-0.4707977749219826
-0.7738003345613877
-0.968795320509032
-0.2116114894274241
-0.530085712707619
-0.750808060437092
0.1785724559033121
0.1381917299872311
-0.4515341869617303
-0.5316291859970762
-0.3457173430320681
-0.5305438902541437
-0.8775363502839232
-0.9643185616890888
-1.3254907704699912
0.0598164521621647
-1.999158743216017
-0.227670675007002
2.7457998650519517
-3.2181475083658904

0.0239061768290622
-0.0346370622647237
0.0170278449314746
0.0084394236876657
-0.0043087269398379
-0.0035425428151033
0.0020848771294221
0.001142800140568
-0.0026491405968787
0.0005405319112304
0.0048762545026432
-0.0074788346440085
0.00626522341912
0.006453744960714
-0.0047575398325927
-0.0069441954780063
-0.000992579689673
0.0048637926385317
0.003410619963034
-0.0026121983877395
-0.0019353378360287
0.0008069203893128
0.0050667927866556
-0.0095312446518678
0.0077476612897209
0.006703987994845
-0.0045102745356949
-0.0070171149831613
-0.001435753961187
0.0045005095041096
0.0035500781457917
-0.0023220539404854
-0.0014776565080667
-0.0001254769240708
0.0013767365420286
0.0106175972470971
0.0053846257431775
-0.0262251070890601
-0.0302691390308476
0.0511313004816635

