-0.0058087448191009
-0.1417757835646924
0.032148328962338
0.0447860487364267
0.0053658700603805
-0.0081802343831531
0.0173425157052352
0.0251493912820217
0.0445634307076997
0.0353683305799385
0.0045351245696252
0.0244391434634317
0.026174950181539
0.02114623171226
0.0258399160771557
0.046179412943792
0.0556738181425556
0.0891050755187624
0.1511622599692253
0.1949037691999641
0.2628400190453248
0.177056808668739
0.1003643419150207
0.1333934884492374
0.0702640170113257
0.0581410154172623
0.1148011985525939
0.1727434180704097
0.2173149023208958
0.2946594724748777
0.3955225147824697
0.3927653802279451
0.2059386391303719
0.2429021175845608
0.0495107700809336
-0.0617458006077144
-0.0194348799442016
0.060354267273765
0.0338599790041328
-0.0941775448775616

0.405631585858982
-0.1559745726817292
0.2303317582151431
0.1500487577784303
-0.0319219545713296
0.0665313356911612
0.1980064774009221
0.1682881379486029
0.2321425638512433
0.144398743248379
0.0791669313327065
0.1060585064304908
0.1132373385666547
0.0063696166826779
-0.0955040306885005
0.1251990906914184
0.2587028456602378
0.1773578971656107
0.2402400161171975
0.3826134520000506
0.4356996690547663
0.2941939355507171
0.1650614296049771
0.2659020862650916
0.098984319497538
0.0386451141658782
0.131318467001899
0.2129367871601489
0.2061156448034091
0.2561261581370512
0.3125909642256072
0.2627924784631133
0.0973798970042182
0.1706971317223311
0.0486896832891309
0.0020003135067447
0.1073989881327594
0.1761440506383202
-0.0440656550495912
0.3955124949657199

-2.2341726754991638
2.1102917030556245
-3.1857414221104263
-0.0478613625103155
1.4513440250830512
-1.3286045048120243
-0.3388982184595437
-0.6595982512555074
-0.7153534346228453
-0.5256708967189865
0.0258779699363489
-0.4750862641311816
-0.8168834434824424
0.1008860535416578
1.3805495234683485
-0.7807779769688803
-1.1360806013866174
0.4360931797625357
-0.6601259792180577
-0.6146858248698654
-0.779174289418581
-0.6962695725974561
0.1616256581651084
-1.1186928336010828
-0.0558650468284045
0.1692553201719735
-0.5153327159168178
-0.6652702170673873
-0.4486589009621779
-0.9630163278398292
-1.0584780784070622
-1.292828044823892
0.1882164908916834
-1.775484390435337
-0.1951472640231655
0.9570814131784148
-0.388278309997044
-2.1107327325248693
1.28977247593483
-2.0990830177157846

-0.0053364037123847
0.0060823939992258
-0.0013290841622357
-0.0022253566369385
-0.0017947419163818
0.0049633940640869
-0.0042939792997026
0.0035944051747712
-0.0059733672849389
0.0187994836470802
-0.0365249216736306
-0.0372901955937816
0.0501363873414992
0.1032846142902575
0.0144868061530933
-0.1945341379374324
-0.1488735172566171
0.6207983218020576
-0.7652774260105423
0.8423839736065661
-1.5366582346493705
5.208157413636191
-16.663825349809773
21.279180245984406
-5.332303786255391
-5.771538314139866
2.06294999410856
2.74874616494982
-1.5936286500747865
1.1060560024352166
0.336203871425178
0.6979162665591611
-0.1549614059153284
0.9044372464507768
0.0905165882412436
-0.5033192270429304
0.177249288800174
1.107480323657963
-0.7044119588286818
1.1112220700507769

