-0.4834642519037012
0.0259075208805948
-0.3601758676875523
0.0715345956316813
0.0612612422406624
-0.1049671560880448
-0.1400142491278545
-0.056819851556213
-0.1372975638531001
-0.1556688720206739
-0.1803922927048812
-0.0450914376643123
-0.1064124753330064
-0.1341087664933609
-0.0140895773092756
0.0966516986341963
0.0719104178463412
-0.0937482208859807
-0.0627367691359719
0.046453840170666
-0.0222804018269869
0.0062118622986371
0.0325296286460299
-0.009689820102474
-0.0021247455082264
0.0908790037615713
0.062601594112095
-0.0618207910797137
-0.1272175381192734
0.0704698856360994
0.307996328569433
-0.1498753410193624
0.0824681643345219
-0.01254248032717
-0.038790477177007
-0.0279979582412125
-0.1398633892181756
0.1154470385293918
0.3034811427650077
-0.7787749729475963

0.4907572222518783
-0.0558964286205744
0.4475313149354946
-0.2062251728331642
0.0341203969912172
0.2682176585798676
0.2374141886214358
0.155150993081544
0.3867233225462074
0.4561937842460793
0.5736563645864258
0.2221122153442307
0.1719575300848498
0.4091629362259061
0.2161997515354584
-0.0618750857491362
-0.185650744940494
0.1777112703441277
0.2881741873765497
0.0546139994183498
0.2078337633333662
0.2237995354088962
0.2631501907898653
0.0486022057316327
0.1491863277134334
0.1885529106362846
0.0688199519390119
-0.1437862161491857
-0.0791642702911424
0.2164462991255745
0.2267053542810016
0.0435431027567232
0.2490718312271242
0.2752273158568166
0.3294230745138574
0.0942328946989841
0.3848717409611386
-0.0354885568143622
-0.3810984411671884
0.7112363929344914

-1.7356120537258144
0.8455040906914619
-2.530033169039306
0.772217020230911
0.5098332981739722
-0.7993416961433365
-0.7668788474065947
-0.0771776400872022
-0.8335481299133348
-0.8002528328350785
-0.9864953029283724
-0.3921958750233013
-0.1395526460484289
-1.0756398165879235
-0.3895807264076772
0.8049616617113374
0.4989522430385423
-0.9649751445415774
-0.4341639773906076
0.1229160179536815
-0.6009244306097603
-0.4469561829538119
-0.6725653600184874
-0.1457907453125411
-0.2325621499814324
-0.5665025272453607
-0.1398938861325154
0.2546995215964478
-0.0606681539803334
-0.4863427540812372
-0.6504670496086706
-0.1816326144120618
-0.861486444880192
-0.8174493672008448
-1.1987552469967593
0.0821846830243324
-1.8438612487416075
-0.2205929179818915
2.6375715919866694
-3.117469312166682

0.0004555083370223
-0.0020714408712625
0.0047056487554267
-0.0028655887316329
-0.0021916643005339
0.0023793361874509
0.0006782086355526
-0.0015223784866073
0.0007245665879818
-6.695080838081731e-05
-0.0005650662453846
0.0026834575933922
-0.0056990443535999
-0.0022716559066089
0.00233051983367
0.0101861418184916
0.0069706652769753
-0.0172132618058332
-0.0261100646251042
0.0717261397311689
-0.0882418705839353
0.1185597243244478
-0.2902717335781637
1.0458695856700757
-1.6101309814119578
-2.801850246294181
2.177091805808113
7.243729600321173
2.132298169571769
-24.70937245620037
25.681660621410035
-10.818999707852722
3.1369671099230425
-0.1183752195386413
0.8240270680471322
-0.1621367450262145
1.0664763570807534
0.1317332382633519
-1.5278256181688084
1.7627231124284786

