-0.2880622486491668
-0.1779490341044298
-0.0710587208529138
-0.2540314824295409
-0.0628242686333636
0.1318892100162247
0.06721596480768
-0.1020847274256008
-0.0843893578741189
0.0141510138569107
0.0048718014786119
-0.0260255074256958
0.006253695264602
0.017602653722217
0.0126253068677821
-0.0006014497764817
-0.0189793982314523
-0.0290067859510211
0.1205454223802883
0.1105752747005827
0.0033618154809445
0.0444707800659667
0.143965986120494
0.1572436272620117
0.2220659200751769
0.2634831284681672
0.1169741709458536
0.1433794922922111
0.0482157529775924
0.0231892308628438
0.2617906553019357
0.0680321473299987
0.049005022247064
0.1780179113094175
0.1090492015831567
0.1442416483867349
-0.0510296407537152
0.1777006491520779
0.3821291985588423
-0.7297689802441479

0.1414788706293635
0.2284799303400126
-0.2048491336011658
0.8038300971079324
0.1109638038856565
-0.6280763627258564
-0.2037575060415548
0.7686192265154819
0.3495816856504533
-0.2440753801595686
0.2472199719784651
0.3068008647300129
0.2403525564394592
0.4170061660354814
-0.3678480613343039
1.2683775958871162
0.5046169178562053
-2.462976825975548
0.2896045578636221
1.6702878076500656
-0.0842632372333388
-0.5948132817979942
0.5442011495676331
0.1698186263236751
0.2965617057735885
0.3206389252200613
0.1300150535823427
-0.1125208832226428
0.6436453049883636
0.3014416008780486
-1.0794811942457272
0.4258772565907496
0.3118269554646575
-0.1521928414684394
0.193049385888057
0.1000360559000075
0.1191346316681711
0.0685120294466906
-0.1288321487055903
0.2617946757146356

-1.4167018807427076
-0.8872451608120155
-0.6554977615700172
-0.0284455661389859
-1.886038899956619
0.6776438515143787
0.8582618081604259
-0.7541099881011329
-0.9023139557876828
-0.0370820274553233
-0.2190453518426195
-0.7002948835897452
-0.4469045690870559
-0.8296922298522665
0.7846291741773906
-2.327127767036324
-1.562326777504047
4.706805920415522
0.4350752213143475
-3.1509484709625357
-0.5462778403216283
1.3272317779825495
-0.8679710303413295
-0.4883318340493708
-0.6134241206703916
-0.8251425836627092
-0.302095554643182
0.0188246461001231
-1.2507409711309838
-0.2859192320122616
1.2450381759666205
-0.9951617816556456
-0.6396007018057857
-0.2854087248685893
-0.9181314087009004
-0.9394995505842408
-0.8267226736524717
-0.5683094109776007
0.997047130765225
-2.064580077955913

-0.0009721015883099
0.0004211621239099
4.0340199415247685e-05
-0.0015747746799336
0.0032299113861789
-0.0013919113715346
-0.0015251053075487
0.0009481480637446
0.0008824390243646
-0.0012175792472645
0.0009433815526959
-0.0008517769529978
0.0010879228888632
-0.0023855954507214
0.0054496847867479
0.002998516684243
-0.0216392218767768
-0.0137535383445904
0.0269140711745823
0.0466661227561211
-0.0214082959921551
-0.1147434052762562
0.1733595657410644
-0.1460441802236813
0.1337010860365676
-0.1878710642961084
-0.4922717249957865
8.799774611110852
-26.691442022520327
26.62090685165086
-4.436155533295612
-6.964442206983337
4.650535188784348
-0.5979963231674903
0.558804561308685
0.5801138028340479
0.4291935555754079
0.4326067190917948
-0.7236913048830135
1.2405496023813305

