-0.0517690266019213
-0.0665998057638042
0.0128053665319871
-0.0468432210636193
-0.042638808566151
0.0352764631756328
0.0878196860545034
-0.0398745336216762
-0.0441120832735145
0.0862562527541355
0.0171474885398581
0.0625607182291931
0.0870317531206471
0.1218116474364099
0.0145484118666205
0.1820663687085707
-0.1080901295522036
-0.146190255874707
0.3339242599158242
0.0798401371546159
0.0001596881231749
0.0718384090736736
0.1849724194526961
0.2075170864683429
0.2695864520804358
0.3698767990972813
0.0495979840682584
0.2216513932807034
0.5977526677036062
-0.4258601475032934
-0.5612445046542036
1.5293029701357217
-0.6484412233138128
0.4110404105177453
0.1546871447208998
0.1984080447679354
0.0842926423559759
0.00706773968794
0.4412934859146342
-0.4973337639952158

0.3661079229231281
0.2071738185453433
0.1496708881465318
0.1157463470754023
0.0827278505158458
0.0397771258174078
0.0287257214193087
0.0233252343441789
0.0533814038628152
0.1159004546761124
0.1307566613364286
0.1602102333435356
0.2474900602507991
0.2886547870209019
0.0880815411861974
0.08012318135597
0.1317087674733927
0.129753977617401
0.1151933758262982
0.1028087775113
0.0922489721352227
0.1676645340991689
0.2474999860135676
0.3167887720160087
0.4160729058869747
0.4246903436867144
0.2316472155465807
0.2242496043022994
0.1530145961138048
0.0494588711126297
0.0265712142720376
0.0575822280053335
0.1487404128362702
0.1763747599235162
0.2146502912568615
0.2783679214344456
0.2131272237972637
0.0333306775172515
0.0819668081122699
0.2750633263164659

-1.5938056819255997
-0.8802434719364763
-0.6337552732098921
-0.4274805189117246
-0.7068125941729582
0.1424232911957
0.0333560383209958
-0.071444684262121
-0.2438302503700001
-0.5509000427382968
-0.0907039764219675
-0.5321130575165756
-0.5074261376443752
-0.6682142920684003
-0.0972197072226606
-0.117539708546703
-0.8715368975003241
0.1187956308334511
0.5425957253259924
-0.5660194723731664
-0.3316179531803795
-0.3653310521359899
-0.3379350296365002
-0.7470774657845929
-0.8345186421580509
-1.0995996729698858
-0.293991289265082
-0.6833357056338069
-0.7417859356540971
0.2927935687249769
-0.0567918199861811
-0.8968591203174217
-0.4241977050932697
-0.6844033045356831
-1.040938871872928
-1.166446725503928
-0.9792736415055252
-0.5424060631832026
0.709336541895614
-1.9272215252531792

-0.0010442538775971
0.0007052000076375
-0.000838656765661
-0.0011801329715959
0.006164216840449
-0.0008251773036664
-0.0057234135533822
-0.0041264284737818
0.0051053809636184
0.0126263650581749
-0.0229084349964998
0.0207219560649871
-0.0199174474479477
0.0303124095803433
0.0293599165477153
-0.6584922398971326
0.8316499308203219
1.1389862083682123
-0.5625054899374614
-2.4957445964573224
-0.5221012738286492
6.788071813677006
-7.924529751554246
5.100619919649241
-1.3332521689917995
1.3967003535694948
-0.554954229007169
1.0780587798840409
0.1426309145663792
-0.3517020389854884
0.1318598266713711
0.4886982957577433
0.1512858112919672
0.3391826481759442
0.4946871109189457
0.5666160863118873
0.4533091413139392
0.381585112671896
-0.6637171420188235
1.2149862204735746

