-0.506061237517191
-0.0044004839199862
-0.3084651161657549
0.0810382187793998
-0.2356347723338467
-0.0975536867459494
0.0699951709354826
-0.0848698967312712
-0.1511686428016257
-0.1231525005350324
-0.1773863752347134
-0.0743117805593306
-0.0618148981105094
-0.1574254625877797
-0.0439346879383331
0.094562558292396
0.0948762976764474
-0.070904232577872
-0.0819897870660785
0.0354545049930008
-0.0048088723797406
0.0008809976374781
0.0253317129431589
0.0290233482183529
-0.0163141818530417
0.0433405095404414
0.0400575095377918
0.0040873332957442
-0.0087943270746981
0.0521908161578897
0.128372099124353
0.0286628103568093
0.0642399375672839
-0.031582027591789
0.0929835790361379
-0.0543166268444805
-0.2052571377957749
0.0383895011451283
0.3155084126890248
-0.7046394343522339

0.486417153530902
0.0323019413215476
0.404371479633814
-0.1925352933465134
0.211188633062253
0.3102468735253871
0.0948862473131024
0.1107590689342726
0.377768287841582
0.4036541963526623
0.5445065821551295
0.3185268546858771
0.1134133028015005
0.3959248668805252
0.2557391278526517
-0.0152652741603897
-0.1596183327375916
0.0631793420883315
0.2453811816208258
0.1536766907069653
0.110064843177969
0.2337700907694924
0.2414776535990004
0.162250292232755
0.0874282705339982
0.1489918732243386
0.0645180168969776
-0.030042155948955
0.0475428148782526
0.1793176901271979
0.160107461695654
0.2299580761425473
0.3108479642870151
0.3168009039707656
0.0477539547350536
0.3113808510529172
0.1631871264390085
-0.117665681838571
-0.167663510905311
0.6311587827793991

-1.665162506078757
0.1108145501392772
-1.579395504965993
1.106006336306119
-1.731022294231057
-0.5592344240522943
0.7896271205878894
-0.8020995881049126
-0.6135542365226854
-0.7390924776335569
-0.9035855077847402
-0.6581944445789288
0.2911819375411694
-1.368942875970406
-0.6498243729496163
0.9078553131066598
0.7867409402376535
-0.8903356740358133
-0.7508644078713997
0.3090543738056522
-0.5368277725590447
-0.4529944817964248
-0.5959828288664127
-0.5070341775461537
0.0741917759372434
-0.7183187962766489
-0.1509098054886485
0.1709665400789151
-0.3747051652772992
-0.5525748353200488
-0.4293602636683317
-0.8427974246095608
-0.9354729728560996
-1.1680323963869024
0.145010165105822
-1.042849624625047
-0.967200399604284
0.1933652103517997
1.5558527705588012
-2.641931818913924

-0.0028402945294831
0.0017760631471467
-0.0002035757992981
-0.0020314580360854
0.0043105407561166
-0.0012702579876237
-0.0038326154589284
0.0042525306125409
-0.0021752658618622
0.0008973630867621
-0.000607054544743
0.0008577757522826
-0.000344579216918
0.000883028141933
-0.0049289308072117
-0.0015635944427374
0.0072162674674122
0.0076100975128466
-0.0093248155249942
-0.0166160267779411
0.0408395365721238
-0.0612887879451143
0.1320826371812092
-0.5067454929043407
1.7396485667877124
-1.1538897384677285
-3.3279431832266333
1.8800302370922328
8.457171318112948
-13.970686468787804
9.8234713861161
-3.214921061246566
1.7076102266196778
0.0796312518047636
0.4854719713232933
0.0993163549904235
0.5604155674418965
0.0547510607130107
-0.9408830023423456
1.4644868792854275

