-0.3019171808648208
-0.0424580719844436
-0.1639646629750184
-0.0870360245749516
-0.149516372220718
0.0229560643280053
0.0657844456010691
-0.0812013172101446
-0.0542969014369314
-0.0380765558042983
-0.0398420309397762
-0.0087153450848132
-0.0151616634316381
-0.0121240335265577
-0.0190741115474902
0.0336146606337931
0.033454885591335
0.0202105122568409
0.0776382194059313
0.0722072019436009
0.1119303821073172
0.1686293335623386
0.2211887813838818
0.1554723101355613
0.077023305922265
0.1448121935752095
0.0397603329414267
0.0355059352695193
0.110566811991209
0.1568633777002535
0.2006937739689427
0.2150840653672413
0.2608106892989977
0.1945505068532725
0.1043171257063277
0.1255623624485604
-0.0504594571405982
0.0039261930626444
0.1445457143987774
-0.416420957968825

0.159856950532655
0.0451809279052121
0.2045244403356673
0.028055317916574
0.3005396385392702
0.0922296163880539
-0.1441811238812954
0.390734132040661
0.2000654900701574
0.3552423387168596
0.3679382517949628
0.2395184915595783
0.1170106805759682
0.1346680918510937
0.040943708976449
0.414477739438228
0.0862110990970053
-1.216827821251115
1.02115172370923
0.1049878238385214
0.014629766667008
0.3535360561722269
0.3124217449199569
0.2376739618450502
0.0909147429822804
0.4491834767228337
-0.2364291632392003
-0.0522038962129821
0.2667706540652303
0.1076042521303569
-0.1053431676968409
0.1540304058511278
0.0772545958965141
0.1473154687876038
-0.0327520821095392
0.1285403854509047
0.1323579704569406
-0.0194421374267088
-0.2159208825984724
0.3377707827756785

-1.616946749603162
0.1388679552757653
-1.7081858313495468
1.37957871057186
-2.6721549371164954
-0.006317167319344
1.2119216363997298
-1.3576782137852377
-0.3767064163505623
-0.7620227572164483
-0.8035717195018807
-0.458586984917083
-0.3422484803826713
-0.308265027401639
0.2374124127596234
-0.8665384619568669
-0.4866621104303045
2.468291969784894
-1.5245837994350226
-0.4707379137982246
0.1132735570579133
-0.6772434750374372
-0.5731427905051854
-0.5637103278051451
0.031971927263419
-0.9399190083471536
0.2047780352468496
0.0755919205542422
-0.61073824967689
-0.4176306477616368
-0.1883476571220699
-0.7764954249596987
-0.7581670527451385
-1.0436005215594206
0.1526655266494334
-0.836955915756706
-1.0237116219413536
0.0719479296788952
1.659127224335461
-2.624759263645505

-0.0029454040221819
0.001846432866664
-0.0002342806417462
-0.0020142421221043
0.0042639552523547
-0.0012490103708356
-0.0037523936804615
0.00417055001951
-0.0022055592899991
0.0010871475792319
-0.0012405373576119
0.003924858591216
-0.0103834137682403
0.0009612820091907
0.0100284360410639
0.0119305763344406
-0.0031323065632501
-0.0299607279104489
-0.0143802953142808
0.0945862352345547
-0.1282398334455228
0.1482223227751819
-0.2725053490622564
0.8545169791961182
-1.7801900249692757
-2.071515594420465
6.119056479916699
5.790396925930485
-22.505342242598307
21.325584633791543
-9.131391719201526
3.186563748958741
-0.2389700774817855
0.9567130362598356
-0.3607976414025639
0.7333342504934819
0.5517454916918644
-0.1289839285400308
-0.9562932277059046
1.5240097939371813

