-0.0214877567955654
-0.0809834311831882
0.0188787872171005
-0.0370244096718297
-0.0062419261146125
0.0142632860882828
0.0135242103576703
0.0152490746177044
0.0296412801347122
0.0452630504931759
0.0750253320680639
0.0455508929689866
0.0269197755083379
0.0431315442611728
0.0217095156609623
0.0115657520657613
0.019740826840235
0.0631002453649239
0.1120208961945873
0.1098269459977231
0.1528197749942208
0.2302554216518687
0.2899113492102949
0.2013309093627336
0.1187461367151804
0.1222453647916979
0.0814634344216721
0.0816097750086788
0.1313242960461881
0.1681372258217529
0.2113931602225116
0.3545364559541162
0.3562796367921035
0.2719156426725498
0.1618236937265203
0.1558654945318908
0.0293310667225437
-0.0520635925055131
-0.055114944961352
-0.041625395160338

0.3804675711548584
0.0378962435031859
0.2387986520419533
0.0180109807602569
0.1577714862650639
0.0923693338950074
0.0091589628718272
0.069272572454123
0.1692866925383291
0.1896435118873859
0.2519701007051424
0.1282512241190168
0.1647942514721303
0.1284602437556383
-0.1232592480912358
-0.0108023325833919
0.1903974382222879
0.2186106041259035
0.1429814751023068
0.1625339811447753
0.2718129361855591
0.3815168695073156
0.4614881606269172
0.3029589823178586
0.1992626329289985
0.2396799052398089
0.0777658894249668
0.0377465652733171
0.12227552488031
0.1634135968596391
0.1749196494752621
0.1954001369516538
0.2754956492673177
0.2513994400546863
0.0779588970398911
0.2256100326603203
0.0979986408507568
-0.0834904332574343
-0.0847939817161864
0.4539669503927874

-1.833763367223518
0.1838536836324852
-1.5918868515728564
1.0365908342798058
-2.043123313100411
-0.1266806941857992
0.9298913051803216
-0.911259321894373
-0.3841388126895346
-0.554230113475547
-0.7351968418362134
-0.2175433704024841
-0.4413886388085528
-1.2893794681881443
1.6007209395930817
0.2993575274985043
-1.3245922158178718
-0.4217776530068355
0.5061098780061917
-0.689086167851689
-0.4387976923204046
-0.7269175589790693
-0.8894290869012687
-0.7456589635120685
0.076115338972044
-1.17124936806137
0.0174276109177257
0.164219097638811
-0.6070297386156521
-0.630432546107331
-0.4632871156820132
-1.012664062971146
-1.0714691612280292
-1.3230032698034466
0.1424668208784759
-1.19813684351293
-0.9920802514918028
0.209631338572696
1.634243621508
-2.76586620646667

-0.0029300925226099
0.0018801976128789
-0.000353437209984
-0.0018218024966044
0.004468001194864
-0.001825702711649
-0.0042379945440778
0.0060894226787733
-0.0045355588872088
0.003549025508933
-0.0053766901071636
0.0139021682936773
-0.0113681871495284
-0.0626618690626452
0.0184945683212412
0.1136344311166731
0.0659609106878242
-0.1697197380054355
-0.2275819293299199
0.6002879242022328
-0.6286805366100583
0.6081233981014555
-0.9464275574930892
1.8974465118660315
-1.9138676913466064
1.9214901637098576
0.1693178057530278
-0.5913440087411065
0.1871678716949711
0.6284045930485174
0.0840903920098345
0.5190576044906148
0.5053686626789458
0.6362021938809463
-0.070788092685094
0.5398914463166016
0.5342412817361756
-0.0732988717296437
-0.937583370898758
1.5000469287195004

