-0.4614062016184252
-0.0538854686632669
-0.2300099946973028
-0.2722094164713433
0.0738312376192693
0.0962578170444739
-0.0941594493704482
-0.1627608331241777
-0.0267097940010609
-0.1037221225535016
-0.0977812176183237
-0.0731623275937635
-0.0248581161331438
-0.0614178760059044
-0.0222309526804555
0.0505108139305902
0.0283869650276354
-0.0031697299811668
0.0648105229093201
0.0834716066366938
0.1170094321534252
0.1634668753624529
0.0620997498655595
0.0668900034184321
0.1127365954123676
0.0237250272126064
-0.0068921779541936
0.047662416374411
0.0928181419818033
0.1067478034815756
0.1625131105054325
0.1324924317354975
0.1616862506467152
0.1298090523490581
0.0201085472239199
0.0243841557031368
0.0858034235686211
0.1843087579454337
0.0637219802353309
-0.7173031119935197

0.142507098881819
0.2359996240613455
-0.8061523330702839
1.5391648548653385
-0.2530107647789801
-0.5866618073081531
0.3091470066086617
0.5303482660539793
-0.041269233406082
0.3990069277747089
0.3228872378624658
0.3596791621029268
0.0520649759821386
0.4418381453255192
-0.1723812410667553
-0.0011984491786195
0.2880502640260662
-0.3137742989716798
0.4402823620874182
0.1232608580685742
0.3389356228963052
0.3947878954232363
0.1404439366109138
0.0867850789136688
0.6783707870674971
-0.1502458953769906
-0.4309447372064835
0.1682230197285261
0.4136153039372651
0.0436740922586927
-0.1876720809879317
0.223351462403637
0.0490920855467995
0.1671823340915631
-0.0391494525596871
0.1794555947080646
0.1701933855412763
-0.1770851077080923
-0.2470550245547751
0.4112680065867065

-1.4415773579412317
-0.407479841053462
0.1620682530395263
-2.208632597779137
0.5352077873640076
0.7121400679022487
-0.7878830711505498
-0.8167649105806118
-0.120931811353928
-0.8100123922763166
-0.7132769098878144
-0.7393375993372651
-0.0797010285829883
-1.0398459393324224
0.5538510195184811
0.0207637017611535
-0.6928482731839855
0.7595179032843884
-0.7482271407140195
-0.1836576556081578
-0.5695321086335126
-0.6973019788413679
-0.3140829147475554
-0.0517697932748063
-1.0968299503964485
0.121341802054229
0.5498632825400908
-0.3498285694916951
-0.8428994219248536
-0.2312915767604584
-0.1010731983725846
-0.8452718899959912
-0.677860185545307
-1.1186979410822842
0.1501070277425223
-1.1826858578439683
-1.2869575475956023
1.2221969472952183
1.8364236057981924
-3.087706604224897

-0.0002923339639052
0.0004313310720084
-0.0011276415172545
0.0019613651364721
-0.0012190884170048
-0.0006459042338682
0.0012356217356218
-0.0004833169316429
-0.0001319181047624
0.0002934597587044
-0.0004282882184438
0.0010626055082068
-0.0018984354920874
-0.0037346770923485
0.0060569256170324
0.0106630533007718
-0.0092582668593719
-0.0307695743917117
0.064093847780938
-0.0718009240348105
0.0902654745426227
-0.2162085148432171
0.7703850736924825
-1.0363955627590324
-3.003139019935959
1.7704897147641514
7.19628202184945
2.514658101399201
-24.4595947876706
25.22202485435899
-10.726105587323548
3.2414501710940486
-0.1868691952311736
0.8835602805120274
-0.2474642947849069
0.8229967162761123
0.8023020209915085
-0.8225947044867381
-1.2095730163139229
1.9537600160342

