-0.0416437490177185
-0.0749507646786999
0.0043219033016127
0.0048026478793528
-0.0062461728567097
0.0003348030842458
0.0139108093471945
0.0152100122694081
0.0225769097215913
0.0457921088514299
0.0697432365877569
0.0815219801700673
0.0232564737246427
0.0517359986513251
0.0372897242001912
0.0277564547803691
0.0391293833838954
0.0846949574966959
0.1352439130500953
0.1621261588387572
0.2452961941195076
0.2878044899442958
0.14149582945492
0.1278599121520474
0.1034568563425916
0.0475971692881977
0.0468416951587292
0.0907798798112656
0.1421381592512204
0.1473328420580121
0.1755136032896712
0.3367162329030639
0.3229641479649033
0.2788787434765875
0.1365421313612393
0.1958480778572993
0.096677088573371
-0.0300434469317839
-0.0993790987293716
-0.1221786924904002

0.3852254432831371
0.0707885063880766
0.1653105369105733
0.1378655671624952
-0.0001038632923404
0.0079317556402544
0.1098585815605069
0.1080023228838431
0.1041984269779639
0.1922127487925909
0.2403221562728885
0.2282647427872859
0.1135254183487409
0.1775674276338599
-0.0436294493097772
0.0399133823576914
0.2024651086173791
0.2033383955263049
0.1891326386018667
0.3249926088477744
0.4030434804535588
0.4859813088904646
0.199114311850523
0.2523931076677775
0.218602235994461
0.0517040951713768
0.0112040215761973
0.0798382696851573
0.1499167025644842
0.134176103958904
0.1482226400917089
0.1745591378829592
0.25487056162131
0.2530509787867455
0.1121315103298236
0.2058588629023739
0.0567296547883492
-0.127672728471071
-0.05492489832566
0.4298788180640666

-1.7269180203292531
-0.1876573369096766
-0.860409477152976
-0.8547670186706553
0.4552842071033218
0.1552191005441576
-0.7907085186980477
-0.2701228479978321
-0.2695053610668851
-0.6248378831153562
-0.6115541886710686
-0.6744679163465123
0.1096693551986588
-1.512132475537922
1.0600264325854816
0.163723749592802
-0.9981898960706174
-0.1463772507460098
-0.1513486063336137
-0.7019294605065401
-0.6817917067705851
-0.9606046215528742
-0.3699717998553966
-0.2982906258477634
-0.8838811528173202
0.1089274436158331
0.2271254522614602
-0.3761613077956223
-0.6839144513474339
-0.316360302362492
-0.4608551510424328
-0.950352933921865
-0.9448730098719158
-1.3711895824379392
0.1505235907776062
-1.4869860783525366
-1.46978918520964
1.4789018398621918
2.075862141214908
-3.47902672258578

0.018388824454768
-0.0221008948605057
0.0098205952708171
0.0104764574574321
-0.0042439329520203
-0.0077918105916007
-2.6011481298647017e-05
0.0048933200090975
-0.0004803488692072
-0.002474184225502
0.0017489526040318
0.0041715510501811
-0.008761872550506
0.0100311139631759
0.0008111984531674
-0.0067778967153849
-0.0017732217036247
0.0046766450091568
0.0014441552975061
-0.0035768119083003
0.0006881597226549
0.005064030572954
-0.0075207097300155
0.0062677928914677
0.0064578426087872
-0.0047641665187196
-0.006948328282524
-0.0009821636062741
0.0048749044639062
0.0033571958806581
-0.0027320566659388
-0.0014373360696069
0.0006452064712441
0.0001750620222784
0.0070742978738299
0.0179876874606757
-0.0098937751745249
-0.0369348373844183
-0.0220993872527897
0.0567098203089099

