-0.4619321971816674
-0.2078189941500994
-0.1695981813486159
-0.0863319064967026
-0.0927995042184286
-0.0117742425341125
0.0005486288499065
-0.0329134644974136
-0.0761450083649119
-0.0738436160049344
-0.0693156749343013
-0.1020356900451019
-0.1245741433735618
-0.1142235711417706
-0.0466066678353915
-0.1136928570083708
0.0334600040357582
0.0285741504040445
-0.0200472307884693
-0.020418092401888
-0.0023109205210771
0.0114616869413701
0.0176747622415459
0.0402252967602664
0.0360501210940651
-0.0067871312680211
0.0971640867778342
0.0059136091698524
-0.0904554025389276
0.0359033663803275
0.2389416061750295
-0.0790139958809164
0.0748325060389633
-0.0176262725973531
-0.0141980491217169
-0.0966824226018658
-0.0259423400340416
0.2517591911240315
0.1900226086641312
-0.8241140600291096

0.4616451724581322
0.2309030301244964
0.2730209685362334
-0.1242181361298334
0.1145980394154233
0.1988085400692942
0.1909659065507027
0.051256657978686
0.0681324657893582
0.2302752582620825
0.2912114755622078
0.3432466125912739
0.4781948154412679
0.521369252444435
0.1607211287706925
0.496905214828466
0.0840715134197813
-0.1559912959253241
0.0418053793613177
0.2404700593685295
0.1071905231067529
0.1245945329780223
0.2260991391199522
0.2498049207029421
0.1916536164943432
0.0592779137625291
0.2512535632253239
-0.0295590322737709
-0.0910106877466505
0.1524758552513557
0.2167163412106826
0.1103041126108787
0.2616705839538777
0.3166222462223534
0.3048644851625141
0.121576732878494
0.2931092048787111
-0.1318688107053384
-0.2239227950019763
0.6321956114799661

-1.4769572403782167
-0.745634737862635
-0.7049172685117432
-0.0038026913910226
-0.7738584486062431
-0.1369813378313766
-0.004951250325479
-0.0368821863228681
-0.3927571280707162
-0.5131551646462406
-0.2846024775097547
-0.659283482046391
-0.7020554093826619
-0.8213725737241855
-0.145094536833561
-0.9996656982657144
0.1980720893930075
0.3521055510205183
-0.3480509997109161
-0.5274258079134182
0.0040637072919404
-0.4410963427009827
-0.5129406676041807
-0.6397686296075916
-0.6441509117848968
0.2062141351931165
-1.0597019909496064
0.0439585711383893
0.2306192043770935
-0.4272437348974197
-0.7421074948614398
-0.3170380920290384
-0.9008672737156916
-0.9631585627286794
-1.1532325023154204
0.2905231929759177
-2.415457952266209
0.7300136033339318
2.461445978943172
-3.250630956047438

-0.0021605906213869
0.0013069472601337
-0.0010389284251283
-0.000185430349314
0.0025730259353373
-0.0016242797813812
-0.0015237987242462
0.0009848946652464
0.0011495587695581
-0.0009556730699686
-6.58057821905173e-05
0.0004286653409055
-0.000539843736171
0.0010398220453174
-0.0019013552217573
-0.0041456236846893
0.0142309499994685
0.0058871505396775
-0.0237187103076183
-0.0213941044123487
0.081594411553322
-0.1001906129044032
0.1079855708747366
-0.1920160699713562
0.6047792511423502
-1.176877357295162
-2.54951769472695
5.929665408467882
6.061145083772551
-22.34081160610743
21.050600842020717
-9.001163213491754
3.1516669769084933
-0.2166820364311784
0.9384365785036748
-0.4629928589645711
1.5666684487044815
-0.4298543833863449
-1.514721695156827
1.8933691578014231

