-0.0506554767469109
-0.0605901704880321
-0.0051247125113444
-0.018503678708036
-0.0083442162369807
0.0029684298581864
0.0135722944324661
0.0096016005184556
0.0121842089793442
0.0262481608121404
0.0349822188804816
0.0577080979295964
0.0883670135727315
0.1150712156589331
0.0548082155281292
0.0500919634913248
0.031552811673059
0.0366973739297152
0.0922412476088731
0.0959536145663719
0.1172586976530595
0.168382104034613
0.2481288287610329
0.3187855890064023
0.2455684628667144
0.1109319274420903
0.1506037646500571
0.1009234886859835
0.0888650204687195
0.0971810133071835
0.1537288443705731
0.3216634706630835
0.2420416113324109
0.3164916752675037
0.2040861615024669
0.1288760904610992
0.1806625160480923
0.0498782160345215
-0.0845153386127136
-0.1880655424099772

0.3628098084407697
0.1815454044704149
0.1319831725797634
0.1201628769510469
0.0846669824283637
0.0361213348762278
0.032758631888586
0.0095484925290639
0.0416691506657062
0.1348630980654057
0.1246416877279182
0.1539742040668993
0.2407011273916952
0.2946021999885477
0.099950137145899
0.0862615005060909
0.1614674097434161
0.1374694443808079
0.1240417452070502
0.1546168829419074
0.1771856136477106
0.2989233887356196
0.3900998120539365
0.4864641510713666
0.3493275581844846
0.1975920804704707
0.2263715322721744
0.092741751089833
0.0420402526301091
0.0849089422657436
0.1610385312727081
0.1353648087224631
0.2116280124539485
0.2667694395638839
0.2495346199126364
0.1297371468525484
0.0940234887818278
-0.0289592703632626
0.0010425995968529
0.3294720268149957

-1.593665300746119
-0.7752846545013609
-0.5419281713309454
-0.510447213234468
-0.6774420609347026
0.2182814357601089
0.0059285087310786
-0.0721447707522326
-0.2126150168161009
-0.5973446553377747
-0.0493374023989109
-0.5315687214580554
-0.5030796596822842
-0.6455542868550699
-0.1897335084050118
-0.0477806994282077
-0.88423670047636
0.1764262719445493
0.3712246469304982
-0.9416483443840516
-0.1358571961288407
-0.561628498916568
-0.8006740701751658
-0.9558182447131592
-0.9191221048594908
0.1522424752668377
-1.2958853425143086
0.0063589836446157
0.1525345567297871
-0.5293270217807994
-0.6844974124206346
-0.5062535370136824
-0.9875069956206004
-1.1108064239999549
-1.286707820551662
0.3060136315863748
-2.6309959968716203
0.7402667812872407
2.610376262798789
-3.355844550630924

-0.0021662031395868
0.001250281420541
-0.0008612840689018
-0.0001871522909695
0.0020364406757934
-0.0018607808333068
-0.0009172392418349
0.0019511763463899
0.0007943025299813
-0.0032137907727711
0.0026945337711818
-0.0010298314160409
-0.000475558206963
0.0044006843869434
-0.0361819579755236
0.1644632125465336
-0.1367133392972997
-0.2525924479957102
0.2249147923674763
0.5391446907860085
-1.1021722958961528
1.0696160164856825
-0.9619904976619772
1.2771860100748629
0.0162155771713968
0.563249601520442
0.2945438442995458
-0.1135983854983061
0.0182987963440067
0.3673925818922566
0.2452615102680942
0.2539932025289381
0.4778492255647177
0.5268227108985363
0.6190657080208648
-0.1725020397281418
1.3824938271170155
-0.4560812358120868
-1.4687625429289477
1.9027439769114207

