-0.2918938081498387
-0.1458349671248471
-0.088532831778657
-0.2159404489746554
-0.0495196760157925
0.0863125477377236
0.0513249304025596
-0.0602317791757313
-0.0691372228925987
-0.0129426855561967
0.0068026205075431
-0.0178360068213492
0.000553933144175
0.0227707263169735
0.0050429476662787
0.0015272988218535
0.0162194282344574
0.0127740127421778
0.0844789996520948
0.0769500859055127
0.0593275126454078
0.1367528844425365
0.1869891624414774
0.2453053568532393
0.1978794870242139
0.0755629725940087
0.1527166516682766
0.0501033927137411
0.0222287447149542
0.118348180753111
0.2273357191765832
0.1155499643738723
0.2086894282228938
0.2080432386991514
0.1734262032497723
-0.0338850516427372
0.2102969814730314
0.2378441658388603
0.0184265238173513
-0.6024820854560237

0.1311630699878821
0.2473165318479361
-0.3542657471078748
1.031834090423127
0.0319732397277776
-0.7135406052017872
-0.2146098549393469
0.8092498866578339
0.3834622403144826
-0.2669759306094075
0.2234693560486164
0.3170624874626441
0.2363546445087838
0.3878539456813175
-0.1892884827253233
0.7765954395814405
0.4876750283143032
-1.7780262043482482
0.7074137053937453
0.9636903915440936
-0.6378208683000158
0.4834544485246458
0.2242854631547662
0.3745413793998244
0.2510082376148969
0.1525092111773237
0.2110675218305921
-0.1569037008364211
0.1620079041044705
0.3044875178625746
-0.416548394797935
0.3007604863250925
0.0139081102573471
0.1349064703662201
0.1281823595170715
-0.0350909001949972
0.3102948923372609
-0.094517145587418
-0.3319633246717371
0.4221132343940487

-1.4078278575683167
-0.8103405639093922
-0.4872434603769645
-0.2400308548677388
-1.7535601405997674
0.7231987033436565
0.8537297265380479
-0.7602965332839716
-0.9149505739442064
-0.0407812505178196
-0.1873792612575577
-0.6932486931089602
-0.4577758016838307
-0.7469665134428051
0.3779077998154034
-1.3782328018120975
-1.2123703260560768
3.411736819151117
-0.8260095040320329
-2.0237769973701307
1.1313340746956206
-0.7872914203940715
-0.4838796874301908
-0.7358703894590908
-0.6413572312150014
-0.0691640055000505
-0.683135114604874
0.1124254340463727
-0.2754642126972941
-0.5623234985042608
0.1461809796823799
-0.7192798509893036
-0.6105593319764725
-0.8863976129735434
-1.0151379464095474
0.2559675505016175
-2.195101275136577
0.6834947955945528
2.3127725253856206
-3.149809441570584

-0.0021929534937623
0.0013201190311289
-0.0010301884427726
-0.0002096266321283
0.0025328222539378
-0.0016105909847039
-0.0014463939732771
0.0010465322078672
0.001056089111541
-0.0011512769134933
0.0003116732512723
0.0001053396184707
-0.000296053129581
0.0008824304816674
-0.0038107214602805
0.0090844680655572
0.0012234651482616
-0.0139914544197327
-0.0042107539189579
0.0205621975691368
-0.0020138064527139
-0.0257035211391678
0.0493411550920189
-0.1181372220602513
0.5662486555946744
-3.278725104989348
6.821122917357799
4.38897502963853
-25.070622598138986
25.77474301768491
-9.808928805417072
1.3734184643083625
0.8406787762246875
0.3203881683103876
0.7315325557318766
-0.3055758035528534
1.5078428880380643
-0.4729389349732116
-1.5126013019896374
1.9200578118481173

