-0.0401410221603849
-0.0758529708150076
0.0011871928303063
0.0047872203629718
-0.0040409352849136
-0.0004334380463683
0.0097555695174193
0.0101852297533542
0.0152194009576151
0.0296249207146002
0.0440150481426477
0.0684760173773945
0.1008935735914128
0.0745702206375134
0.0374787204206637
0.0486375733683809
0.0222077442932336
0.0439737590069133
0.1035801959921854
0.1103030584145532
0.1408702023226092
0.2121438092597629
0.2900199143446733
0.2897230943280663
0.1185239394290725
0.1464230101123431
0.102320011258062
0.0766911517943803
0.1148626275779625
0.1505306546074799
0.1939947931795394
0.3333336987549513
0.33178528847501
0.3036949324177771
0.147625875514508
0.1944331270957458
0.0967182715805247
-0.0286308535190245
-0.0928672461443123
-0.1187057016958942

0.3871979877805228
0.0613732845779554
0.1526091997871556
0.1358735353257161
0.0169379841477956
-7.374643405913428e-05
0.0616276338235334
0.0468685412559461
0.0602756647480159
0.1425615391692586
0.1364349625711551
0.2066173981557575
0.2593080800043612
0.2304238491826962
-0.004575809921938
0.1092382554974624
0.1612996002424549
0.1358469191844351
0.1329780764564104
0.1921863221833287
0.2301599431280394
0.3623411800452845
0.4548138172836685
0.4508301850622047
0.1520408957095549
0.3030874373258144
0.1350709701684075
0.0216422462058779
0.0808568025987253
0.1515355916450541
0.1814734748181419
0.160740091716848
0.264908007367667
0.2730218797056293
0.1289928655702362
0.2066652743202149
0.0664730018960086
-0.1273532775083895
-0.0606533272565749
0.4341334618179736

-1.7423708075888904
-0.1173127543079459
-0.8463142062003373
-0.970320553560463
0.3835414430065336
0.4560820542516418
-0.4971419232670136
-0.4867065561934428
-0.0351604130806781
-0.3513515184679142
-0.399455015863078
-0.534790597416363
-0.5598923821756094
-0.6016094619525787
0.2811273766000328
-0.5090607499303013
-0.5704451767237517
0.2057518790761046
0.1263215552770994
-0.9211126433705972
-0.1338287053711766
-0.7948899532907818
-0.8354587593806031
-1.0528552821726214
0.0568743786310189
-1.182857197197321
-0.1783193950010053
0.2970459189396137
-0.500687879597479
-0.7243984885455647
-0.3480136423712683
-0.942963691943796
-1.0184872158329707
-1.3625294767292246
-0.1962118363623461
-1.0460600428640354
-1.6897884226005966
1.3227445350347729
2.1604768693009766
-3.4571525647010146

-0.0001929075373086
0.0003200164542169
-0.0012087304869626
0.0026991073817598
-0.0010872244255133
-0.0021445635569192
0.0005408500312049
0.002082848909474
-0.0001676506440465
-0.0023957531281927
0.0026374937275492
-0.0022087900193246
0.0028046846321009
-0.0035797134099847
-0.0218969865460604
0.0825361338506175
0.0080724347339998
-0.1476183138245268
-0.0505768608246092
0.4052916766295323
-0.5267850133178232
0.5021457017179014
-0.6581115199448982
1.3374815551129993
-0.8180306094916205
1.3713698804233567
0.0089418853162857
-0.4027841762688872
0.2253522961577985
0.5249476394941485
0.1019830112764345
0.4561695021867517
0.4899983265082353
0.6539755162663473
0.0627468760306836
0.6323839434201406
0.6695573511577299
-0.7075399251880866
-0.9696639825900516
1.7620774441247946

