-0.3163513224421599
-0.0248823754757692
-0.1639589363924103
-0.1973766445064985
0.0192796465691985
0.1017355852995969
0.0263985341217285
-0.0837708506682479
-0.0684417900119728
0.0010601808893268
-0.0105340318260144
-0.0211517166056735
0.0032870382112967
0.0186416224883462
-0.0326963711647109
0.0255677294575329
0.0259220407209601
0.0203926592324491
0.0782484973844663
0.0764517410277488
0.0913800443567151
0.1646160472930415
0.2151061344931084
0.2325442699196821
0.0685025201392813
0.1579998906208886
0.0752489476394635
0.0282812867715682
0.077391172845164
0.1508957662604277
0.2054056807109637
0.1822576749077709
0.2442397904904353
0.2321012071027088
0.0563138512892661
0.1073279259120161
0.1443272736176182
0.123467997000452
-0.0170790310985536
-0.4933074601440426

0.1510506581004342
0.2531677847148935
-1.054920012977544
1.9835642957330577
-0.1461884535027128
-0.9874679682661512
-0.1601080105490546
0.9262910646053688
0.2678302267058666
-0.2381776068281635
0.4129446568706005
0.247733899920819
0.3403207804177158
0.2506502662640621
-0.2238184852320452
0.8700263464725727
0.2143602022542
-1.504851749877084
0.8954902071149466
0.4467209780252836
-0.241604166517023
0.4309079898784774
0.2723578595624993
0.3854817155006838
-0.033684218232881
0.5943555325382534
-0.1740670162581546
-0.1768356199722885
0.2568378433906427
0.2296522995017908
-0.2372592469238581
0.20426724039306
0.0562259197721076
0.1543336031525647
0.0048728355173558
0.1158294336465469
0.2132008507801241
-0.1595215457367587
-0.2806041812157538
0.4291289545960654

-1.537182613505532
-0.266768293475723
-0.3148874865655976
-1.111931384927741
-0.7648317561203093
1.0255558211626077
0.3495725927524759
-1.158382464693806
-0.6118312556865664
0.1453764858512591
-0.6997237076232085
-0.5592547338663141
-0.6437055948635811
-0.5207340672630544
0.4992113398470137
-1.6204575145759363
-0.6520574365300449
2.9664603457338528
-1.2895139240804423
-1.112678676270552
0.5773368935469307
-0.8095847628872169
-0.5155201579217257
-0.8062588981513947
0.0730701867190884
-1.0270417300863277
0.0824460558342283
0.2356010351901192
-0.5791581861926169
-0.5535877060204569
0.0049573536746427
-0.7885364606914564
-0.7033028382554499
-1.070960767261902
-0.1274460232955886
-0.8015048602765069
-1.491855832963468
1.1357281872321416
1.968565346048177
-3.2177681857967744

-0.0002446165134312
0.0004812018757779
-0.0015217487048531
0.0025568233907106
-0.000721105179906
-0.0016980392998871
0.0004455473597247
0.0012969686619755
-0.0004799055576152
-0.0005841094079038
0.0006268215760132
-0.0004153385848208
0.0004083315764473
-0.0002574145520018
-0.0051767519978499
0.0168274229384086
-0.0002943082625156
-0.0259632852156905
-0.0069085075128467
0.0672339275034641
-0.0872877953583385
0.0822184110513837
-0.1086218620317821
0.2679783952278223
-0.3288183278787293
-2.8950857389403035
6.264047094559868
5.248400722807335
-23.353806211310182
23.461458570550388
-10.36621293652632
3.315203907919093
-0.1937542168974013
0.8785765447947597
-0.0796689585690637
0.6422183948660257
0.876281344087227
-0.7628884208492417
-1.218782692648558
1.9326771660604465

