-0.4865198748423377
-0.0735537352243857
-0.2603890060857519
-0.0546568239218613
0.0329653685796136
0.0106749531422992
-0.0571035950158779
-0.0865969646548889
-0.071569660320221
-0.0525316433473102
-0.1092391979714634
-0.1197520939243178
-0.1428930414240423
-0.0577469038114074
-0.118330422114945
-0.0540652001353536
0.08570104734572
0.0067809253845928
-0.0553983472584
-0.0107084191331274
0.0109509820878003
0.0006567603192024
0.0227256626182317
0.0432211957523942
-0.011879124684214
0.0403425572728189
0.0509048246668469
0.0014419055951062
-0.0273413046073565
0.047876195553652
0.1497828069455868
0.0057616732844162
0.060328004750296
-0.0102896625291067
0.0171519270760592
-0.1053822770085168
-0.0236080822474186
0.2326629623401516
0.1773402253389129
-0.7901254505400626

0.4779591651169934
0.1224507216829656
0.2445514048651451
-0.0860453187972971
0.0183267595771653
0.1659168374022089
0.2181071457557397
0.1067892897917892
0.1058416430491663
0.2526592562862759
0.3430569080771378
0.4215303892630517
0.5513060714582391
0.2913668040079309
0.3084375916045759
0.3700381123531402
-0.1038716510429228
-0.0897008784776296
0.1769120117399338
0.2275422957969103
0.075011739855046
0.2178835355375347
0.2381300318132772
0.2467400131964936
0.0483144291194958
0.196537486076798
0.1086232154045716
-0.0569964792842472
0.0077121380036844
0.1853027051792888
0.1656676655703466
0.1931140191106825
0.2995232033299952
0.3391911623914698
0.1179435135318283
0.3047512990088162
0.1304916162178623
-0.2218013865579893
-0.1610769427024556
0.6534118212220263

-1.602578717769159
-0.1444384718775021
-1.0632956818765216
-0.2085849315235887
0.1753267338629877
-0.0515054825510537
-0.4924713425033527
-0.3213869329350582
-0.2227022910303226
-0.3988198300179419
-0.6005842370358024
-0.6796098077647819
-0.8661272573342587
-0.4262113967543555
-0.448656336744251
-0.8735780838868507
0.7883644156265985
0.0135416098885876
-0.6853771420924684
-0.1820541499901763
-0.1993242450321155
-0.5360121573106588
-0.5488470493169485
-0.7113541942344789
0.0409413552308594
-0.7142201508633164
-0.2829379639623183
0.2648709962122541
-0.2976147509839337
-0.6019232674284988
-0.3700984982451453
-0.763183708887043
-0.8972746767326131
-1.1974560563066217
-0.1661194867706066
-0.9265629663105976
-1.571759410210699
1.2416020692341942
2.052483923697479
-3.327638465534412

-0.0002378784005498
0.0004807698162518
-0.0015458524259699
0.0025668559313034
-0.0006750071340758
-0.0016686265311881
0.0004009624307157
0.0011869533565512
-0.0004715902563414
-0.0002554376022912
9.868947730322672e-05
0.000233260378787
-0.0007474290822958
0.0025658548754289
-0.0057286866411665
-0.0004098424174615
0.0044706645848359
0.0097111257665684
-0.005566162999224
-0.0303564134221646
0.0584017981942699
-0.0705166268878272
0.1115286114387451
-0.3373267279145885
1.2425748697093102
-1.4665793523734758
-3.0513287484577543
3.484563849715882
8.200783692340927
-17.230250806568172
13.25917313652374
-4.811801835108205
2.1124118548372754
0.0520744270539979
0.560465377518659
0.0631710802572154
0.9835874228347788
-0.6016079080383194
-1.195703569965753
1.852486963488804

