0.1716959106451966
0.0385547436873841
0.1478913314057732
-0.0193625762258019
0.137674103184341
-0.0040479076079239
0.0114781926043946
0.0261901445440572
0.0740295243286809
0.0736808902290735
0.1114321942510077
0.152776810813013
0.200362775520534
0.0675726428906717
0.1043863367167571
0.2286135221758014
-0.2165661006566258
-0.0886051366609774
0.3882664667912529
0.1012121285413538
0.0106466067781767
0.2191158527448449
0.2754978514846348
0.3295859048936122
0.4530961275487092
0.0531427362989549
0.174940696640849
0.6386924179827471
0.0784891302835551
-0.7503916873804444
-0.1934124169105161
1.6805075918616383
-0.6394428459007341
0.2160276527514797
0.3680213454050502
0.2251134231517125
0.3171781728236363
-0.0321875296648069
0.5232251099203078
-0.2919495774980631

0.3509950642060107
0.1826825035889887
0.2462399619239923
0.1054794662515571
0.1115304882320259
0.0690170641524088
0.041634814059851
0.0362629489990417
0.0735230247990438
0.1301846683262642
0.1461067494418299
0.1980609122166712
0.2455106726240702
0.1253285421580492
0.0231315879753158
0.0594559857564949
0.1029429325236258
0.1093359249770321
0.1050146550225733
0.108839159132285
0.1120567329948875
0.199725877702309
0.2804289488142343
0.3677905651000523
0.3775083007143044
0.1813817460259087
0.19069686684825
0.1521261624307612
0.0694565916156669
0.0126481264860305
0.0133592534608992
0.0441816152594479
0.1266210583392872
0.1518380237312234
0.1661464397938929
0.2333728351926659
0.269873170479923
0.0757367554652726
0.083286057377373
0.2842299304669188

-1.5368974069661647
-0.7183423793819754
-1.1885195441571204
0.0309402098544145
-1.1619201510511328
-0.0799508458477054
0.2145907485255465
-0.1887144751789395
-0.4521622644504668
-0.2996141041475873
-0.3933482629161935
-0.5472186813598658
-0.5203228087534734
-0.4527629309601246
0.2641109168598771
-0.3020431922764502
-0.6280334465807569
0.1669047404610495
0.3647345116676045
-0.6280288547781141
-0.2524598327442221
-0.2978689746671081
-0.613406050721679
-0.7166313568258775
-0.9427959353135112
-0.1889449905175711
-0.5174173914727358
-0.6841596057120445
0.0146437920297094
0.251253288558385
-0.2235126820998501
-0.6602064218528005
-0.4270046829716198
-0.3712394592100532
-0.8450605142886036
-0.9547510944384529
-1.0696407660758716
-0.765229084516599
0.7009214144862138
-1.985287562218912

-0.0088345262468864
0.0046962677599345
-0.0021396487136174
0.0015533381365458
-0.0006176986175331
-0.0005729095063301
0.0005805688242025
0.0011298099200792
-0.0034277834366832
0.0041637942720352
-0.003411675502827
0.0029798610091626
-0.0039264258951027
-0.0145613448088829
0.1917795986578483
-0.2768999017519997
-0.3029801631202234
0.2512275077640717
0.7144363815023256
-0.0757403701654885
-1.8127757534189
2.506659608775826
-2.104383993415732
1.7924395458781848
-0.0487576363252805
0.741977997367815
-0.2517786596580622
0.5750859653046275
0.0366249268658027
-0.13636816263235
0.1236755781641391
0.3141699250593667
0.2059601995151967
0.2293964799438262
0.4020532490048721
0.5085984063339007
0.5009162465313289
0.5315447182311607
-0.6993286625830717
1.2811091873147338

