-0.4708678423293743
0.1274281244091191
-0.0935116649409898
-0.1681695371210518
0.0708541321024242
-0.0118201178083901
-0.1346127721866034
-0.0796398485524013
-0.0907716159082568
-0.1154260751653917
-0.0969442648311349
-0.0309788487408673
-0.0574705057369117
-0.0414783013080025
-0.0183864629054371
0.0607377591919496
0.0282546574938839
-0.0189023449925922
0.0609498483269136
0.0597460123261291
0.0883811640080114
0.1291835539682042
0.1717527069930849
0.0538218523175503
0.111661783325552
0.0931188419115582
-0.0067940931014755
0.0439144475606346
0.1188990873349401
0.1161534402275194
0.1770700246754709
0.1763772099271255
0.1937385651990121
0.0552573402875067
0.2036194416672951
0.0257796245930333
-0.2499056898158745
-0.0311250070893661
0.3845158145433794
-0.6799985572970227

0.9557625006532812
-2.219025858436188
0.3194508707591695
2.448331936276904
-0.6467936613654435
-1.0167219102440526
0.6385748113149481
0.3747961424717085
0.1245513056045135
0.4027184063269924
0.3655118297918888
0.038985615348636
0.417007785215908
0.0673041698615378
-0.1357381021112985
0.2368669773977563
0.064598857813239
-0.6793187337888609
0.8815350670573825
-0.1162746248223659
0.2846136985151736
0.3066646503111004
0.4147134853865581
0.0399102651005488
0.455923979523268
0.1955865570341592
-0.3242749818075418
0.1146642740557616
0.311029666452374
-0.0093172521901306
0.0262442690630806
0.1245478791045993
0.1069542142945491
0.130274780146014
-0.0494731375424897
0.1502683751942146
0.081959947136261
0.0085714715232581
-0.1788018654580048
0.3040921057906711

-2.5973944406963367
2.742879886328009
-0.42962767427153
-2.488709832817671
0.4126285903803146
0.6719897252414191
-0.7782912064435753
-0.6259422156148442
-0.5118830139053965
-0.7937985946647914
-0.821025464552277
-0.0531793343536535
-0.9601169975755576
-0.1482757376403952
0.5827254468371609
-0.5290175411209787
-0.446741051293225
1.4874806535010308
-1.3341006367647714
0.0122418524111706
-0.3941828773659611
-0.5790193014815923
-0.7589657833667175
-0.184240415680624
-0.5685697345147704
-0.541741121005116
0.3534103026554126
-0.2061771659169226
-0.7107295413240591
-0.2637478451199064
-0.4505549083517183
-0.8042727446490913
-0.8624616412161729
-0.9511776644380834
0.3416527495748708
-1.0417119644298054
-0.709022471977429
-0.1117685809508696
1.4285559925842488
-2.372326020582404

0.0016194724133469
-0.0027777330846316
0.0001224067296107
0.0013229826644929
0.0008693794400426
-0.0009860756753356
-0.0008753222039027
0.0012412769428749
-0.0006589406737313
0.0003421873522818
-0.0005743498559921
0.0027406707963949
-0.0069660044281422
-0.0017853946480994
0.0049688335104976
0.0110548569802372
0.0037652086086107
-0.0211054901240543
-0.0216984173341129
0.0768991848107832
-0.1009634597459613
0.1364903835763226
-0.3249644324746668
1.1785166854956517
-2.2196198647631395
-2.297453905625297
5.396806586813394
6.964819254760851
-20.73095015973622
17.964616302624513
-7.236142099075239
2.7635648669744515
-0.167680875885343
0.9662336482809624
-0.5811195523659696
0.8177186517451109
0.4496448648532429
0.0052692004523383
-0.902186775700478
1.4464641109219798

