x,y
721,844
721,844
721,844
721,844
721,844
721,844
721,844
721,844
721,844
721,844
721,844
721,844
721,844
721,844
721,844
721,844
721,844
721,844
721,844
721,844
721,844
721,844
721,844
721,844
721,844
721,844
721,844
721,844
721,844
721,844
721,844
721,844
721,844
721,844
721,844
721,844
721,844
721,844
721,844
721,844
721,844
721,844
721,844
721,844
721,844
721,844
721,844
721,844
721,844
721,844
721,844
721,844
721,844
721,844
721,844
721,844
721,844
721,844
721,844
721,844
721,844
721,844
721,844
721,844
721,844
721,844
721,844
721,844
721,844
721,844
721,844
721,844
721,844
721,844
721,844
721,844
721,844
721,844
721,844
721,844
721,844
721,844
721,844
721,844
721,844
721,844
721,844
721,844
721,844
721,844
721,844
721,844
721,844
721,844
721,844
721,844
721,844
721,844
721,844
721,844
721,844
721,844
721,844
721,844
721,844
721,844
721,844
721,844
721,844
721,844
721,844
721,844
721,844
721,844
721,844
721,844
721,844
721,844
721,844
721,844
721,844
721,844
721,844
721,844
721,844
721,844
721,844
721,844
721,844
721,844
721,844
721,844
721,844
721,844
721,844
721,844
721,844
721,844
721,844
721,844
721,844
721,844
721,844
721,844
721,844
721,844
721,844
721,844
721,844
721,844
721,844
721,844
721,844
721,844
721,844
721,844
721,844
721,844
721,844
721,844
721,844
721,844
721,844
721,844
721,844
721,844
721,844
721,844
721,844
721,844
721,844
721,844
721,844
721,844
721,844
721,844
721,844
721,844
721,844
721,844
721,844
721,844
721,844
721,844
721,844
721,844
721,844
721,844
721,844
721,844
721,844
721,844
721,844
721,844
721,844
721,844
721.03515625,844.203125
721.015625,844.203125
721.0546875,844.2265625
721.04296875,844.0078125
721,844
721,844
721.015625,844
721,844
721,844.0546875
721,844.015625
721,844
721,844.12109375
721,844
721,844
721,844
721,844
721,844
721,844
721,844
721,844
721,844
721,844.32421875
721,844
721,844
721.015625,844
721.06640625,844.5390625
721,844
721.03125,844
721.07421875,844.06640625
721.1015625,844.12109375
721.11328125,844.1640625
721.140625,844.1640625
721.1796875,844.125
721.1484375,844.15625
721.12890625,844.171875
721.2578125,844.8046875
721.2578125,844.5
721.1875,844
721.50390625,844
721.34765625,844
721.36328125,844
721.29296875,844.5
721.21484375,844
721.265625,844.0078125
721.12890625,844.16015625
721.16796875,844.1015625
721.171875,844
721.234375,844.203125
721.26953125,844.06640625
721.26953125,844.0625
721.28125,844.01953125
721.28125,844.0390625
721.23828125,844.234375
721.21484375,844.5
721.2734375,844.08984375
721.2265625,844.5
721.31640625,844
721.296875,844.5
721.33203125,844
721.28125,844.5
721.31640625,844.0625
721.26953125,844.5
721.34375,844.15234375
721.3359375,844.5
721.4921875,844
721.51953125,844
721.3828125,844
721.27734375,844.5
721.33984375,844.5
721.35546875,844.0234375
721.3359375,844.5
721.3515625,844
721.34375,844.5
721.34375,844
721.20703125,844.59375
721.21875,844.13671875
721.171875,844.5
721.1328125,844.1328125
721.1328125,844.5
721.21875,844.0703125
721,844.47265625
721,844.5078125
721.05078125,844.12109375
721.0234375,844.47265625
721,844.53125
721,844.203125
721,844.59765625
721,844.2734375
721,844.37109375
721,844.3828125
721.01171875,844.328125
721,844.37890625
721,844.3515625
721,844.3515625
721,844.5546875
721,844.10546875
721.015625,844.75390625
721,844.484375
721,844.59765625
721,844.3125
721.00390625,844.5
721.01171875,844.08203125
721.0078125,844.5625
721.01171875,844.171875
721.1328125,844.5
721.26953125,844.1171875
721,844.1640625
721.03515625,844.33984375
721.0625,844.3671875
721.140625,844.5
721.05859375,844.0078125
721.13671875,844.125
721.0390625,844.41796875
721.0703125,844.36328125
721.0546875,844.35546875
721.078125,844.34375
721.09375,844.38671875
721.03125,844.296875
721.07421875,844.234375
721.11328125,844.16796875
721.16796875,844.5
721.171875,844.1171875
721.0703125,844.5
721.08984375,844.1484375
721.0859375,844.60546875
721.13671875,844.22265625
721.08203125,844.5390625
721.08203125,844.2421875
721.10546875,844.5
721.44921875,844.0234375
721.34765625,844.5
721.265625,844.015625
721.40234375,844.5
721.63671875,844
721.34765625,844.51171875
721.67578125,844
721.57421875,844.3984375
721.6015625,844.44140625
721.58984375,844.1171875
721.65234375,845.1875
721.625,845.046875
721.6328125,845.0625
721.70703125,845.03515625
721.921875,845
721.87109375,845
721.84375,845
721.8515625,845.02734375
721.84765625,845.01171875
721.73828125,845.20703125
721.65234375,845.2578125
721.8046875,845.19921875
721.79296875,845.265625
721.82421875,845.36328125
722.34375,845.02734375
722.29296875,845.0625
722.25390625,845.23046875
722.33984375,845.23046875
722.33984375,845.234375
722.359375,845.2265625
722.359375,845.2265625
722.453125,845.1796875
722.4375,845.203125
722.5,845.375
722.5,845.37890625
722.39453125,845.5
722.34375,845.20703125
722.30859375,845.5
722.65625,845.00390625
722.67578125,845.24609375
722.68359375,845.19921875
722.55078125,845.58984375
722.63671875,845.2578125
722.8984375,845.19921875
722.86328125,845.203125
722.84375,845.21875
722.87109375,845.19921875
723.02734375,845.19921875
723.15625,845.19921875
723.234375,845.19921875
723.23828125,845.19921875
723.421875,845.2109375
723.5546875,845.234375
723.62890625,845.19921875
723.65234375,845.19921875
723.5625,845.2578125
723.5703125,845.26953125
723.23828125,845.54296875
723.38671875,845.19921875
723.0625,845.69921875
723.1875,845.23046875
723.05078125,845.69921875
723.19140625,845.2578125
722.97265625,845.69921875
723.15625,845.19921875
722.92578125,845.69921875
722.546875,845.69921875
722.890625,845.19921875
722.76953125,845.546875
722.57421875,845.53515625
722.8046875,845.3203125
722.5859375,845.65234375
722.74609375,845.296875
722.60546875,845.6796875
723.12890625,845.19921875
723.2109375,845.28515625
722.98046875,845.47265625
722.8828125,845.69921875
723.04296875,845.265625
723.19921875,845.5078125
723.2890625,845.2421875
723.328125,845.6171875
723.5859375,845.3046875
723.546875,845.69921875
723.578125,845.44921875
723.5859375,845.69921875
723.609375,845.54296875
723.9140625,845.36328125
723.8125,845.69921875
723.85546875,845.4375
723.83203125,845.69921875
723.8984375,845.34375
724.20703125,845.43359375
723.890625,845.69921875
723.9375,845.3671875
724.18359375,845.4921875
724.18359375,845.5078125
724.08203125,845.27734375
724.18359375,845.51171875
723.9296875,845.39453125
723.50390625,845.6953125
723.3671875,845.38671875
723.13671875,845.85546875
724.0390625,845.39453125
723.796875,845.69921875
723.58203125,845.5546875
723.48046875,845.52734375
723.828125,845.3125
723.56640625,845.6640625
723.18359375,845.6484375
723.359375,845.6015625
723.546875,845.54296875
723.9296875,845.34375
723.18359375,845.9453125
723.18359375,845.4453125
723.18359375,845.875
723.19921875,845.3125
722.7890625,845.19921875
722.2578125,845.19921875
721.75,845.19921875
721.95703125,845.19921875
721.8828125,845.19921875
722.35546875,845.19921875
722.25390625,845.19921875
723.46484375,845.19921875
730.75,820.5
732.609375,819.5
736.1953125,818.5
738.25,827.25
743.6171875,825.0078125
748.8125,821.75
754.015625,818.88671875
760.05078125,815.27734375
766.16796875,812.08203125
773.19921875,809.12890625
779.0859375,806.90234375
785.7578125,805.34375
793.7578125,803.76171875
802.390625,803.26171875
811.890625,801.9609375
820.890625,800.64453125
829.890625,798.3203125
838.890625,796.21484375
847.890625,794.0078125
867.6015625,789.9375
876.6015625,790.1015625
885.6015625,789.1015625
905.82421875,783.6640625
914.82421875,786.03515625
931.5625,783.03515625
945.53515625,781.03515625
960.5,782.5
972.921875,780.69921875
985.01953125,778.890625
996.546875,777.390625
1007.96484375,775.58203125
1019.26171875,773.984375
1030.58203125,773.29296875
1041.08203125,772.88671875
1050.4921875,773.109375
1057.9921875,773.40625
1065.4921875,774.57421875
1071.60546875,776.07421875
1077.40625,777.75390625
1083.5,779.92578125
1089.71484375,781.92578125
1094.15234375,783.40625
1099.65234375,786.09375
1103.1640625,787.09375
1106.94140625,788.66796875
1110.44140625,790.3359375
1112.80078125,791.48046875
1115.30078125,793.0078125
1117.80078125,794.640625
1119.30078125,795.90234375
1120.609375,796.8046875
1122.15625,798.46484375
1123.65625,800.13671875
1123.9375,801.328125
1124.4375,802.515625
1125.41796875,804.3984375
1127.03515625,807.0546875
1127.53515625,808.69140625
1127.80078125,810.69140625
1128,812.52734375
1129.5390625,815.02734375
1130.0390625,816.8984375
1130.6171875,818.8515625
1130.98828125,820.78125
1131.375,822.78125
1131.4140625,824.28125
1135.43359375,828.78125
1141.66796875,833.4296875
1148,842
1148.38671875,843.484375
1149.2265625,845.04296875
1149.9609375,846.54296875
1150.71484375,848.04296875
1150.5703125,849.34765625
1150.546875,850.41796875
1150.5546875,851.63671875
1150.94140625,852.46484375
1150.875,852.96484375
1150.5703125,852.96484375
1150.5703125,852.94921875
1150.328125,852.75390625
1150.265625,852.6953125
1150.38671875,852.7421875
1150.22265625,852.6875
1150.48046875,852.84765625
1150.13671875,852.68359375
1149.97265625,852.546875
1149.9609375,852.60546875
1150.015625,852.640625
1150.015625,852.75
1150.28515625,852.80859375
1150.28515625,853.05078125
1150.015625,853.25390625
1150.015625,853.23046875
1150.23828125,853.53515625
1149.8515625,853.3515625
1150.16015625,853.37890625
1149.8359375,853.4453125
1150.23828125,853.796875
1149.59375,853.73828125
1150.0546875,853.98828125
1149.515625,853.98046875
1149.515625,854.0625
1150.515625,854.48828125
1149.93359375,854.16796875
1150.5859375,854.17578125
1150.515625,854.21484375
1150.17578125,854.16796875
1149.91796875,854.1015625
1150.09375,854.12890625
1149.796875,854.140625
1150.2109375,854.0859375
1149.87109375,854.11328125
1149.54296875,854.25390625
1149.671875,854.1875
1149.515625,854.1015625
1149.6015625,854.06640625
1149.48046875,854.10546875
1149.26953125,854.140625
1149.25,854.12109375
1149.89453125,854.29296875
1149.640625,854.19140625
1149.37890625,854.0390625
1149.4921875,854.07421875
1149.515625,854.16015625
1149.73828125,854.23046875
1149.6875,854.1953125
1149.44921875,854.140625
1149.78125,854.109375
1149.87890625,854.140625
1149.36328125,854.10546875
1149.55078125,854.19921875
1149.7578125,854.20703125
1150.24609375,854.203125
1149.8203125,854.171875
1150.1328125,854.2109375
1150.33984375,854.234375
1149.86328125,854.02734375
1150.19140625,854.0703125
1149.62890625,854.05078125
1149.8984375,854.171875
1149.44921875,854.07421875
1149.6796875,854.046875
1149.515625,854.078125
1149.16015625,854.06640625
1149.421875,854.109375
1149.3203125,854.11328125
1149.58984375,854.16015625
1149.13671875,854.07421875
1149.0703125,854.0703125
1149.359375,854.09765625
1149.41796875,854.09765625
1149.578125,853.94921875
1150.2421875,853.8671875
1149.31640625,853.91015625
1149.32421875,854.0078125
1149.3984375,854.0390625
1149.515625,854.03515625
1149.56640625,853.87109375
1149.4609375,853.9453125
1150.16796875,853.98828125
1150.3984375,854
1150.23046875,854.0625
1150.23828125,854.03515625
1149.8515625,854.02734375
1149.9375,854.01953125
1149.76171875,854.046875
1149.84765625,854.0390625
1149.91015625,854.1015625
1150.2265625,854.00390625
1150.65234375,854.140625
1149.796875,854.140625
1150.25390625,854.140625
1149.8515625,854.08984375
1149.87109375,854.01171875
1149.8984375,854
1149.8984375,853.9453125
1150.0625,854.0625
1149.80859375,853.91015625
1149.734375,853.92578125
1149.79296875,853.87890625
1149.6171875,854.15234375
1149.9375,853.94921875
1149.58984375,853.9609375
1149.47265625,854.01171875
1149.46875,854.046875
1149.40625,854.05859375
1149.37109375,854.06640625
1149.796875,854.1640625
1149.84765625,854.140625
1149.58203125,853.97265625
1149.59375,853.98828125
1149.390625,853.94140625
1149.515625,853.953125
1149.62109375,854.0234375
1149.4765625,854.0234375
1149.85546875,853.8125
1149.7734375,853.90234375
1150.28515625,853.88671875
1150.21484375,853.9453125
1149.75390625,853.9453125
1149.87890625,853.94140625
1149.8515625,853.87890625
1149.69140625,853.796875
1149.6953125,853.953125
1149.671875,853.9921875
1149.77734375,853.90234375
1149.83984375,853.85546875
1149.50390625,853.89453125
1149.57421875,853.83203125
1149.640625,853.83203125
1149.17578125,853.37890625
1149.40234375,853.47265625
1149.3515625,853.4453125
1148.734375,853.33203125
1148.9296875,853.3828125
1149.40234375,853.40625
1149.7421875,853.4375
1149.3046875,853.3125
1149.515625,853.33203125
1148.6875,853.30078125
1149.296875,853.38671875
1149.32421875,853.42578125
1149.37109375,853.44140625
1149.33203125,853.4296875
1149.265625,853.4609375
1148.8828125,853.3984375
1148.875,853.40234375
1148.6328125,853.4375
1148.625,853.4375
1148.5703125,853.88671875
1148.5703125,853.88671875
1148.34765625,853.9453125
1148.390625,853.953125
1148.4375,853.89453125
1147.8046875,853.80859375
1147.80078125,853.83203125
1147.93359375,853.83203125
1147.84765625,853.46875
1147.71875,853.48046875
1147.515625,853.4765625
1147.515625,853.4453125
1147.08984375,853.4140625
1147.2890625,853.45703125
1147.125,853.51953125
1147.359375,853.7890625
1147.33984375,853.453125
1147.33984375,853.453125
1147.515625,853.46875
1147.515625,853.46875
1147.50390625,853.8125
1147.515625,853.81640625
1147.4765625,853.8359375
1147.80078125,853.85546875
1147.74609375,853.8359375
1147.3515625,853.48828125
1147.80859375,853.91015625
1147.515625,853.88671875
1147.28515625,853.7890625
1147.28515625,853.7890625
1147.28515625,853.7890625
1147.28515625,853.7890625
1147.28515625,853.7890625
1147.28515625,853.7890625
1147.28515625,853.7890625
1147.28515625,853.7890625
1147.28515625,853.7890625
1147.28515625,853.7890625
1147.28515625,853.7890625
1147.28515625,853.7890625
1147.28515625,853.7890625
1147.28515625,853.7890625
1147.28515625,853.7890625
1147.28515625,853.7890625
1147.28515625,853.7890625
1147.28515625,853.7890625
1147.28515625,853.7890625
1147.28515625,853.7890625
1147.28515625,853.7890625
1147.28515625,853.7890625
1147.28515625,853.7890625
1147.28515625,853.7890625
1147.28515625,853.7890625
1147.28515625,853.7890625
1147.28515625,853.7890625
1147.28515625,853.7890625
1147.28515625,853.7890625
1147.28515625,853.7890625
1147.28515625,853.7890625
1147.28515625,853.7890625
1147.28515625,853.7890625
1147.28515625,853.7890625
1147.28515625,853.7890625
1147.28515625,853.7890625
1147.28515625,853.7890625
1147.28515625,853.7890625
1147.28515625,853.7890625
1147.28515625,853.7890625
1147.28515625,853.7890625
1147.28515625,853.7890625
1147.28515625,853.7890625
1147.28515625,853.7890625
1147.28515625,853.7890625
1147.28515625,853.7890625
1147.28515625,853.7890625
1147.28515625,853.7890625
1147.28515625,853.7890625
1147.28515625,853.7890625
1147.28515625,853.7890625
1147.28515625,853.7890625
1147.28515625,853.7890625
1147.28515625,853.7890625
1147.28515625,853.7890625
1147.28515625,853.7890625
1147.28515625,853.7890625
1147.28515625,853.7890625
1147.28515625,853.7890625
1147.28515625,853.7890625
1147.28515625,853.7890625
1147.28515625,853.7890625
1147.28515625,853.7890625
1147.28515625,853.7890625
1147.28515625,853.7890625
1147.28515625,853.7890625
1147.28515625,853.7890625
1147.28515625,853.7890625
1147.28515625,853.7890625
1147.28515625,853.7890625
1147.28515625,853.7890625
1147.28515625,853.7890625
1147.28515625,853.7890625
1147.28515625,853.7890625
1147.28515625,853.7890625
1147.28515625,853.7890625
1147.28515625,853.7890625
1147.28515625,853.7890625
1147.28515625,853.7890625
1147.28515625,853.7890625
1147.28515625,853.7890625
1147.28515625,853.7890625
1147.28515625,853.7890625
1147.28515625,853.7890625
1147.28515625,853.7890625
1147.28515625,853.7890625
1147.28515625,853.7890625
1147.28515625,853.7890625
1147.28515625,853.7890625
1147.28515625,853.7890625
1147.28515625,853.7890625
1147.28515625,853.7890625
1147.28515625,853.7890625
1147.28515625,853.7890625
1147.28515625,853.7890625
1147.28515625,853.7890625
1147.28515625,853.7890625
1147.28515625,853.7890625
1147.28515625,853.7890625
1147.28515625,853.7890625
1147.28515625,853.7890625
1147.28515625,853.7890625
1147.28515625,853.7890625
1147.28515625,853.7890625
1147.28515625,853.7890625
1147.28515625,853.7890625
1147.28515625,853.7890625
1147.28515625,853.7890625
1147.28515625,853.7890625
1147.28515625,853.7890625
1147.28515625,853.7890625
1147.28515625,853.7890625
1147.28515625,853.7890625
1147.28515625,853.7890625
1147.28515625,853.7890625
1147.28515625,853.7890625
1147.28515625,853.7890625
1147.28515625,853.7890625
1147.28515625,853.7890625
1147.28515625,853.7890625
1147.28515625,853.7890625
1147.28515625,853.7890625
1147.28515625,853.7890625
1147.28515625,853.7890625
1147.28515625,853.7890625
1147.28515625,853.7890625
1147.28515625,853.7890625
1147.28515625,853.7890625
1147.28515625,853.7890625
1147.28515625,853.7890625
1147.28515625,853.7890625
1147.28515625,853.7890625
1147.28515625,853.7890625
1147.28515625,853.7890625
1147.28515625,853.7890625
1147.28515625,853.7890625
1147.28515625,853.7890625
1147.28515625,853.7890625
1147.28515625,853.7890625
1147.28515625,853.7890625
1147.28515625,853.7890625
1147.28515625,853.7890625
1147.28515625,853.7890625
1147.28515625,853.7890625
1147.28515625,853.7890625
1147.28515625,853.7890625
1147.28515625,853.7890625
1147.28515625,853.7890625
1147.28515625,853.7890625
1147.28515625,853.7890625
1147.28515625,853.7890625
1147.28515625,853.7890625
1147.28515625,853.7890625
1147.28515625,853.7890625
1147.28515625,853.7890625
1147.28515625,853.7890625
1147.28515625,853.7890625
1147.28515625,853.7890625
1147.28515625,853.7890625
1147.28515625,853.7890625
1147.28515625,853.7890625
1147.28515625,853.7890625
1147.28515625,853.7890625
1147.28515625,853.7890625
1147.28515625,853.7890625
1147.28515625,853.7890625
1147.28515625,853.7890625
1147.28515625,853.7890625
1147.28515625,853.7890625
1147.28515625,853.7890625
1147.28515625,853.7890625
1147.28515625,853.7890625
1147.28515625,853.7890625
1147.28515625,853.7890625
1147.28515625,853.7890625
1147.28515625,853.7890625
1147.28515625,853.7890625
1147.28515625,853.7890625
1147.28515625,853.7890625
1147.28515625,853.7890625
1147.28515625,853.7890625
1147.28515625,853.7890625
1147.28515625,853.7890625
1147.28515625,853.7890625
1147.28515625,853.7890625
1147.28515625,853.7890625
1147.28515625,853.7890625
1147.28515625,853.7890625
1147.28515625,853.7890625
1147.28515625,853.7890625
1147.28515625,853.7890625
1147.28515625,853.7890625
1147.28515625,853.7890625
1147.28515625,853.7890625
1147.28515625,853.7890625
1147.28515625,853.7890625
1147.28515625,853.7890625
1147.28515625,853.7890625
1147.28515625,853.7890625
1147.28515625,853.7890625
1147.28515625,853.7890625
1147.28515625,853.7890625
1147.28515625,853.7890625
1147.28515625,853.7890625
1147.28515625,853.7890625
1147.28515625,853.7890625
1147.28515625,853.7890625
1147.28515625,853.7890625
1147.28515625,853.7890625
1147.28515625,853.7890625
1147.28515625,853.7890625
1147.28515625,853.7890625
1147.28515625,853.7890625
1147.28515625,853.7890625
1147.28515625,853.7890625
1147.28515625,853.7890625
1147.28515625,853.7890625
1147.28515625,853.7890625
1147.28515625,853.7890625
1147.28515625,853.7890625
1147.28515625,853.7890625
1147.28515625,853.7890625
1147.28515625,853.7890625
1147.28515625,853.7890625
1147.28515625,853.7890625
1147.28515625,853.7890625
1147.28515625,853.7890625
1147.28515625,853.7890625
1147.28515625,853.7890625
1147.28515625,853.7890625
1147.28515625,853.7890625
1147.28515625,853.7890625
1147.28515625,853.7890625
1147.28515625,853.7890625
1147.28515625,853.7890625
1147.28515625,853.7890625
1147.28515625,853.7890625
1147.28515625,853.7890625
1147.28515625,853.7890625
1147.28515625,853.7890625
1147.28515625,853.7890625
1147.28515625,853.7890625
1147.28515625,853.7890625
1147.28515625,853.7890625
1147.28515625,853.7890625
1147.28515625,853.7890625
1147.28515625,853.7890625
1147.28515625,853.7890625
1147.28515625,853.7890625
1147.28515625,853.7890625
1147.28515625,853.7890625
1147.28515625,853.7890625
