-0.6167415227655682
-0.2585575502986664
0.3581628021489444
0.2827214340181838
-0.1758928661789068
-0.3043770882612318
-0.0573609289274836
0.0293369069652914
-0.192939172847257
-0.1278433697452027
-0.1758146763037163
-0.0384896359701903
-0.1247843534446477
-0.0824638528704483
0.0179841334330774
0.0413078102559233
-0.0170550401203692
-0.067168150568299
0.0057259995711219
-0.0247968659466042
-0.0087128884320112
0.0123937229576615
-0.0361609962280065
0.0341234889424989
0.0367441627676934
0.0086440840714343
0.012617959145485
0.0300012192090921
0.0554141473390705
0.0763523349531012
0.1312398399283434
0.07101188553446
0.0228690291697249
0.2037890551074034
-0.0130748115106281
-0.2054388700048204
-0.1870299722732397
0.082238608587437
0.3345084291541475
-0.714871801935518

0.5456043722475427
0.1487173389490158
-0.2011038404182365
-0.2515896020980917
0.1774671478151117
0.360390422807447
0.2092527314051714
0.1107606490278178
0.3828353337008046
0.4408015550323821
0.5326765945619064
0.1953387364026117
0.2916853359674157
0.2723060878728811
0.0975899404329923
0.0253690493544532
0.0854235687382585
0.232130262420216
0.185421250390096
0.2562645390026032
0.2860037301625867
0.202904347571315
0.0856025802725419
0.1397184126038078
0.0411907695707872
0.0145923383552733
0.0955471617039877
0.1076046496395748
0.1287768845127328
0.2167724719514544
0.2829410434659514
0.3158234569127749
0.0408501091314195
0.1764643697271221
0.1561293595207938
0.0918359579955954
0.0453969502654533
-0.0355712912469034
-0.0718122280086624
0.5637825549882793

-1.709981021250608
-0.4613698444972084
0.4328481050923204
1.024430554865203
-0.8673715326494083
-1.0794276821038329
0.0418233249044524
-0.330909378489124
-0.8058063135705834
-0.734885993500651
-0.964971084901737
-0.2442785396686877
-0.5671017116133368
-0.582594362431842
0.0281703089268295
0.2636712998239257
-0.3219184012279996
-0.4939246716942506
-0.19211569156139
-0.5658978592921478
-0.5522320130345786
-0.5616818811933832
0.1254086521248718
-0.7488516568723977
-0.0211093596757709
0.1311556195040517
-0.4574640690341256
-0.3930035366901184
-0.3915370629875434
-0.7557425378158676
-0.9144787098922026
-1.0606372731769005
-0.0515110021992779
-0.93872912722902
-0.0564433118309964
0.110461001893508
-0.8055306547828376
-0.5960399352312841
1.667171001410192
-2.4722289562654205

0.0021546796374202
-0.0034576285750895
-0.0002252183632037
0.0017223783011151
0.0013702851314176
-0.0011264140662784
-0.0015107303148723
0.0017933932737968
-0.0008236562541747
0.0002460692583864
-2.298176579922845e-05
-4.807672596671377e-05
-0.0005813098016336
0.0017036933674233
-0.0010620798002393
-0.0002844408851691
-0.0001496432133657
0.0007629920984515
-0.000121546841756
-0.0011202751182649
0.0041240257050776
-0.0229450654543997
0.1324403475922981
-0.2407908033617531
-0.1365606278785233
0.4288966130729645
0.3222213426133306
-1.2943918603035642
1.4789502803237955
-1.2773978973982762
1.380889296894644
0.1562860417866377
0.5251981884493876
0.1035012487970479
0.0371740383427888
0.066483955362713
0.4604092659930918
0.2436931811273232
-0.9145209001679768
1.375621000053976

