-0.2711708551542917
0.0171160788536817
-0.0758490266004001
-0.0872931836420525
0.0603496659183972
0.0088687083784703
-0.090586418566515
-0.0570261434641549
-0.031384673782866
-0.0592385351580764
-0.0293736956264516
-0.0178303004978674
-0.0116935733128849
-0.0043110858312806
-0.0081237747700282
0.049164222042511
0.0422543432747748
0.0306582267318243
0.1072033638340732
0.1375467800196665
0.1887869080261411
0.1680642533170595
0.0201065183233595
0.1574220343731104
0.0766017079104868
0.0181756092698876
0.0780736236522679
0.1567632084567972
0.1687245171953882
0.2460056766947235
0.3294338037360459
0.2835241088345516
0.0737664364014099
0.302893747158762
0.0691629981849982
-0.1406008150317431
-0.121980121116232
0.0874051774556457
0.2381358743924309
-0.4729192543064729

1.0495854992939169
-2.4298729960550216
0.2994139356233345
2.6826553229722974
-0.6836716490073295
-1.0792522137196858
0.5972997120529542
0.461535644348284
0.090099003715587
0.4203036854085055
0.3796301460364414
0.0227676300010124
0.5603493142091508
0.0538253116409273
-0.3861825977894282
0.1384504899940336
0.4934802582842217
-0.4309824296550206
0.3980999904379899
0.1646990013590466
0.3142797564690683
0.3094750520983796
-0.1378314830719386
0.5195348419543886
0.1635454416678279
-0.2417815050815977
0.0542724395802027
0.3426448933792419
-0.0129660534153085
0.1733486026078502
0.078074960620635
0.1099946846419405
0.0004577405258701
0.0718502775526437
0.0349439117710686
0.018511545582866
0.0929031765123117
0.0520230434204291
-0.2102982010640015
0.3138879899098322

-2.321618247220948
1.826748677514324
-0.5869093574909243
-0.5225752963527402
-0.8109924110472049
0.2645902819556948
-0.2584521386996713
-0.7473683956557378
-0.539839970309478
-0.779942326780611
-0.8659301699087509
-0.016465110495484
-1.1730201621701466
-0.1835367373770854
0.962268569130836
-0.2891311372232135
-1.038815899692214
0.9717674586308914
-0.6943881479578822
-0.2312393424518587
-0.5300729328037878
-0.5640396823103018
0.2587473181077397
-0.8658439771538373
-0.2967870790625468
0.2532713746166528
-0.231514733480166
-0.6820156135220904
-0.2720288903530691
-0.7039813809984461
-0.7186786312946342
-0.8649958775488539
-0.0733750861435365
-0.6489178981164756
-0.0535001739332751
-0.0392054413563162
-0.8356645137713956
-0.5024314517792281
1.6874692828098228
-2.461815067292446

0.00186447252855
-0.0030953191306684
-7.84829583419308e-05
0.0015475380876959
0.0011494000348795
-0.0010685095120292
-0.0012808656852145
0.0016220399929165
-0.0007716674194926
0.0002188426503227
9.38613480639736e-05
-0.0008386904708339
0.0019219585204502
0.0013474124613558
-0.0045133484349005
-0.0011716734271102
0.0054428287916698
0.0003556841645751
-0.008223957892318
0.0146974543583653
-0.0333897160722901
0.1368322869447032
-0.5762546897015055
0.7251033555426178
0.8277446870768352
-1.3084878596177831
-1.8829012409335868
4.874940382228235
-4.677801520296691
3.083885656587221
-0.4225656649511299
1.0627462182542713
-0.480654381346998
0.9977464345417922
-0.0093539193932946
-0.2383779975700503
0.3891343182999573
0.4007727242634755
-0.8977492265052377
1.339386358656519

