0.3532842970558001
-1.0090175290641996
0.4886048518289853
0.3338301155185812
-0.1236268500477457
-0.1874274122525242
0.0681972564594944
0.0647182399376305
-0.0034469148450159
0.0616282478246836
0.0695692105166966
0.0298213674168454
0.0213132250022073
0.0718706122309257
-0.0089099022966735
0.0596933790476353
0.050063429129942
0.095610054771195
0.1498748227266226
0.2041877367585445
0.2615034818622427
0.2503398770634609
-0.0485272497973663
0.3662753560892628
0.0011386072782175
-0.0567117364130151
0.1890802067364838
0.2088740139611931
0.1639211869390424
0.3315921072232179
0.3656052942548226
0.4763389919418974
-0.0861400415037185
0.6918456974689222
0.1225411454447491
-0.3546027933631492
-0.2585630787281678
0.1497182654056374
0.378363802323938
-0.3494639160239572

0.3541850428552902
0.054424925583762
-0.0275485323863952
-0.0139571796013641
0.0368815703487707
0.1018276532495298
0.1263342776289183
0.0900257938864841
0.1408490790505705
0.2204055876465466
0.2357996935198536
0.1030352088343617
0.1507493513104079
0.0907574717103176
-0.0255057790782449
0.0770719706721173
0.2019092464273164
0.2168331768915236
0.2486188835402211
0.382681745864814
0.4572219757178319
0.341530464108596
0.182364514955139
0.2299032993289883
0.1150671909609049
0.0677007501826748
0.1250254596078206
0.1963861893298388
0.21865074858207
0.2548079972225559
0.3161057013706784
0.2636818563629826
0.0799733759928773
0.1520509339434203
0.1130060533310748
0.0479290551896246
0.0064344459818052
-0.0192913045726818
0.0179067420947176
0.3816666776424663

-2.6295767817941598
1.0632367752702463
0.2119059888078439
-0.1870875228915884
-0.4781025997875291
-0.4278324556415244
-0.169799207404195
-0.3033763128880627
-0.5774554208889023
-0.5551665386750588
-0.7677690311014287
0.0446977220885692
-0.8592092486663773
-0.6942955845790687
1.3768737332580951
-0.4108959147197238
-1.1023169474945176
0.2531057224075857
-0.5761378835361494
-0.661961631936566
-0.7957424073606354
-0.8145080276702993
0.2198371545472855
-1.2157747322443082
-0.035793355819411
0.1994896070837296
-0.5349884330476222
-0.677308296092844
-0.4438807264833996
-0.9657180965836902
-1.0793840804925934
-1.2492254736423103
-0.0300054874323432
-1.1731501710745065
-0.088465250248265
0.2150902746113547
-0.8066247603503619
-0.6805141878417412
1.6861732405179757
-2.5338874236165463

0.0019114397875358
-0.0029431758306749
-0.0001454870370102
0.0012443872965133
0.0009494635651643
-0.000636596475033
-0.0005571407607611
-0.0001001055933594
0.0010466666881136
-0.0017285306357963
0.0033678672188428
-0.0020101636285236
-0.0426899139300764
0.0793808446564749
0.0680922960116743
-0.1403882953767915
-0.1743656367838805
0.528871784327503
-0.6152613150415832
0.6510953619543226
-1.1709365914507903
4.062652222291941
-13.886693151571874
19.17796603984765
-5.919385186183322
-4.89563058701951
2.4496060234946406
2.1862100102252544
-1.4069656650034383
1.0826733963819986
0.3482472382601052
0.6743437652580845
-0.0382705615087618
0.5977909301117201
0.0108775700485976
-0.1123947611882534
0.4358748620952339
0.3515166387185749
-0.9464324626433251
1.3746969697944291

