-0.7209817901888587
-0.2952467715147461
-0.554327170709125
-0.1183148944164902
-0.2909198537384945
-0.2416612659574535
0.0075254971543911
0.0780786847303348
-0.0558401349829662
-0.1938461965004739
-0.1666313560735887
-0.0915715243387683
-0.234438133738846
-0.2408034166688237
-0.2538208867608055
-0.0842026562105154
-0.1439884171936812
-0.0917910199044647
0.0203881478867108
0.0351949372083492
-0.0498126256024833
-0.0798569386985117
-0.0330945205860678
-0.0400112298927161
-0.0852031424984014
-0.0849297535525866
-0.123902661412114
0.0435451813382243
-0.2894907088180279
-0.0659757863100157
0.426942617694909
-0.1261203023043737
-0.2963818498291048
-0.0255844212739567
-0.1656398613388315
-0.3179481938991499
-0.3369737146312357
-0.5138694970395233
0.5795220874597227
-1.1481373192826

0.3741761601641057
0.1832522940405805
0.3462994072637647
0.1024387234794107
0.0945208247917237
0.1574865060894662
0.1250659136226319
0.0642997666400946
0.075509142764625
0.1535350703904313
0.2152976617307146
0.2572787519155803
0.3534072453485515
0.4710067088033903
0.4740102603246532
0.2228684883788318
0.2565678506794679
0.1558598199663875
0.0272781379768163
-0.0063591717188669
0.0246199339635637
0.1000472668112251
0.1612151162208209
0.1564971578752643
0.1990031725149109
0.2752040925212939
0.2976045017963367
0.1421410231511461
0.0901228782559701
0.1063139603067024
0.1093238313322228
0.0845384105660274
0.1056424530134783
0.1615820465827044
0.2097632736407734
0.2719734543214612
0.3386063630187064
0.2371280657187237
0.0438322132373261
0.351619694612479

-1.248009032228368
-0.5704426064088471
-1.110149487795851
-0.2774946342432417
-0.4825705539564185
-0.5891344757082261
-0.1129409869302204
0.1511766014683598
-0.095703620919904
-0.4738036481288752
-0.4137136978800907
-0.2801986188219782
-0.6143787342216873
-0.6683563163002603
-0.7404737097126847
-0.2392172585505284
-0.3793970750495666
-0.2766843267684682
0.0013501947757315
-0.0027197239290243
-0.1168251589524765
-0.269531496810945
-0.3433417709813453
-0.3154857865287006
-0.5753271636015681
-0.7237661245141078
-0.8735427971222903
-0.4090127509663097
-0.2965802457323366
-0.3129502311514175
-0.4653387015962044
-0.2151500262310083
-0.2657347660894376
-0.601954149330852
-0.6119716474078798
-0.9078221593170516
-0.9984170760647249
-0.9893682809944502
0.4273165346761189
-1.5826813408666358

-0.0170407968104151
0.0100281297198573
-0.0044070365186161
0.0041339459351729
-0.0055043277546326
0.0038727700130295
-0.0001544173957593
-0.0011982997715494
0.0004499653565679
0.0004100712554465
-0.0009979498438775
0.0011494508953256
-0.0010282181074434
0.0011622075452864
-0.0024197505395075
0.0054751811888678
0.0029948089560118
-0.0216475474546709
-0.0137651043572663
0.026907870329001
0.0466773714251122
-0.0213798579525313
-0.1147422042504349
0.1732750451483606
-0.1459076244657816
0.1335068706196104
-0.1874409495179185
-0.4933563652771712
8.799916963155452
-26.68774078312648
26.621321935730546
-4.443360477468527
-6.9679323668373785
4.672424507932433
-0.627720772927028
0.5929376571871312
0.5157671587325041
0.6709561605126076
-0.5835353808318281
1.2351188736255874

