-0.0438463028440274
-0.0561330392292358
-0.0214020614163167
0.0086474565132591
-0.0716805073140536
0.0091928793159013
0.0971877491851178
-0.0303750824306633
-0.0587407686154325
0.0747999483327955
0.0385356667218293
0.0204581685487701
0.0810913877173996
0.1023019552790985
0.1200558054913909
0.1087078906760336
-0.0686443026104984
-0.0284087595104649
0.295073357910151
0.02030421628291
-0.0094674470406533
0.0466455918299441
0.1713152431160343
0.1345556842358953
0.228463882236445
0.2822429991241275
0.3878286897736956
-0.009390073782569
0.7047532669564766
-0.2126223238094189
-0.8468627641802479
1.6090706470846905
-0.4078235009179404
-0.0604814820714375
0.3444516647696373
0.0596471895720755
0.1787470549403121
-0.0722548179133096
0.4268391184569321
-0.4133073821071421

0.3521941237659152
0.1504889529365826
0.2881910759067387
0.1006329075505086
0.1272774719474685
0.120116359114335
0.0520235362446122
-0.0352072072607377
-0.0136850049162553
0.1250957708277367
0.132840287554539
0.0912819952158989
0.1973351551145163
0.2506273710052802
0.312721159593745
0.0798930772111803
0.1224370210519996
0.2014051932861641
0.1543245500150596
0.0763152368555792
-0.0049873396021853
0.1236290092044735
0.2325416913402871
0.2432496088337618
0.2930080222350174
0.4103568045401055
0.4168243679360978
0.1839217250789915
0.2794968044161577
0.1592444564421118
-0.0089009010365322
-0.0684572506500104
0.1232116404864181
0.1929061972241784
0.1344212171249514
0.2219704986591343
0.2750559819727426
0.204628811536312
-0.0101311777940467
0.3541221348327833

-1.5641085458095565
-0.6070377201070299
-1.2632538791338652
-0.2611468266427522
-0.708187377674137
-0.6154928992841884
-0.0114446188619688
0.3551474739538073
0.060203837268627
-0.6600990242819985
-0.361737829456223
-0.0258114673211952
-0.5803517588224287
-0.475678195163248
-0.6406269369989984
-0.0662237555331432
-0.5294974942301552
-0.3348410027058959
0.2187967621481635
-0.1343060048859383
-0.1131806843922038
-0.4462594517415552
-0.4030572202397869
-0.3634789039521001
-0.7554210377410109
-0.8805321322601974
-1.1078234739571082
-0.3404961807728482
-0.7597023782746135
-0.4611845955243979
0.1191207062355037
-0.287910123179332
-0.5917153198437045
-0.5531884624655348
-0.6566433200235071
-1.0504211192401918
-1.1069581687888532
-1.1930869958900283
0.6622690780782358
-1.992428505006648

0.0207210707551646
-0.0229808289897549
0.0163721060541018
-0.0107324868782327
0.0061358646740578
0.0067753929087462
-0.0046232804758686
-0.0069809122509253
-0.0010187169040894
0.0050267132903997
0.0037108069109477
-0.0026853509347785
-0.0025255829773446
0.0014310976658115
0.006058164494105
-0.0097309996391843
0.0077622705888844
0.0066830025115818
-0.0046737910100235
-0.0072255847815737
-0.0015062350975719
0.0047355175743931
0.004023132736862
-0.0022933470336958
-0.0027903491437769
0.0013692635528038
0.005490112120365
-0.0077857592122653
0.006907146747214
0.0041144440963798
-0.0062259929522795
-0.0045463885174578
0.0035101577693269
0.0042482354771028
-0.0028034459526303
-0.0035298480272401
0.0101525327784192
0.0012206328690528
-0.0422373269818443
0.0426447752408093

