-0.3125575094356487
-0.0428229516759899
-0.1582980698160978
-0.1670596730636823
0.0311677455883281
0.0626294049515878
-0.0401174314573877
-0.0964837516641558
-0.0212166148760137
-0.0392909431485415
-0.0393600933413265
-0.0116357006215908
-0.0113978934263065
-0.0125786408858317
-0.0058301007036372
0.0372671284578777
0.0396078702180239
0.0321424995600087
0.0859521269585675
0.1191518030402034
0.1676970448905259
0.2201007936146293
0.0878711153024929
0.1014664455805765
0.1234687858838977
0.032417543953556
0.003408456740306
0.0587081071712976
0.116489708254811
0.1402527838823944
0.1861672837005525
0.1893046991610688
0.2349253826972837
0.2217937565047713
0.0327479279654411
0.1210004394071363
0.1518882456416567
0.1214466958400531
-0.0265840568450543
-0.4964962954819195

0.1464071412826583
0.2470300956777478
-0.8558747441822302
1.6435029046645526
-0.3281594355152976
-0.5690677705246314
0.3279164647563426
0.5355068039124082
-0.0349744280470669
0.4110739799625484
0.3353105606149835
0.3651285127127517
0.0694245043133788
0.4302061858439996
-0.2076874420520107
0.0332870671619408
0.4081996540952923
-0.5491839205900261
0.5315300178426616
0.0641239478768347
0.3057112912559933
0.3505836649022525
0.1255960210495409
0.0688209371647062
0.642164205741005
-0.1415926330280777
-0.4222127367047761
0.1545314317235045
0.4036770645744078
0.0358846886111241
-0.2024854028158233
0.2179322808324532
0.0388662483722196
0.1639355607878336
-0.0435660098721143
0.1739829932432036
0.1903691560774136
-0.1791427208024401
-0.2783178001052763
0.4371948262586581

-1.5280439285836755
-0.2928851331192952
-0.5418463658966918
-0.7990249721097297
-0.4422639704750407
0.5792453493448626
-0.4432057876352938
-0.8862739193069321
-0.1985497009720011
-0.7925358185368536
-0.7487295101660939
-0.741902835315683
-0.1161188635197069
-1.014380041159117
0.6154404016531367
-0.0416170221562985
-0.8983394718674667
1.1650942608957826
-0.91006285541417
-0.0824205246444569
-0.5163365345556155
-0.6240853464152077
-0.2877567179751235
-0.0243307553335986
-1.0431094333008293
0.1115142956664895
0.5405347962313238
-0.3247188395366174
-0.8161026091781579
-0.2138113208150438
-0.0495709263905308
-0.8198202987629023
-0.6337995583489102
-1.0918818213693735
0.1683870167567793
-1.1653387785049114
-1.3253990931139112
1.2556360884706466
1.939496243986064
-3.2608921662278245

-0.0002923339639052
0.0004313310720084
-0.0011276415172545
0.0019613651364721
-0.0012190884170048
-0.0006459042338682
0.0012356217356218
-0.0004833169316429
-0.0001319181047624
0.0002934597587044
-0.0004282882184438
0.0010626055082068
-0.0018984354920874
-0.0037346770923485
0.0060569256170324
0.0106630533007718
-0.0092582668593719
-0.0307695743917117
0.064093847780938
-0.0718009240348105
0.0902654745426227
-0.2162085148432171
0.7703850736924825
-1.0363955627590324
-3.003139019935959
1.7704897147641514
7.19628202184945
2.514658101399201
-24.4595947876706
25.22202485435899
-10.726105587323548
3.2414501710940486
-0.1868691952311736
0.8835602805120274
-0.2474642947849069
0.8229967162761123
0.8023020209915085
-0.8225947044867381
-1.2095730163139229
1.9537600160342

