-0.0417964837326841
-0.0739447766368126
0.0026705491286135
0.0039475753249011
-0.0048346161815216
0.0007655364201067
0.0135998803537677
0.0149539029389497
0.0227041959398208
0.0458009769788888
0.0697861124758478
0.0815151514432501
0.0233445612520057
0.0516817305843666
0.0372644088960512
0.0277975436122926
0.039187815998355
0.0845028848731939
0.135508919804725
0.1620999547135253
0.2453298041681459
0.2877987032741216
0.1416429271869886
0.1276946720638635
0.1033171542113185
0.0477784412151026
0.0470812309316679
0.0907531629477116
0.1419193657111566
0.1473511691516313
0.1758727320832163
0.3365553120498497
0.323200098716128
0.2786907524535213
0.1376195796663162
0.1952921063117903
0.0944172164328777
-0.030523532963142
-0.0949900149391048
-0.1234384939917647

0.3848983631932411
0.0716882468903023
0.1661526273834357
0.1319596871892464
0.0037000381271748
0.0090799403769147
0.1093086097691268
0.1072767127487948
0.1044908556225714
0.1923085805726022
0.240293483905565
0.2283307849885295
0.113327928191932
0.1786152465899183
-0.0445989551625317
0.0393813779456701
0.2030953923575225
0.2047043386936361
0.1872256500109209
0.3259018174953778
0.4028994335101929
0.4862798712066841
0.1988135461908645
0.2527857208018978
0.2191327487135523
0.0512915664990966
0.0107417459973656
0.0799556507079059
0.1503485277608617
0.1340812562235464
0.148164043227927
0.1746482452471704
0.2548419430040382
0.2532850717706415
0.1114775026260527
0.2067676277503343
0.0576397029945737
-0.1281117229683762
-0.0575880689441091
0.4319370743349603

-1.7269017822900743
-0.1868554193261184
-0.8695157079292458
-0.8293383758213454
0.4336591208974228
0.1557778576426534
-0.7838901586100381
-0.2720891398768288
-0.2702745259655429
-0.624351327401035
-0.6117575077613724
-0.674639832108615
0.1103296269917743
-1.513246852299429
1.0587232759201903
0.1655274171011429
-0.9939717042985008
-0.1559664640570117
-0.1436770794301415
-0.7051529938310995
-0.6809806101764313
-0.9611019326196808
-0.3697218029897374
-0.2987240077139859
-0.8838716304311083
0.1091321885381924
0.2269039544636865
-0.3759651708021194
-0.6840961442975265
-0.3164350746626589
-0.4608126487859388
-0.9505639554758448
-0.9448181623873968
-1.3715346844198382
0.1491266892820544
-1.47274426608416
-1.49478211570303
1.462813196872794
2.133664481894622
-3.5102088138178225

-0.0003009766702443
0.0004490813989133
-0.0010715666090412
0.0017394999802965
-0.001269656733129
-0.0002720954892858
0.0014404760578953
-0.0014328947104815
0.0008073499820584
-0.0002680986405687
-0.000172897645244
0.0021637479702662
-0.0228288491006012
0.0886849514018667
-0.0307054994019034
-0.1520605734879144
0.0361792502458235
0.3591068260948235
-0.5706601320234771
0.5554438876113563
-0.641939800115005
1.470100087054906
-4.940825371022723
9.65844496293136
-5.284166663107909
-2.215029908070485
1.343523227712527
1.9117554055587
0.0825688890180874
-0.9337447767820968
0.8273278783771653
0.326546482382159
0.4658067489485334
0.6637505139187287
-0.1103866098107277
0.7733933535241168
0.7639526173101236
-0.8146921518161686
-1.1865692905835967
1.9494517646075704

