-0.4841416089162958
-0.0878286268587874
-0.2553326991332297
-0.044001373057778
0.0291234168937868
-0.0291161121064822
-0.1076233596375578
-0.0927363525365087
-0.0800211291423237
-0.1407847983930689
-0.1578834629725848
-0.1477673307572959
-0.0300765290581734
-0.1517827073283245
-0.0411548703101101
0.0672195018570425
0.0325606334901469
-0.0807024204588042
-0.0119330199286486
-0.0022807754054457
-0.0148231842820564
0.0113347366606129
0.0090251434730895
-0.0272955704906316
0.0328835701878287
0.0424326562422389
0.0316421099751354
-0.0056695123307152
-0.0260989739525296
0.0500980832722619
0.149371880021419
0.004879636966611
0.0586733386656352
-0.0071655551772693
0.0153092140040575
-0.1011157130140267
-0.0075214812938103
0.2304427845573708
0.1609845811411787
-0.7846182291572689

0.4788151758242522
0.125707095177542
0.2504171227445104
-0.0431240263813593
0.0603434515865651
0.1763172353241428
0.2124614477989548
0.1558680781314779
0.2738391132288599
0.4079255003765445
0.5064353891690931
0.5376573131853271
0.0874693861432972
0.4430967834497596
0.2439106912392859
-0.0381862014138618
-0.0460417733143148
0.2338691713671578
0.2028879372325212
0.1749530882255932
0.2669234916098991
0.2725809123872205
0.1073786352679723
0.1222643104033377
0.1295378778227077
0.0296932522919738
0.0242934113619728
-0.0127640258470071
0.0550367161892085
0.1695616346614182
0.1455708788334188
0.2027603290943051
0.2876691934898892
0.3190011012602335
0.0855047578864602
0.3192990415583976
0.1189958033904277
-0.228616332744589
-0.1616024146982181
0.6559796940935514

-1.5894258460084378
-0.2123610888068051
-1.0246778153717715
-0.2150856146917475
0.1318400682876429
-0.2096536718519508
-0.6350305058973108
-0.292990677761085
-0.4907610780838081
-0.7640069033560792
-0.8362581616489431
-0.957762005396483
0.1218403025268844
-1.185886991382861
-0.3995295673262268
0.7445422335275996
0.0324915588374049
-0.983213775053143
0.1038133888928427
-0.5229600206778324
-0.5050045840606324
-0.6404809550920404
-0.2743278373494171
-0.1512090286468926
-0.5411957725035763
0.0542803867520811
-0.0142892344496757
-0.1403019145446022
-0.4100379403470527
-0.3554879019002055
-0.433583849461964
-0.7716405342805506
-0.8344292085876155
-1.2056530628225768
0.1448677880361482
-1.3150363610104152
-1.3909018834897815
1.3701071211799951
2.0238465636508343
-3.375378996399121

-0.0002835751763874
0.0004302117464865
-0.001142159069289
0.001961779210227
-0.0011896940726654
-0.0006261096562443
0.0011891795508442
-0.0005503196653726
6.876060157282889e-05
1.132646119742492e-05
4.378363660117116e-05
-0.0002673105554708
0.0011434560462264
-0.0006124442421437
-0.0039740538169771
0.0015536850119421
0.0076648118160561
-0.0040866750719877
-0.0108493286552281
0.0230279649692814
-0.0392345501158105
0.114818424955136
-0.595600139513203
2.048752637222489
-0.4008033732217433
-3.3492262389073253
-1.6700320827322614
4.936674613835735
7.55874063642399
-18.167432434714424
14.019761537940775
-5.126675895765838
2.255881268330549
-0.1065884299673273
0.570655923985986
0.1874240932215173
0.8248922950183796
-0.6402583102317044
-1.1385644100389123
1.857357083551408

