-0.7282243099818749
-0.1532994584865211
-0.5159419023829189
-0.4096528881350819
-0.0382313584561496
-0.4826956987504637
-0.0692384909533064
0.1813570642392462
-0.142096263341492
-0.2868213757422608
-0.0701153955724933
-0.2498589098976371
-0.2665302349799587
-0.304700924409951
-0.0708264131679663
-0.3093013751563693
-0.012286970472286
0.1136233941525398
0.0056792207019842
-0.0905608164743008
-0.1204675142847134
-0.0101552701605204
-0.0323951090826147
-0.1104994796474534
-0.0716942044520066
-0.1490595105031551
0.0560559327133787
0.0411716913983237
-0.7296906165658126
0.0111756714141653
1.157502914605251
-0.2828220770077567
-0.7266833787032081
0.0839865959235967
0.0574167033021262
-0.4060318479286069
-0.2225151083719687
-0.5691052128931243
0.234845118811329
-0.915052561095088

0.3640042355684756
0.1182340234655288
0.3182391804546756
0.2815011694453961
0.0952056817596315
0.1744948000186737
0.1561487425633223
0.0883634937997946
0.1084261232707051
0.2003237392979234
0.2746868719366783
0.3466791348539966
0.4877999969078476
0.5222411046052413
0.2690625171522623
0.2943933555356585
0.1632339327017553
0.0170949413108317
-0.0046020497005156
0.0549674464785393
0.1132517741941726
0.1433977022670859
0.15814417932065
0.2110917851685735
0.2868432837317586
0.2915777215188104
0.1574409022581098
0.1137357862800336
0.0385151123415377
0.0421803675011743
0.0959152194182533
0.0986289465570775
0.0972204996653114
0.1201678131756193
0.1653755301025501
0.2204985229976562
0.2886069122636107
0.310364161694973
0.0692760882666313
0.3714019400050158

-1.2449976980102446
-0.3232874044216088
-1.0391996487251256
-0.8319691234635689
-0.26973020868062
-0.6292524474614793
-0.3189083810274142
-0.0007896292122713
-0.1628106457273124
-0.4607817962620806
-0.4588102453501388
-0.5384886875290776
-0.7654261432733601
-0.7895140658282256
-0.3732642079450017
-0.4852654424102502
-0.1539436736829305
0.0616820131021965
-0.0268194980139062
-0.2123916937305073
-0.2741381902595166
-0.2547452199184687
-0.3372527248036072
-0.5514308536017308
-0.7127853933471041
-0.8238184337098492
-0.3639197295161168
-0.3811269976006494
-0.156007199949934
-0.0727169338257597
-0.4277041858357338
-0.3549410611924887
-0.2165105897732431
-0.3500467106708704
-0.5698976079012922
-0.7135560960403201
-0.8670957068224713
-1.0902705666325352
-0.0205466803624427
-1.3680763475013846

-0.0562050062330398
0.0421626295349641
-0.0170055869022425
0.0088509773565952
-0.0106194853520764
0.0109967471020335
-0.0022730708371471
-0.0044372082771675
0.0017130762712498
0.0019483325775904
-0.0018317802714541
0.0007922074012145
-0.0004202623046228
0.0008150959399854
-0.0039802524806061
0.0111789269417061
0.0036385104925643
-0.0157018683773046
-0.0151251994103074
0.00823739645002
0.0320935678243174
0.0027381097070235
-0.0796258204931144
0.1289640431234909
-0.2018999491296152
0.5791551389536187
-3.000749979674284
9.78991050346749
-0.1391050933776324
-31.69902900067674
31.134376636986133
1.4589382620666662
-9.029296349653803
-0.8188012254577356
3.967156875746217
-1.2840763883218198
0.979301565255627
0.4812945525506086
-0.0242563097304567
0.92282366216379

