-0.4125289605966336
-0.0966835817031408
-0.3325825721267908
-0.2374236887170844
-0.1267356965743968
-0.1325498117027482
-0.0238879029202068
-0.010391087168102
-0.0336370439570524
-0.0574510814393512
-0.0521297805952844
-0.0460966826882495
-0.0563240056850567
-0.0367046164980357
-0.0095562586296606
-0.0429060239130151
-0.0270610769250678
0.0059793880993245
0.084738189577467
0.0731020848008869
0.0122381865181312
0.0334518356123914
0.0997832311233422
0.1300396984286741
0.1691415390615148
0.2037375933477272
0.1027951457455722
0.0311138112794184
-0.0025269704189578
0.0834593475735642
0.2506144392130772
0.0773860989236017
-0.0652935515315371
0.003768123777804
0.0767931264502542
-0.0167018732888956
-0.0329200643212661
-0.1863212905890298
0.1824523490863122
-0.5282346744851921

0.1362791457508934
0.0761684113800342
0.2558143946628333
0.317608329947362
0.0730752846914961
0.2759471925826208
-0.1635586562039763
0.206061965879468
0.2550894173122627
0.1017755908680593
0.1172602646287844
0.3054753317841205
0.2638889309526487
0.3855700271322017
-0.1772116316207561
0.9738602758155972
0.2679846346103888
-1.8986614379059583
0.4857422371146098
1.2705880710843094
-0.1218172638739745
-0.4165135745906137
0.5321136469822528
0.1948022121979429
0.3304162002552266
0.3847800159387232
0.060106548369258
-0.2221592092352897
1.1837874950045897
0.5443130182409976
-1.761084053758659
-0.2903806630859783
1.2224634934978058
-0.0107045993778028
-0.3496979040326214
0.3203293168860743
0.0228010230470724
0.182507078936271
-0.0448628446916126
0.2160005915942782

-1.3120304169231534
-0.3400802635777305
-1.1697108718184126
-1.0550101859986227
-0.1224167499898008
-1.2604950449794732
0.1796516197486016
0.186593061047199
-0.5171536389582392
-0.5792573440363754
-0.0981280867764632
-0.6546936438336611
-0.5095466344409026
-0.7552333553521895
0.3920986081600831
-1.7213652634372214
-1.1636943795970576
3.683978540474105
0.080503177965019
-2.4660706920704363
-0.4320672233692847
1.0278154258393974
-0.8880228134452365
-0.5059330400772658
-0.6898572660884168
-0.9298744332061012
-0.1837795661192101
0.1009692543687159
-1.850115671260233
-0.501422428629249
2.049720781638551
-0.0622963079664346
-1.670822472515613
-0.2565702506842656
0.0559239608197502
-1.016369865333509
-0.6833476391144753
-1.206143735136052
0.1844844547608077
-1.585963446763308

-0.0569226578169855
0.0426291246847213
-0.0171579840083979
0.0089018167560372
-0.0106431493959673
0.010947538078568
-0.0021664088655273
-0.0043800192544168
0.0015546722691045
0.001788453199111
-0.0012587061986821
1.200939610366786e-05
0.0006757890992499
-0.001874335747184
0.0045155578205866
0.0055299734762616
-0.0282727680919619
-0.0175782807055091
0.0373028064414295
0.0626994668715448
-0.0341984615062602
-0.1627462164572361
0.2696728618583198
-0.2570396659342141
0.2842583133839546
-0.5639900577462481
0.7990784422056041
6.957546156686903
-29.5122238060588
29.211707570203675
0.7715175433353929
-8.583316695821239
-2.550354894572758
4.71670703992938
-0.5960054947224539
0.1191716001802153
0.6469013320651253
0.5901215054130854
-0.0895042261868449
0.9546862422240164

