-0.549965863729348
0.1615337475842957
-5.8176248604539176e-05
-0.1839616555612855
-0.0636017774918614
-0.0944144518813365
-0.1334741162790659
-0.1578376505444835
-0.1559491765459144
-0.0475950792071168
-0.1368779135557831
-0.0288878260160676
0.0713030583454356
0.0139416757412777
-0.053692634115087
0.0108576120340173
0.0309267353372048
0.0241719041571388
0.075806988295763
0.0957226103424622
0.1409425729039193
0.0348829547025551
0.0434671245288184
0.1114010161669118
0.0527131550724334
-0.0089970696619808
0.0160305100953118
0.0992470050744635
0.1160250238043415
0.1028257240296903
0.1986684709156371
0.1904492976709197
0.1762062981460531
0.0225530503633625
0.2866757020724987
-0.0375340323070725
-0.2828202534515176
-0.0459353935391042
0.3983674874008331
-0.666415716787374

0.8225018716171933
-1.5771582573762053
0.4285758244931199
1.4935781387075595
-1.036657371946021
0.4798795095446467
0.2450820876008597
0.3535274492958931
0.4149046904940449
0.2518427567912759
-0.057674225740927
0.3788547320729091
0.3827475909876782
-0.3394371685368156
-0.2351588786402758
0.312449020291145
0.2928814763737546
-0.2186440933331312
0.3711864170519017
0.2154183245314208
0.3873331536475008
0.0937250954947443
-0.0127655996271702
0.5021494163185707
0.2658905879926972
-0.2895259284906614
-0.2003058895813632
0.3604219981355004
0.2108732124301544
-0.0627917181056847
0.1091696862027476
0.0914124061960249
0.1228380401029428
0.0551831627184738
0.0363563976680501
0.0647177265991268
0.057877553380517
0.0727923577191409
-0.1749818551601
0.2845690219294686

-2.7950663438487857
2.524852093123777
-0.3974730482270546
-2.037610403625073
0.5886356256556265
-0.5731984271772831
-0.7806779329797684
-0.8316893222208359
-0.9834851320601222
-0.4175119671280462
-0.2269007150614289
-0.7739814112863757
-0.3932266189995069
0.5677727862128659
0.4528861381690601
-0.6580914638788327
-0.5180630597809128
0.5286625331900768
-0.6296364498666136
-0.3071735603595524
-0.656699702374384
-0.1741565399485837
0.0235337662971678
-0.7781186553541739
-0.3794839839381418
0.2991507312903369
0.1267939684336664
-0.6304915888000333
-0.5367165289136325
-0.1808030971438358
-0.6495409578355105
-0.7455505094545452
-0.9089718638693312
-0.4481089700953355
-0.2058907985652791
-0.4673981233615571
-0.5402508044784989
-0.5659149134907755
1.394186928720006
-2.229468869992145

0.0026238628739306
-0.0047559073359942
0.001396307198521
0.0025862368420986
-0.0022758352242102
0.0006044763044955
-2.997765573716953e-05
5.7184931601911614e-05
-0.0002410878751404
0.0004474425214982
0.0012130573140175
-0.001312261487937
-0.0055854823505126
0.0014008841490157
0.0098137766281292
0.0021126382404956
-0.0194526264096283
0.0154291965158774
-0.0012570193279994
-0.0146375064380518
0.0716270278028598
-0.5333428537236947
2.1224744462934333
-0.7064135214891821
-3.435564486455857
-1.3457970227340608
5.300911957301468
7.283625856741794
-18.84288319202571
14.87445091525598
-5.566725805479601
2.4099371572156283
-0.2312953885916787
0.9193500314258912
-0.387860478777735
0.3412359766826716
0.4355877310818329
0.3395480357275611
-0.9272986860387632
1.3602957701499967

