-1.017389831937826
-0.0129279292975838
0.4197409835024322
-0.0933588919585551
-0.5231808408881714
-0.0287228129988084
-0.3023208393996157
-0.3400022972775164
-0.3831918481010081
-0.1422596059728055
-0.2120687895569248
-0.1633723589819181
-0.0010006508797411
0.0112749284725783
-0.0651414064864328
-0.0783814210708318
-0.0636815041162944
-0.0998430830636649
-0.121939598817977
-0.1468380730311337
-0.1561977094683536
-0.0319994539593491
-0.1480287423770805
-0.0438663606406522
0.0631677443164595
0.0365601757692844
-0.0406687324586834
-0.0836275203312055
-0.0565747505629456
-0.0036708296020547
-0.0671757202395548
-0.1265528338136214
-0.1939178267156691
-0.1349212037878115
0.1333823300810137
-0.2343116533765595
-0.3985562818558354
-0.0915194233007021
0.6145054941282505
-1.1398946270292991

0.3687097891997616
0.0816770405644053
-0.0518072395117735
-0.0043516206458081
0.2050711788058077
0.2473319306808516
0.2634236342481115
0.4120621702448174
0.4788030062276587
0.231463908655731
0.1958971669016617
0.1776445852888643
0.1130167248319716
0.1015677502098036
0.1231476465877702
0.1342515905960263
0.1421250654263625
0.2046097596528598
0.2628789819982329
0.3230448801931992
0.3305057611506477
0.1321281827994776
0.1471180614833981
0.1236535209770256
0.0538598398521619
0.0261566098829499
0.0531430831718954
0.0703386388113675
0.1118669462502826
0.1760678084963534
0.2260699989666412
0.3026502909446231
0.3298945814616085
0.143508180785663
0.1891226387127505
0.1600410788799824
0.0538639450024605
-0.0217206162592567
0.0054906067560982
0.4271620044139745

-1.7252994527051837
0.3514093207781051
0.2088682710902047
-0.221340612217873
-0.8507080294574815
-0.1884363389433712
-0.7295570288506337
-0.8070893848536173
-0.962862661725922
-0.3427063011615743
-0.5173837920834599
-0.5292809354036792
0.125710000972242
0.0511154987177691
-0.3214030917748529
-0.1914092873092436
-0.2016500203307317
-0.341202506413751
-0.4671892118356362
-0.5777446234335571
-0.7075661063045361
-0.182141462538122
-0.326055937562468
-0.4505042964865329
0.0021011834042823
0.0672497766870525
-0.2918474188339734
-0.368159726364732
-0.3598536304936779
-0.4297654296712079
-0.8101729593668884
-0.9147733976839698
-1.106828498359552
-0.421265433356292
-0.4616786389462804
-0.562446148020066
-0.357681258226067
-0.2373056928262906
0.8347723150835864
-1.898301585877526

0.0026361339225355
-0.0047825982933881
0.0013783391257965
0.0026292436269564
-0.0022210847039787
0.0004362767113933
0.0001782547781755
-0.0002037860511029
0.0003146428163654
-0.0007006906854001
-0.0008148215144628
0.0055191620581706
-0.0008563189972799
-0.0053883494494321
-0.0039642357817255
0.0049142445434354
0.0124827697107598
-0.0227201933152245
0.0206342292380058
-0.0198776489543126
0.0302470777770238
0.0296823830542265
-0.659325972773077
0.8314079767749096
1.1398479479721142
-0.5613596952690655
-2.495832717867255
-0.5243066628057841
6.786797950796316
-7.918012438593513
5.091745992089794
-1.3213228218583135
1.368780605156369
-0.4545165715981655
0.871440275426106
0.0347610029696735
0.0894578485300865
0.4089633204822383
-0.7427389260554745
1.269950349760048

