-0.4556901972701643
0.1554007772852323
-0.1514972735998621
-0.2022918115380806
0.1047096929251377
0.0394571393494759
-0.1345697577868809
-0.1128762025686166
-0.0482103316046979
-0.1161053722115807
-0.0940220289763946
-0.052931499528331
-0.037850478317114
-0.0496959994996731
-0.0146793463444196
0.062635823416612
0.0190832185150851
-0.0117561562743689
0.0821857947360674
0.084251371207844
0.1247938230323354
0.1583271603097464
0.0021314812421982
0.1352535022237777
0.0850672080310278
-0.0064172699058242
0.0398019223971454
0.1283303104105504
0.122722542209255
0.1726503184117966
0.2450157899027294
0.2414897826808606
0.0306578235505604
0.3094864785648493
0.0936935975821671
-0.2224165288769928
-0.223267240070395
0.115379969057958
0.4087935816319388
-0.749955940531357

0.8943912478504749
-2.224761817785084
0.3506574624581858
2.558180821052801
-0.5627813624773693
-1.1895712215347345
0.3990623790894954
0.7269821401913981
-0.1016851822068993
0.4380789399733776
0.3305446784895033
0.2138965908269323
0.2053126498392581
0.3116648071623181
-0.2738862959981601
0.0440372474475052
0.3554836820715752
-0.2797539643399628
0.3761505329342721
0.1852809666718564
0.3383113025283063
0.4002337214208539
-0.0630702484989824
0.4793453748058326
0.2582856850525789
-0.2738044054626019
0.0058666222316331
0.4084580342320494
-0.0282974935748703
0.1733908690164654
0.0946752733031266
0.1212891164510867
0.066517659493326
0.0034147773719841
0.0901862792987736
0.0393914481987166
0.0606967430138583
0.0124966434608083
-0.1780975594322996
0.3068449952894997

-2.385469499262875
2.71881934318207
-0.7388686451905999
-2.555346781113862
0.5321832641666512
0.8799455439458337
-0.6754572123190458
-0.8546368834291024
-0.2664545897434431
-0.7931833262344279
-0.7702366815098677
-0.4069800526602129
-0.4543212950324119
-0.7168288135266102
0.7499331771536579
-0.0918992423490192
-0.808470457523734
0.7102059846294383
-0.6489095711902365
-0.2761034448485655
-0.5678003161224173
-0.7124896899234106
0.0754343655478241
-0.7332519316051058
-0.455971572132448
0.2790680123866042
-0.155628851646493
-0.747882903876183
-0.2680639735627478
-0.663402786636144
-0.7636772822728132
-0.9093149266975212
-0.523924348428823
-0.0510163416518171
-0.5386762460110727
-0.3179265647311954
-0.5861632784183776
-0.115744370831621
1.4470950788353767
-2.4029809848627064

0.0009849363393689
-0.0024511615118571
0.0013715635794001
0.0006226336852932
2.0610782323535696e-05
-0.000572216277562
-0.0005380533657442
0.0010205632507495
-0.0006013551771719
0.0002314211031582
-7.173905412349949e-05
-0.0001256364682866
0.0003291076075342
0.0025611499695531
-0.0050982434317532
-0.0015179605541227
0.0070463968767913
0.0005551697594843
-0.0119094809021645
0.0196104916824803
-0.0357562531907094
0.1199325506103533
-0.5519559586070724
1.1755949821366911
0.4549404332344308
-2.203625566013955
-1.2813974542239304
6.351555461580385
-6.931937579243038
4.418343891970419
-0.9404733126075656
1.1657922812866888
-0.1900891668517196
0.6531126586373682
0.1414341558298064
-0.0410591900566156
0.3282706640024006
0.1774898385077929
-0.8462195358542752
1.390861449778084

