-1.0363169368679506
0.4387750205390765
-0.4005904254889894
-0.3274405701235392
-0.3923587546543745
-0.4080294248574271
-0.0637647712180301
-0.3832669422404225
-0.0536627418122693
0.0823138590361075
-0.1146357334818141
-0.2014400504053792
-0.1198075826728296
-0.1944051876365155
-0.2332855947044129
-0.2422807335591688
-0.079355161407879
-0.1384871958204906
-0.1032996268920427
0.0319436866738141
0.0083974065054304
-0.0397808594121646
-0.0406275386283967
-0.0474970203833524
-0.0516428395933118
-0.0684260273118073
-0.104572951805561
-0.0832453136839884
-0.0451349506184723
-0.3571288708547626
0.4639884802894937
0.1245154708314674
-0.2406528033309986
-0.2319989965336105
-0.0733419321771005
-0.0526366239378087
-0.1544423165645708
-0.3920938041454795
-0.2716398421846286
-0.7114046157756074

0.3534369284045312
0.040466876600596
0.1081468813505116
0.2654843185912123
0.3370009171733764
0.3611247813522892
0.1559038481836378
0.1978185624773529
0.1259465131401593
0.0943372339868723
0.1427606849325469
0.2149654473520633
0.2780209306209004
0.3505926228086071
0.4685241203988636
0.4819651639167697
0.2300769182434363
0.2352682281840492
0.1631427451890015
0.0355175474360433
-0.0254893084741676
0.0173447189540169
0.1199413626472405
0.1682768526985412
0.1500355098973618
0.1986370932716316
0.2772771426895852
0.2969393858315328
0.0943002684129947
0.1171764201751196
0.155658655085771
0.082454775318136
0.0350671466050706
0.0525128985017858
0.1006810515739699
0.1355142783577083
0.1510953928384993
0.2352632417662494
0.2128386916818298
0.398701288897675

-1.9758875720377405
1.1979534895446493
-1.1924401546719354
-0.5192382857349883
-0.9279845610851776
-0.9473977442215152
-0.0276970423600903
-1.1485895741492127
-0.0126575697540116
0.2955804233934991
-0.3962061710058588
-0.6044469199930472
-0.1969276118102634
-0.6104245715096162
-0.6481451803311726
-0.7403963318599954
-0.2756297525781648
-0.237213683701079
-0.5694659061582199
-0.0304982382276005
0.2530084349969175
-0.0454026262620891
-0.5183778462329507
-0.375066492643658
-0.2184438625855504
-0.6891927394644419
-0.72806898676055
-0.9567797025812784
-0.3595163311923423
0.2365651861126143
-1.4412673739753836
-0.3654214534528883
0.5624276150168944
0.0516398186935167
-0.7301211309617497
-0.6847350152455364
-0.0334928705714726
-0.9932841676913872
-0.5960160801986591
-1.317545350599614

-0.0947161678340921
0.1176991097310886
-0.0593536865456635
0.0182368578505713
-0.0052685062075797
0.0025007035173116
-0.003040464926736
0.0034392515956763
-0.0006596694821245
-0.0020132211231426
0.0010201235427802
0.0006329044937675
-0.0004485710730218
-0.0003644667483041
0.0011291181663256
-0.003314049222621
0.0119915323499253
-0.0161573639819804
-0.0310842207871145
0.0072469773122102
0.0632970123152386
0.051863823360672
-0.0915243949997612
-0.17466333255982
0.4229979403117822
-0.5005483179854575
0.6677627612220304
-1.716988661998663
7.734925696543865
-25.199017109149736
26.652455170265004
-0.3747436168688486
-7.635105874338753
-3.170296546863129
3.223855534363064
2.654924498354147
-2.197328892507065
1.3394576414120238
0.1326824742420865
0.8872516902338325

