-0.5048721831127514
0.1689104248723421
-0.0909710184131211
-0.1795926535808344
0.0152806862160822
-0.0873986300361741
-0.1175595480786294
-0.1249870620947841
-0.1469727639266927
-0.1152597521022334
-0.0436165026731725
-0.1115742035123463
0.0356106411039547
0.0329579092640747
-0.0399416574089932
0.0096767415606481
0.0276524274637818
0.0424841605043093
0.086486843237229
0.1215573014190879
0.0645801691213154
0.0073058953900156
0.0839385597524992
0.0572677784859867
0.0382103164524695
0.0248266774443203
0.0565285387564646
0.1073124748629618
0.1221096625606079
0.1733316218929902
0.2382054908418732
0.2269298907185404
0.0104351370105905
0.3329172911065914
0.0864544554805966
-0.23570255762176
-0.2294894974735419
0.1238351970486246
0.4233962596219208
-0.7633045626310033

0.7182650104147461
-1.5222621491932244
0.3696875227741257
1.6748912940298168
-0.9281710279401196
-0.015339408197761
0.532882824774053
0.1731163011632344
0.4199412048852459
0.4123002981888138
-0.0259958390002441
0.3905796573008092
0.3195440902045474
-0.3334017906856509
0.0065530969469274
0.3393740037483539
0.0010861390897212
0.146491732483799
0.2689446338093658
0.3207026493284216
0.2229683371843867
-0.1133951354512297
0.3238086707244909
0.2547634071546837
0.108119153550379
-0.1847208154403794
0.0244884848631789
0.3616203145291227
-0.0085958778980976
0.1681133697547914
0.0891185680679394
0.1181710443737133
0.0445584611466412
0.0189952188085445
0.0819423581583718
0.0421502119897037
0.0598274688941502
0.0050496427856916
-0.1765990334723917
0.3084712313451284

-2.2869597754862845
2.1304434160479366
-0.707158508439819
-1.8400253196583984
0.648179286987314
-0.2574988640967258
-0.845394161479197
-0.6224215655216938
-0.9032511698664036
-0.905852829139597
0.0384040572320607
-0.9976041346200126
-0.3703360156242066
0.5838601082892741
0.0214707967511711
-0.6768558661282101
0.0682951299002873
-0.2017247031519072
-0.3841291392569445
-0.4999502160927163
-0.3592248002269939
0.1885524524303152
-0.5628903976753447
-0.3315706533018373
-0.1628626256954533
0.0692383538819073
-0.2147431355028602
-0.6228797297997859
-0.2967686515450999
-0.6659714587789556
-0.7212449031677034
-0.8873144556139113
-0.3664892091520524
-0.154126842221642
-0.4825532496263612
-0.3391652611428351
-0.5804774361722274
-0.0605120134277608
1.436911589862549
-2.4153838982663296

0.0011458767693433
-0.0027173206158346
0.001652544396366
0.000643989676657
-0.0005444188991684
-0.0005718403262396
0.0006573499048488
-0.000271781539415
9.48139978074963e-06
0.0003386368777921
-0.0019835806309604
0.0051836906365952
-0.001386179362479
-0.0059892011530438
0.0009659686323891
0.0095016125482294
-0.0104351769422894
0.0051786317841595
-0.0002626700720625
-0.0110714347026701
0.1327229450073493
-0.7667164220438561
0.7031571838694901
1.2062498481238333
-0.3424214496290115
-2.3942619415731348
-0.7993635735173619
6.527824933809691
-7.337510090589451
4.705075526894246
-1.1561965730170352
1.328144316091064
-0.496975093387357
0.8564215638528506
0.1563220333663158
-0.0814203774396991
0.2769086226197554
0.1531283724566345
-0.7993222281680425
1.3818359020186135

