-0.8287163978924321
-0.205852084821238
0.277078405544965
0.1277646352126553
-0.4372773243858701
-0.2014642852532138
-0.0993909922467412
-0.3445245211552803
-0.3254605694195002
-0.3608363971865034
-0.0347090308145512
-0.3385317438513808
-0.0727620670139214
0.0803715044728481
-0.0767469381576407
-0.1534505779530098
-0.0591888808843935
-0.1455011914915226
-0.1591186709245
-0.1837042721774045
-0.0346531213337965
-0.1832315421599469
-0.0734570864867539
0.103811697165787
0.0592706220628919
-0.0693423604895338
-0.0975017248967041
-0.0253659725496781
-0.024540713387862
-0.0870540564531538
-0.0676988693034818
-0.1459156599766834
-0.1297834098194669
0.218666648442428
-0.1143402981647956
-0.3675263686834843
-0.3393170212968843
0.1536705530681762
0.7057360802458706
-1.2981884232867196

0.3624862500256039
0.0876389090992976
-0.0379963066577071
-0.0321473971033298
0.1624534308302206
0.2360032639990462
0.2186809359343061
0.3257988614557136
0.4588225819962308
0.4500178476833108
0.1810616167808155
0.2440620262087557
0.1710409460776335
0.1082379382962374
0.1331263181533816
0.185783707130701
0.2178854769586907
0.2771813508545586
0.3553497930716743
0.3700828218195535
0.1840020135668762
0.1506369859270571
0.1057100162358024
0.0443771188027052
0.0313455685733758
0.0592732489023603
0.107009383666603
0.1115951645576068
0.1398665919906651
0.2245920452410596
0.3069883846121623
0.3306125734427099
0.1242945957359817
0.1820028021568413
0.1659894116020383
0.0685206136053659
-0.00985904101637
-0.0406946258681658
0.0336657692318912
0.4148067725374679

-1.4707091910770826
0.2109254366665927
-0.2207385715248767
0.2174240261314589
-0.7000675830840087
-0.4176006136517757
-0.386230794874267
-0.7679512488043607
-0.8228940024812681
-0.9322726919512544
0.0119691018171786
-1.091362375107848
-0.0359626150829585
0.3054962476210855
-0.4175610664633885
-0.3873256404834077
-0.1867455798181842
-0.5169571455729709
-0.5854982355995062
-0.7166866041252725
-0.3018618683981023
-0.2658258464914092
-0.4441682023292477
0.0402935120954708
0.0457089870633748
-0.2430592975947786
-0.5021260590835376
-0.2377648014824084
-0.4436111958102466
-0.7590004642416811
-0.9296593586865805
-1.1204260488834448
-0.3446220927945445
-0.4556782814625664
-0.6006466323060693
-0.1695154098802621
-0.359405282933494
-0.0838228221899114
1.0710091252267329
-2.1105018966648443

0.0011456802731086
-0.0027054254371078
0.0016478475300719
0.0006219308772897
-0.0005448821459362
-0.0005180178905333
0.0005903176130797
-0.0002240188020358
-1.9528648370470943e-05
0.000294002802169
-0.0009788621156437
0.0014076069077337
-0.000610189583695
-9.578541501134596e-05
0.0010435150688306
-0.0030423738608743
0.0040228538410169
-0.0034164401938013
0.0030124139982759
-0.004006937771354
-0.014218190319812
0.1909715945187454
-0.2771874777767535
-0.3021716124515061
0.2523756132037417
0.7144241286057958
-0.0778647423193502
-1.8141133225267776
2.5129959782349727
-2.1130209062394494
1.804455821817997
-0.0783231619388276
0.8496890700925467
-0.4486100637126105
0.4052061294864668
0.3118587121697303
0.3399369710885898
-0.0227979908134377
-0.9179915891398446
1.4885888402900054

