0.9654538380648094
-1.4709427532446706
0.5029646299413124
0.4048515230731899
-0.0857948170238719
-0.1138441902452193
0.1640539593628598
0.0666040765379088
0.1224983103682881
0.1533148568514644
0.0514075618838933
0.016038426972706
0.193801773705096
-0.0027821807500063
-0.1042932786027843
0.1137496910746624
0.1149327438241417
0.0883264971224707
0.158954531636737
0.2247661580156066
0.292552153781936
0.3741994934579761
0.1090522441481917
0.2274368736741895
0.2410171605336778
-0.0829352662584133
0.0834748483862803
0.2761599092910946
0.2008552578471147
0.2874330182208138
0.4313405938294003
0.5466993835473525
0.389537911355486
0.0765400143917619
0.6022754539591249
-0.2105235856110988
-0.1641974962526326
0.2968540837493185
-0.0217666741942193
0.1099660302017602

0.5531639650703795
-0.1238322690154124
-0.1519132426888093
0.0604687894654836
0.149666512056545
0.1232675955538892
0.0613845206749303
0.1664172858085877
0.1727452000002901
0.2348787135645301
0.032747972350002
0.0964174037602631
0.3347031934175826
-0.0070462345142897
-0.4193807638661717
0.096249050815393
0.4423588477456971
0.1210407002221754
0.0295544260272802
0.3442695831660967
0.2845802686524357
0.4122051730547492
0.1092323528399446
0.2751767096081721
0.2051790648978175
-0.0204688005182575
0.0299319821109813
0.1883647306624353
0.1866845895825842
0.1474138480771498
0.2624463472175255
0.2626776206214869
0.2226006761786225
0.0655264571033086
0.1591170557953901
0.0180895230004538
0.0889449541888802
0.1641995371566688
-0.1634507588653414
0.4558159453676264

-2.9503790953754487
1.0507022627646514
0.9015608280088474
-0.3743031631496269
-0.9770246553012976
-0.2610500958913057
-0.0984317065739108
-0.7016612027996773
-0.5230239047962105
-0.7388591498176242
-0.0946872081616473
-0.0920533974759568
-1.483266546650171
0.0046543231965135
2.063000891221588
-0.5063207270969041
-1.6345349615189746
0.3678180191026687
-0.0118095744390983
-0.7222609551269081
-0.4709168036528074
-0.8281156673134518
-0.2036176932616142
-0.4360389150839012
-0.5892394222515789
0.1246999975098182
-0.1077052913879435
-0.5972505832674921
-0.4221720427013804
-0.58898541472091
-0.9044737643889716
-1.070395301609433
-0.9018988298967834
-0.1429806233364126
-1.1643068223836024
0.5451189006612511
-0.229619149635426
-1.656312762658934
1.490925813597998
-2.227621186373237

0.0046789672209844
-0.0066854342638093
-0.0012137417353214
0.0041749765993383
0.001705367665364
-0.0032840755056958
0.0001101819424637
0.0020206690260884
-0.003387795079226
0.008008154038292
-0.0215783352042346
0.0029446944816664
0.082912408377918
0.0199423879647742
-0.1189330424222637
-0.1458726426566816
0.1323959150009763
0.4083662874312393
-0.771889673970004
0.7875183280275677
-0.9052460971164052
1.9269536615431544
-5.874878805545784
10.629347602782946
-6.055339626959623
-1.7289329427501938
2.3976941744914355
1.1985437569308883
-1.199384127299936
0.9313657736438729
0.3319983908622391
0.614214301078923
0.446100940919318
0.1078619489830367
0.6048334388453468
-0.3361098816825614
0.1161782029801596
0.9137794263437606
-0.8396425239194948
1.1966442963420874

