0.3034391306507677
-0.1823862883028518
0.2084991471860134
0.0632760064662044
0.1257388898788094
-0.0713813210377892
0.2284792932985162
-0.0425952564893664
-0.0836986684968933
0.1477867819562066
0.0746385077923969
0.0623625187192902
0.1600685149553329
0.1820079952957833
0.2166389352684826
0.039884789575349
0.1543821546645184
-0.0128361784392108
0.1677884781774263
0.0565496555024411
0.1480975404659358
0.1786061496316005
0.2726810934223748
0.3552023623385159
0.4493374456960523
0.1708836099114774
0.0478119178629127
0.6820481128304728
0.1184561578578902
-0.7324487414491797
-0.199659858824124
1.6504315246452224
-0.6463657925411866
0.2604626865314198
0.3507293866215737
0.2335731888456563
0.334342460273787
-0.1433364798628641
0.8664061885220394
-0.582719380738063

0.3073977118453527
0.070256866352037
0.2080459508957335
0.244102431311413
0.1487814007254714
0.1137481240955993
0.1054522019628513
0.024807829794198
0.0063141389057621
0.0765778073310662
0.1110057807325736
0.1147469734973533
0.1738492099997494
0.2387658783419782
0.2283242548069579
0.075495173803822
0.1435711378160755
0.1313399666011657
0.0956920732516414
0.1010708144971913
0.1210884439632817
0.2116236692856389
0.2795057360897651
0.3765018238378656
0.4081515589706156
0.2064090021321108
0.1935675980067424
0.1562252909703641
0.0701859153444385
0.0129561005293395
0.0159014972561927
0.0474006666401304
0.1297235039578277
0.152384476569945
0.1694864424458418
0.2389349615417853
0.2654214789288822
0.0709859420854838
0.1055528320330217
0.2331303939351838

-1.592550497357589
0.0779286260677161
-1.1116596076022212
-0.8522290567775442
-0.6924323475816604
-0.0852120186047279
-1.1524695640028422
0.2441031171819705
0.5102779594791004
-0.6695875980057561
-0.4090381699566627
-0.0618288900973174
-0.539903508163983
-0.4399301929622403
-0.5593958774906859
0.1705546874905546
-0.9034651332137842
-0.0222214292263336
0.5196254947327734
-0.6603786305186938
-0.2685773386150523
-0.3005948435044582
-0.6100321237819285
-0.7570687496110686
-0.9600563935192076
-0.375722311966034
-0.3336988392985601
-0.8133659491985054
0.0034117123564151
0.2967212125188601
-0.2442652138924931
-0.7016757656293597
-0.3903636849455589
-0.3919239236660218
-0.8759298655835761
-0.9409705388464312
-1.1507314059723863
-0.4040863756558069
-0.1219865042084649
-1.249196355803768

-0.2834526507975228
0.2635093206359524
-0.1161913028399808
0.0464849956953073
-0.0328831068340701
0.0343242993628336
-0.0154446566470683
-0.007398356864226
0.0046133443911361
0.0034848363854981
-0.0024031401724806
0.0013462727053267
-0.0030879580992241
0.0074931328868968
-0.0286279945522583
0.1542510585426375
-0.4052431698665723
-0.0053147632069885
0.7073391705542945
0.0947014765544336
-1.7521637197928337
2.3081462601222733
-1.921808694511358
1.6595123382080783
0.1240496811953863
0.6626690732037145
-0.2319305228571728
0.6748940963452807
0.0114666624879083
-0.1786714790367737
0.12736638523066
0.3415377986318061
0.2101695568662145
0.2205650665208283
0.422194558793465
0.5071172849836425
0.5151228889225485
0.509599178419199
-0.8648188556715274
1.4468527405840876

