-0.8746827537351191
0.2059165659442347
-0.5362060928200538
-0.3431953591564731
-0.472156542910273
0.0617695050226537
-0.6104767710474299
0.0045233637520109
0.2267113021613014
-0.1764011292515798
-0.3110216739746216
-0.021156017981082
-0.2578100636961694
-0.2418668488314122
-0.2732930233092312
-0.0980009504103905
-0.1332909342164101
-0.1587212944976181
0.0685741727875646
0.0901606283790867
-0.1027434538039589
-0.1200941723054802
0.013166309128829
-0.0443929060069994
-0.103707602918313
-0.0629849645345363
-0.1769821049289629
0.2418863805306291
-0.6930119677154233
-0.2895039297982721
1.3151967356122565
-0.0695877955764184
-0.8356006986018725
-0.173087048596129
0.3814438156061248
-0.4286281259501798
-0.1610938572058293
-0.4581428413056278
-0.2609011745225791
-0.6591454980262451

0.3263218678822172
0.082290313303962
0.2178822163358072
0.3121904055072785
0.3177208217504934
0.140487231878341
0.188532381936852
0.1293988460243144
0.0873498759997362
0.1334193881118548
0.2102899953130848
0.2733209253096603
0.3549486618000416
0.484232721289394
0.5040563442251427
0.2751099472333023
0.2330285637793383
0.1470123752868476
0.0446286239492824
0.0117480775046454
0.0326069760553497
0.0923806235974686
0.1509436131569434
0.1676076169116232
0.204399554127192
0.2792327521455832
0.29840900467048
0.1265928300251141
0.0841802855932421
0.0971247153318916
0.0965984727608026
0.0699277359793738
0.0648832905712997
0.0924708066602696
0.131034266522491
0.165326091795463
0.2069391672766155
0.3058180169400161
0.2067068941962147
0.367024852382407

-1.4114155104966268
0.2221485264592603
-1.0037737908440854
-0.7785474982751638
-0.9844342085533684
-0.0503731543765992
-0.9833962086379048
-0.1892771245543953
0.2303131253240056
-0.2850442871070522
-0.5729350227379321
-0.3142692997019969
-0.5750044086163594
-0.7114222991381357
-0.7696056034652449
-0.325533592983901
-0.3389649357787407
-0.312143799072328
0.0082737729967354
-0.0003044284674177
-0.1284717683111967
-0.2809233713446958
-0.3421632561241097
-0.3146068091003484
-0.5971043846505962
-0.7294002109997394
-0.8808980298680028
-0.3901420455709073
-0.1358797411532941
-0.2753929060677039
-0.6465486590520857
-0.2411061766028809
0.0511745132543647
-0.2479328941467749
-0.5328140217969831
-0.5705305458362585
-0.5636809353222757
-1.0384863081681646
-0.6294933885631145
-1.1975842693145096

-0.1668132829934228
0.1704192402896272
-0.0771127843160565
0.026455541491874
-0.0125015032775132
0.0123916752128009
-0.009258854490021
0.000173875605114
0.0020579146983792
0.0011952026794856
-0.0016510778786012
0.0005525369410412
-0.0003581180305595
0.0007144503425856
-0.0018762707934399
0.0045194222395195
0.0055255132354438
-0.0283406477918506
-0.0175569364070603
0.0374153199424947
0.0627687549829549
-0.0343601051287869
-0.1629936506845204
0.2703092469161886
-0.2577682287580616
0.285146185058631
-0.5658495606462853
0.8031634536910075
6.961383908736521
-29.533412581759737
29.20080533574188
0.7979197271186288
-8.541676350180019
-2.5745831812215707
4.609141936248294
-0.4168194888414097
-0.0502662988113044
0.8302610580751141
0.2218669884277288
0.8573123470019519

