-0.4242533077623214
-0.0004864965433842
-0.0381978622612673
-0.0683271438041852
0.0286207498843887
-0.0781172968670497
-0.1309155862167085
-0.0753090301722401
-0.1284523861076957
-0.1209616553441126
-0.0621513881956748
-0.0721051253070811
-0.0229088150153468
0.0085554270062842
-0.0042654909473148
0.0187752430653624
0.0121212050719924
0.0321493487448659
0.0807192281934182
0.1065332780804511
0.1373427970681218
0.0138525458299225
0.0919486440676932
0.0736016121099698
0.035224500174467
0.0425932285108991
0.0899657761788102
0.128182075243352
0.1647077059962192
0.2344680049862741
0.2791782824685915
0.0708532279280047
0.229967568458861
0.1618330521536241
-0.0393870297292231
-0.1572378162755271
-0.1394128452486574
0.039354366595804
0.2421539764939203
-0.5886245018827123

1.0573848888660342
-2.3553481152308438
0.3623409971594565
2.403628250859752
-0.7870537113572189
-0.8357417708274542
0.8967975672712977
0.0627405420319892
0.3551095644333907
0.3810446723354043
0.2769169352465431
-0.0932834937862869
0.7412625584017151
-0.2009299738897716
-0.2975221614501185
0.2591568193658179
0.2587036462345665
-0.1033550815574827
0.3305085397154771
0.259956666049241
0.3927444504813328
-0.0420478046054801
0.3581848236456504
0.1972022368558355
0.0004168794029107
-0.0175455860811265
0.220042731850756
0.1412754015591851
0.161246964875248
0.1805957671090226
0.1340613441751463
0.0294615114545396
0.0617381060358963
0.1116974684486757
-0.0548834996532166
-0.0462849298868093
0.1220159746265529
0.1568013595856034
-0.2257625962386138
0.2852134292185695

-3.046789555202216
3.0427014406647386
-0.0793345079437508
-2.4777186326853524
0.261844152107541
0.4450274586808505
-0.8695623479128536
-0.5389976645283148
-0.7325828207929993
-0.8551755318645778
-0.5629453649774246
0.038879971733049
-1.3412213344106754
0.3260225750255529
0.6950814710108328
-0.5302587127809004
-0.4989288150133447
0.3133055977242859
-0.5366718866803745
-0.384770220241543
-0.6665870710269283
0.068343297857176
-0.5667648875912217
-0.3496988881953096
-0.0413356568179442
-0.1311116738342735
-0.4942270346101459
-0.4219464770421054
-0.6378328755002735
-0.7990500328042329
-0.9238766035775168
-0.2901460799517538
-0.5633282369012074
-0.6819883890570092
0.5239412775294233
0.2497392067184114
-1.0545143544392293
-1.1491608354741694
1.7779202450150235
-2.241327189454738

0.0040622133477376
-0.0056168784026487
-0.001154498177499
0.003303866165204
0.0016258953868476
-0.0026244298671424
0.0003670145378571
0.0004488638320875
-0.000234323681475
-4.538249929734267e-05
0.0006514245169815
-0.0027805004453367
0.0042440826234006
-0.0007002345931209
-0.0021268489131037
-0.0003420996249235
0.0017746294356488
0.0004099989103406
-0.0031767993952201
0.0076100273280535
-0.0287676260599438
0.1546622223344177
-0.4058706101715147
-0.0055862808193518
0.708061444751064
0.0953581076478768
-1.7534247395744669
2.3081200843901724
-1.920285108383456
1.6562937369447632
0.1339814734857561
0.6100046165966441
-0.0410774966674172
0.5932536093818133
-0.2744799298512993
-0.2300244455694457
0.5834680719674061
0.7134942183296074
-1.0687804133184515
1.3261357143702726

