0.9389182311544328
-1.4445682982051822
0.5030853002251156
0.3957337139980055
-0.0766253210339957
-0.1195116060354512
0.1385480312957637
0.0717265684400071
0.1100830823410811
0.1415977429053342
0.1350385351738168
-0.0627075142630469
0.2416737673850202
0.0182960755754303
-0.0905497791096278
0.1578347328168728
0.1315346106445497
0.1169007844756269
0.2640592676306454
0.295622368654812
0.3737908089406763
-0.0229279441888102
0.3917074870804323
0.1192050513074213
-0.124483570712484
0.1557862106010457
0.3141772031017517
0.1437293854404858
0.3696404022998951
0.4396777519220346
0.5378892972500867
0.2114210887664547
0.3875146496597582
0.4272858186738865
-0.2268398590376224
-0.2236523886967031
0.1761220191514631
0.2924445170942162
-0.162133659146233
0.1499665351434294

0.3762817800876138
0.0458528699524828
-0.049931328616348
-0.0142866147266582
0.0546040952899677
0.124901566906158
0.1239836561602945
0.0988989672805854
0.1761880325026744
0.2159508800471045
0.1376797546528039
0.0742117982933725
0.1454109458743122
0.0397466695133035
-0.0593699995450467
0.1098303540920697
0.2182762820314379
0.1790819386123755
0.2716242736097493
0.372417848768205
0.3489500599144904
0.1226754059424413
0.2156509197218875
0.1450727489504122
0.0597490584191978
0.0843121032473214
0.1611570455305295
0.1988775485751222
0.2273419218236834
0.2882784304505501
0.3079989918424087
0.1228574952852811
0.1113286790191761
0.1021059768258264
0.0531495394055735
0.0520311930685212
0.068352745090771
0.0356018703578856
-0.0194493513130499
0.3860855529335347

-2.84716663522102
0.9008641499476708
0.868412753225609
-0.2045336920534827
-0.9052059424039096
-0.4570146586421565
0.0900642044334312
-0.6541690162864646
-0.5114634581759683
-0.6374375820891817
-0.5406591387373473
0.3539429699471593
-1.2842195923306643
-0.1885446909676472
1.3666709971843682
-0.7965141125403777
-0.7250264087820795
0.1522124731326873
-0.6521076438784832
-0.5561064100460411
-0.7654449897310686
0.0627734853290323
-0.782052919566358
-0.2665127636717859
0.1686060957603916
-0.3155661160362575
-0.609611070260346
-0.3459045881564962
-0.7595976881455497
-0.9071489881329604
-1.1412791510530027
-0.3500203074432804
-0.7515377278260944
-0.7986932449053163
0.6695810467275325
0.3298994004294025
-1.209032304752203
-1.3096640097866716
1.9887471949840148
-2.4859504429924697

0.0040628250100613
-0.0055491369036178
-0.0011269580665365
0.0032134894275698
0.0014669538895582
-0.0025555544799068
0.0008551077931603
-0.0004512449942844
0.0009629851618398
-0.0023237422253645
0.0069362592413342
-0.0092080651288864
-0.0215748904459239
0.0152719563552953
0.0561371362502575
-0.0122036451039091
-0.157644893292639
0.2665989528271328
-0.3046987435554428
0.4758515324535287
-1.5436499106402544
7.784795004158839
-24.00654902367407
25.77964891961383
-4.293461363882271
-6.9787911654345285
2.9848939063978146
1.3159355527328722
-0.5284938120855928
0.8630354842280963
0.4840172598249042
0.2832647880800457
0.3517902815758693
0.4352699282190254
-0.3867615539342016
-0.2040305009642259
0.6556947756728134
0.7249579072376411
-1.1192358180702593
1.3449729519652245

