-1.058935434014795
-0.2277919173913613
0.5489976494496209
0.3270268796893139
-0.4359419720939354
-0.4404648100283958
0.0585221374137127
-0.2566312941397045
-0.3061280345686712
-0.3326001161399848
-0.2322666620831721
-0.0865320767427531
-0.2568641215995703
-0.0276149909732276
0.0317485469055504
-0.0627592460835723
-0.1234850144489517
-0.0930786470672266
-0.1364110284337445
-0.163294470548041
-0.1461254320093002
-0.0452167962372441
-0.1422161873975906
0.0156877618929888
0.0443739887065822
-0.0491985335329185
-0.0791849390219073
-0.032095259886016
-0.0763186593019837
-0.0904764846855214
-0.0902089893203671
-0.0991869818596677
0.0283628000100518
0.000515700455021
-0.0103034117367263
-0.1736000720168369
-0.3516521389768658
-0.1565518464775196
0.55157438070531
-1.072779252579937

0.4163736234824053
0.1063421008405566
-0.119347655760674
-0.1339396605382267
0.1475584563451217
0.2727740004296665
0.1960290453201397
0.2192258761856523
0.3957001322251802
0.4743433221421862
0.3247604937266306
0.176049364088999
0.2478445549721978
0.1442751802584151
0.095930064366435
0.1278258279078305
0.1761730497820006
0.2357362002699294
0.284958956868088
0.3550139518791655
0.3228465566539077
0.117446935268959
0.1771213369784906
0.0950174805978956
0.0328267533154999
0.0655641296976679
0.1441976441382341
0.1504060856485344
0.1996190303293969
0.2992532655330228
0.3525631285029458
0.1646119850739719
0.1501519314457494
0.1283644974820908
0.0599114553061065
0.0609991651650479
0.0892071792058997
0.0546758491369857
-0.0213795814906816
0.4281539957778384

-1.8286693418500424
0.0872308059998338
0.4722076954261435
0.5634820924951587
-0.9944002382295042
-0.7624215846362837
0.1611871950539991
-0.7783253231922441
-0.6725589620146882
-0.8714332471229788
-0.6213447709081825
-0.0701590458633339
-0.915223056013944
0.0619100444495223
0.0691797489469209
-0.1953808995237401
-0.4519945269670835
-0.256885999702144
-0.5514530074553141
-0.6192981238650853
-0.7265253636186728
0.0034129072523812
-0.6996201098310064
-0.1874323693395273
0.1397931540231196
-0.2698198229930111
-0.6125779418094571
-0.2748050327739234
-0.748179893575117
-0.8981896566980383
-1.1792865035778883
-0.3571495292408638
-0.786194530341681
-0.8291176791469518
0.6499081708478747
0.362699051869639
-1.068411225342078
-1.200336884642952
1.700237571514435
-2.095221577118954

0.0050756304189343
-0.0064813538090146
-0.001949695811032
0.0035148934775231
0.0025155492610699
-0.0024861019100106
-0.0006426186873114
0.0011602924251544
-0.0005169458184792
5.491582365694868e-05
0.0005268164475359
-0.0021517459606183
0.0035271294711004
-0.0017554549949725
-0.00108648880854
0.0017870003963377
-0.0011906846676039
0.000687673280429
-0.0003424178257478
-5.220090614180324e-05
0.0023780826770763
-0.0286944881651099
0.113138591291836
-0.0391408734506616
-0.1907270115521297
0.0420915282897109
0.4467638661317291
-0.6934795173920357
0.6541212121261067
-0.7112127772984372
1.2570620944928363
-0.4006113905948831
1.0957201150305202
0.12738827120327
-0.5254400012180448
-0.1134302417050843
0.7106923721754262
0.6380607831684896
-1.037474024844964
1.306028870392901

