-0.0228069159547541
-0.067403313773986
-0.0102484604557008
-0.0076743804435574
-0.0296700443078159
-0.0109780270522897
0.0585093230270518
-0.0060867596146667
-0.0157600203894784
0.0567142177089021
0.0294297567895917
0.069002754626064
0.0943164528259466
0.1218157376346699
-0.0042218902675788
0.1707696230605201
-0.0519805661533024
-0.0459050657241393
0.241159870380431
0.0491438094672265
0.115520918619598
0.2121233993250712
0.2618914300343857
0.3283302316093512
0.166132718002813
0.0198534843297851
0.229621900889243
0.1653156183338629
0.1409309577331546
-0.1975851848438249
-0.1805328771504668
0.9850686995332822
-0.3387692265849894
0.3746528057036039
0.1616054790926131
0.2251419133434205
-0.0833852540412876
0.3563718952155979
0.2338499196194346
-0.5439384502858963

0.3412132533828297
0.1230446095761995
0.264036507257597
0.1616909893340305
0.1056537500288538
0.0980669402584275
0.0564198158334181
0.0237406619406838
0.0499192846901633
0.1202190187738792
0.1455019555786355
0.1821770336332321
0.2722091459353387
0.2742665041509576
0.0817098075057165
0.1094983406482901
0.1305787494500831
0.1280079566449931
0.1414421663226856
0.1751739503489403
0.2152341225305103
0.3195768958995985
0.4399535485035877
0.4780694870795049
0.2542680841229083
0.212594871496022
0.1658557917758935
0.0886921582126905
0.0493286230264507
0.044496719335077
0.072877182586023
0.0936264729887113
0.1476463444093524
0.1840136400850116
0.2392615163442331
0.2706565101917143
0.098273410785695
0.0471202240109878
0.0975584264658671
0.2273684360880937

-1.5721792794425318
-0.3951027555147335
-1.220380876537903
-0.5416387258096825
-0.3485127231870433
-0.8162255480049335
-0.0491210892720387
0.28603976329636
-0.2306210298207456
-0.6966681852273572
-0.1020791016157115
-0.5821458867619329
-0.5551087291839195
-0.6810833380012151
0.0468855864635734
-0.414928090522776
-0.5343307620125103
0.1667340472045049
0.1048753507672467
-0.8144045532661467
-0.1703453422448058
-0.6862500030024251
-0.8256457426808355
-1.0459272913446314
-0.4281109393170907
-0.3673430157957104
-0.7620318362777008
-0.0433359986866737
0.0736681016431653
-0.1652870836421583
-0.5330179932678983
-0.6235357411556449
-0.3842052872620793
-0.912769364579436
-1.034179280714432
-1.1493821180546109
-0.5603882699003716
-0.4304917199895292
0.3938492151819231
-1.5405326914378208

-0.0504471072703415
0.0347839408434997
-0.0151976559159739
0.010176099755824
-0.0102476401720947
0.006113952651761
0.000337654401393
-0.0021329816395427
0.0004498151382084
0.0004167737391616
0.0002224709142234
-0.0012268232915152
0.0028401589318881
-0.0084018327782207
0.0164114545042448
0.0317644536515822
-0.0635792800027364
-0.0761693840092936
0.0981957100279197
0.2059655708865887
-0.4830829712078709
0.5509839143636465
-0.6657094702894654
1.2138729364091825
-0.2711266483487575
0.7450088065286229
0.2902316337454204
-0.1432771501353983
-0.1100237716520042
0.1719187068863692
0.3352018044655793
0.2275505951302292
0.1935823768371146
0.4350384523869484
0.5015622241178932
0.528684732265231
0.3700428573698588
0.0058608218015859
-0.2606586479077493
1.0160610339991958

