-0.443415349579672
-0.1176181002754006
-0.2984268944164434
-0.1187437865853155
-0.1134823788651862
-0.1258703447506019
-0.0220205653961741
0.0043350378224981
-0.0615346892351189
-0.0995872959607845
-0.0823778941893735
-0.1121486161461215
-0.1408793133364636
-0.1035432524458739
-0.067343162727018
-0.0868506423226574
0.0424736773044743
0.0195865517626675
-0.0279111728599937
-0.0193878034825666
0.0038540652478924
0.0066081317856974
0.0200561624678846
0.04490120046997
-0.0048274069624981
0.0794827088443684
0.0722513985667756
-0.0795535499741796
-0.1441227505061149
0.0673307983177164
0.3260056434113894
-0.0694859502775078
-0.0614832808840041
0.0522151989911022
-0.0596741106451155
-0.0766507156939328
-0.1582737433085854
0.2988832477583471
0.1186163607076292
-0.7458958332195472

0.4420896315534842
0.144701101965948
0.3760031576565596
0.2020924995783607
0.0393512045463897
0.2457889632602421
0.1845617525009135
0.0459272241770807
0.1149358484152084
0.2710132025461315
0.2980907140745242
0.4000809467419587
0.5343641039858402
0.488794376228876
0.1693934960556278
0.4839250651134009
0.0020443081330209
-0.1262025102159908
0.1019406400009916
0.2347085865217613
0.0924944317676373
0.1746896772201233
0.2333057849729675
0.2659990288202721
0.0815055358598357
0.1856700575281745
0.1918791510238376
-0.0835260301643509
-0.1449911411146486
0.0903947945986571
0.2501370263839383
0.1247753403722856
0.0813986384806324
0.2622435407844565
0.2811546616358542
0.3250142862750703
0.172101437656848
0.0226588223306045
0.0240273416504833
0.4058080508766924

-1.413431418139695
-0.4575603952603468
-1.1633667285017917
-0.604157699427302
-0.1646486408556773
-0.9707441568290252
-0.1198813016621646
0.2388389188322894
-0.4022356269958883
-0.6522002187545872
-0.3205990654953193
-0.7338926078252509
-0.7932358392941349
-0.7878287662702131
-0.0955276768705113
-1.121620861688948
0.4342903479717558
0.2822239794652221
-0.476615144172464
-0.4512617912796741
-0.0384211531883427
-0.5216340819965446
-0.524050837071489
-0.7170093464033904
-0.2587006343962669
-0.2238690821693388
-0.7768491999436089
0.1270239414127831
0.364139497580382
-0.2067354820421125
-0.8901512166950374
-0.2569359427638874
-0.3456812089341969
-0.8384643993833506
-0.9073319416823024
-1.0357239942408938
-0.5394109806513204
-0.3409377055610901
0.4990099023405881
-1.6403291006206913

-0.0542423824389565
0.0378149905001118
-0.0172898156433171
0.0134807029642916
-0.0169268350713713
0.0118583548173066
0.0008030149941598
-0.0042853224486458
0.0001210767925275
0.0016201761432724
-0.0009011634015345
0.000411941899541
-0.000476000166262
0.0014506654661388
-0.0056522520438297
0.0090121013762234
0.0035876095663572
-0.0098743521925205
-0.0086589360104219
0.0149431856395225
0.0046904071623122
-0.0261076622955036
0.0519172983789521
-0.1652294447239666
1.0159245649100996
-4.406565585287465
2.651033809092149
8.577784041217
0.2789304212441422
-27.99032831610185
28.49218342977481
-6.949438985286699
-2.2382976132253485
2.4395258979761367
-0.2681402306309088
0.8809959630460313
-0.0003175606618052
0.5673264313550224
-0.8032005003127428
1.23388696023498

