-0.2635663930429791
-0.0968715263416653
-0.2227822209089461
-0.1008860397451379
-0.1281748647017273
-0.0513279298080786
0.0370018191682667
-0.0192478972004827
-0.0416249982842916
-0.024271990580666
-0.0107063649617837
-0.0129076227228063
-0.0011586020413732
0.0262222568814218
-0.0180584179360298
0.0226405775028932
0.0205907815529751
0.0032561241941396
0.0916310390831999
0.0777018973067566
0.070152091607218
0.1574055242100595
0.1998066183282463
0.2570595649526465
0.0981718793699927
0.1610714724633874
0.1231148118854547
-0.0367935124990602
-0.0478748418585069
0.1211158532751538
0.3014092238162702
0.0394768163518247
0.0685255275782914
0.1877714592628287
0.1284995551176559
0.1342654308509192
-0.1217384274201533
0.4568475987757946
0.2369388118719765
-0.7933351955178259

0.1437167217899201
0.0908791650259062
0.2576961616924408
0.2448048977834263
0.1040410060882215
0.2049737012841537
-0.1994821164528882
0.2995257953409171
0.2540293320560299
0.0630763811189514
0.2038922758913422
0.3043905112074515
0.2983439518191139
0.3754042801954165
-0.2698961874311592
0.9298903463886864
0.3120682715972828
-1.6753913254214372
0.8182929395833564
0.7326332459147564
-0.4743203705123991
0.4819408215031715
0.2454021368544682
0.3871834882399571
0.1370235258963454
0.3432920622177562
-0.2338847675334201
-0.0624411181993035
0.616059762634292
0.2810154382984987
-1.031453952400175
0.5174608992615429
0.1258717899035993
-0.0207445873116985
0.1581687655258874
0.1016225613225223
0.0825391972825227
0.0510480291327503
-0.1172602963211426
0.2410546094524532

-1.362640033627964
-0.4420897754011337
-1.2781383062334994
-0.5297875442047991
-0.5953026210842283
-0.8973769113690162
0.4715867015815336
-0.1313915948239666
-0.6694476332607424
-0.3508620164818208
-0.3031261332460108
-0.662678707928034
-0.5712062605506988
-0.7323242368060513
0.5426240133734448
-1.6949085117015594
-0.8444174802498137
3.254123535404004
-1.1050608187372672
-1.636917681027049
0.9598343802579886
-0.8722960281249547
-0.4826471431778417
-0.7918931382538534
-0.3412754148990882
-0.4019257771644394
-0.0141669815780893
0.0083929046490104
-0.8578956010716832
-0.4077352594006943
1.007386416291585
-1.0010478617378396
-0.4292193440976267
-0.5463019144319992
-0.8940071843661855
-0.9107890081461524
-0.5248188780978029
-0.3573964019243926
0.7196925488025905
-1.797664866723043

-0.0561400808468507
0.039067143544666
-0.0178058142214965
0.0137893258398276
-0.0171611250753103
0.0118646259787733
0.0008999243002895
-0.0042112989941806
4.7325692062841006e-05
0.0014315624596592
-0.00052567044774
-2.541804385897586e-05
0.000174179081719
-0.000199637523516
-0.0033560815425802
0.0200198355969379
-0.0119190644547839
-0.0333109542235647
0.0158491229333953
0.0762162995531015
-0.1330556738651275
0.1341879874637165
-0.1566995916630271
0.3558811688445863
-1.0964613318121508
0.0659288620327623
8.551544683697132
-0.9967066117536936
-29.75179212209985
31.262021177672803
-2.228754672508499
-9.226137664999204
5.056518505979179
-0.6677099338721026
0.6931999518516685
0.491143303548988
0.3105322059157719
0.3473878173165406
-0.8069581643040536
1.2952279294458702

