-0.3782966097886088
-0.0387228163239343
-0.014535699745002
-0.1596758431082491
-0.1708515608103251
-0.1835598040027984
-0.1805126547188207
-0.0755248632565137
-0.1292048213213486
-0.065369104141575
0.0176140336622314
0.0406627795638152
0.0117507948521238
-0.035375338950753
-0.0329090907079656
0.0264249579228314
0.0282559472750483
0.0497893573179809
0.0962576608913993
0.0424048332712461
0.038855517250431
0.0537915192685102
0.0416309812444411
0.0507943254520778
0.0739025102627274
0.093739190001068
0.1337210939212518
0.1892994510216646
0.2596165236998928
0.1561982989711406
0.1630498463422511
0.1951044479628903
0.0097313609456528
-0.0505263299531692
0.0028649450308699
0.0323417046535447
-0.0323426862005146
-0.1304824948987258
-0.1340436848716025
-0.3646719619698022

0.1246992219294153
-0.1961925149326647
0.2102764592245102
0.2980935260677775
0.1183876473125537
0.3318666116395871
0.3598243046637306
0.0828710142146485
0.3067501321988475
0.2516399110936462
-0.0974213879667803
-0.0279049323045435
0.1500166985784079
0.1013492032774685
0.0811561109101097
0.1026926825737761
0.1615217307029604
0.1731250157734905
0.2835011475355954
0.1244549941573469
0.1236073083378488
0.1470967796971381
0.1040154726702
0.1042475484001479
0.138827618260157
0.150175726434887
0.1880367017830627
0.2536918019317322
0.237554192829348
0.2005962726672618
0.0399729827326647
-0.0418470743622542
0.0492981293208031
0.0577816980500605
0.0456237983324322
0.0479610148486726
0.0614717256334649
0.115645760272022
0.099869145489184
0.1763393481802213

-2.3468416735310407
1.809619954427852
-0.8412285797416943
-0.94996758980905
-0.4436162361391585
-0.9664778296507864
-1.0151075913247576
-0.0826513861841657
-0.9697639612798808
-0.8966407167229622
0.9060197819172476
0.3154827299802594
-0.8458565139394031
-0.3039255168890349
0.183162809587833
-0.2783420063158
-0.2585950772229835
-0.2149136706161241
-0.4185002920202302
-0.19195570581808
-0.0394959666182817
-0.441230019689395
-0.1475275077393524
-0.1316151575096068
-0.3731982170048994
-0.3880063863398057
-0.5082932742806596
-0.7821935301842364
-0.8724408064198574
-0.8393681905320022
0.1014286982976952
-0.8128143675057409
-0.1894885514216417
0.1136606127378729
-0.3861241172168432
-0.6813486898898291
-0.3064573801925679
-0.9316682172426396
-0.7998627801092955
-1.307903944952131

-0.2651915679141317
0.2708028453904958
-0.0162184485858625
-0.0768462244897384
0.0434912182593503
-0.0157046490945414
0.0069921233340302
-0.0061762663729781
0.0043580254356548
0.0020446456861857
-0.0027819949815826
-0.001961515769871
0.0011164935382148
0.0015704325660412
-0.0003739861317295
-0.0010169214803887
0.0008586870164838
-0.0003564516875696
-0.0006588339894763
0.0113004703562866
-0.0622134244744608
0.0617049762054505
0.0926779916678439
-0.1003617074307087
-0.2037587342035865
0.452542304325475
-0.4601932706823846
0.4387556500708161
-0.7008061671763406
1.5477971987536578
-1.4501111105128155
1.8161356247887568
-0.0020509524193772
-0.5623251726754979
0.2684216347476539
0.6543805214951924
-0.0058890787124738
0.6074684999925464
0.4082036576926354
0.8416039701515978

