0.4001001794959579
-0.9712180994811042
0.7285076441401295
-0.2430099402472487
0.0325874104293695
0.0071469022232575
0.0183563906405638
0.0275058633473752
-0.068226357993752
0.0918019744185119
0.0246127389479891
-0.0551438586565414
0.0585787223888993
0.0662431235461939
0.0173992156210852
0.0851046783286575
0.1192324213345207
0.1642310577672075
0.2395922718267939
0.063022144326027
0.1530692295240763
0.1483291848445601
-0.0493364909662813
0.0850834217532999
0.1622344739769274
0.1600243668566039
0.1878309253338987
0.3486685697242977
0.3219505793795887
0.5633144056243105
-0.8824841534448987
1.7788907331661392
-0.2185895996109479
-0.7026907665473611
0.2900034267548531
0.3738771361281907
-0.1677953466458915
0.1170310703427997
0.0044382633975685
-0.0644256898926085

0.3327009795745416
0.0254060063825839
-0.0072554314488878
0.1445690870697837
0.1847471677933641
0.2005797018266292
0.2361261917973909
0.092860735730328
0.084582549187862
0.1006928801660054
0.031552927496164
-0.0062803103856923
0.074165878181825
0.1054156254781866
0.0858401018262846
0.1837079051391231
0.2708473144497165
0.3698381768884769
0.4209830622415119
0.2266576550411871
0.1750233374824136
0.1494498513364099
0.1007221104109502
0.1169161492979849
0.1662990232035004
0.2177183702179033
0.2614107370292012
0.3481546361012697
0.3915585422811899
0.2685788520154718
0.1971336043421876
0.0792662375827546
0.0091674604926088
0.042235555519024
0.1040749025871845
0.1327160466327235
0.1282254046278848
0.2197420766164593
0.2156019150984244
0.3415669267891871

-2.9978403799710795
1.9904141723512
-0.420892235867517
-1.1248147425799913
-0.3135107391555156
-0.884215777060298
-0.8266971424983484
-0.2082271111823189
-0.4258087180063403
-0.959485412298304
0.3644533826654398
0.925609563390488
-0.7605610658728651
-0.8414077221682276
0.5821285069708677
-0.6044995644022618
-0.4251161784304447
-0.6013275868757237
-0.7214230754114954
-0.347306092248146
-0.2058441679683189
-0.5653839472592167
-0.0138713930131768
-0.1552146076261153
-0.504775108733201
-0.486360927789634
-0.6187037159806387
-0.9640613675763878
-1.0986093606374252
-1.0586336011652424
0.2717517665094163
-1.670564683683216
0.084701160579271
0.3731771491634476
-0.6470148009417175
-0.8581543387854687
-0.2883571118347513
-1.0982928640034384
-0.9145310723548744
-1.4513936371810234

0.0403077486399424
-0.0204441427407126
-0.0257936038381526
0.0084603478291646
0.0098123924628793
-0.005524008595512
0.0068712760883114
-0.0094671312952984
0.0076499405350633
0.0065906951911745
-0.0046987860615112
-0.0072041616946772
-0.0014788514164396
0.0047292343626788
0.0039811048010021
-0.0022911612996203
-0.0027022399227551
0.0012724577183962
0.0053049444863449
-0.0077911852980211
0.006894512922952
0.0041391517788327
-0.0061437739637776
-0.0044448763491127
0.0035158647394658
0.0039482685043229
-0.0032783196389487
-0.0008359590215067
0.0039312718120663
0.0005353119214951
-0.0035290863559234
0.0075956009952516
-0.0028759404663622
-0.0053037654538806
0.0017887384783541
0.0040344828727948
-0.0042147890576161
0.00547436116202
-0.009110884112708
0.0115809205869756

