0.3832251515981058
-0.8519398045333982
0.6152303468088679
-0.2427798121953715
0.0646593804481458
-0.0159049548787543
0.038921115360497
-0.0308231632736168
-0.0125779416596214
0.0776364209775146
0.019082313626402
-0.0221327228098827
0.0866745810304072
0.0462753427244164
0.1123671108130596
0.1327398067892822
0.2022111288178535
-0.0712978843895255
0.2710903005929226
0.0507212909894366
-0.0194893659965738
0.0733295807354146
0.182791363591678
0.1254713599173447
0.236979511660967
0.3045488441516258
0.3877313282475655
0.0698204815718577
0.7161414853593316
-0.5694518318795263
-0.9237906550684531
2.1190766812701862
-0.124376726123215
-0.8344337429074412
0.3550311111681167
0.2357747991823997
-0.0285629407104792
0.0811543281489034
0.0409387733550992
-0.0943093083216856

0.3247653560058508
-0.0108297373823193
0.0420204023614709
0.2071304077518975
0.1776877187856249
0.2357245181207139
0.1663184009247355
0.0854174628910115
0.0619236813599326
0.0858885185756145
0.0440882639690389
0.0305746730194122
0.1599206229444214
0.1597944759765177
0.2186818693687876
0.3403919541207063
0.381045356465122
0.072766291431844
0.3254297083234663
0.1958672325276507
-0.0700973438102372
0.1015683062030164
0.2712876794426325
0.244386402458636
0.3029364191243544
0.4243403485727426
0.4630371383659126
0.1472421404422993
0.3342905267157156
0.2564493975092174
-0.0301581231895771
-0.2425458354740732
0.0215326419497276
0.2399194813091732
0.1574383870174568
0.0610995647404285
0.1844527303425714
0.2618187413694526
0.1784690646609092
0.2918987689070306

-2.2209100777523467
1.3418636290393169
-0.9411332396794908
-0.6170684445448555
-0.7125921050588372
-0.8900493635097789
-0.5614919962292525
-0.2845942725538105
-0.4897179597941743
-0.1512217977122529
0.0825553524581635
-0.0226048602158959
-0.6491519983128964
-0.1232512297545282
-0.5072571963731808
-0.5790375658664673
-0.7090704512825443
-0.044066637393845
-0.507870919992621
-0.5556571086475898
0.4940333126273976
-0.3921517204422423
-0.6883451526722378
-0.2711907438531201
-0.7938460698358266
-0.9259119077764664
-1.1716955025057896
-0.4014066124676
-0.6477576914204107
-0.767872659110102
0.4161239159041199
-0.0902524533844069
-0.4866899373095079
-0.556209151998872
-0.2541375245877963
-0.6784832692800973
-0.7296130897347783
-1.1417399806212225
-0.824489531553129
-1.1885428942374672

-0.7740487040997541
0.9422541274523556
-0.3756579910752254
0.0419903098336165
0.0120503754371084
-0.0096391765544496
0.0115101926568736
-0.0189177691240358
0.008846384843653
0.0064063837777209
0.0060337279060897
-0.0068946430441179
-0.0279722140519154
0.0575290527426172
-0.0703675636108967
0.1114605472994846
-0.3371539096670605
1.2423972313896792
-1.467984283171232
-3.049669991230708
3.487249564116345
8.198401748279045
-17.236821215428073
13.272658559926448
-4.826358498561914
2.130001692394236
0.010981591413605
0.708628007380663
-0.1944105678389244
0.5916205405904174
-0.0129551888016441
-0.1310976542193831
0.1872449165366071
0.319364352828365
0.0982379706588919
0.371011618444442
0.2986882983484801
0.6328160878975775
0.274332597015033
0.8884379457580688

