-0.1854954429283194
-0.0755876976321604
-0.0544319935746494
-0.108623944599986
-0.1305125220070302
-0.1234182460120731
-0.0723252374112914
-0.07292159205737
-0.041016840538257
-0.001490374233068
0.0127802604948801
0.0057080399592611
-0.0031874523004812
0.0064295823840041
0.0315505597443161
0.0606797221661313
0.0895916411964407
0.0015907535215812
0.064187986468963
0.0703129712960786
0.0418131850704067
0.0538820407058804
0.0922853187785738
0.1294368668725019
0.1757044130201095
0.2438036635319665
0.297702890087998
0.1294480040259095
0.0699651029177553
0.1297833229261264
0.1751528344055124
0.0872808974794481
0.0103357033188952
0.0183931070784209
0.0625263819026561
0.0665360140976133
0.0255748230104566
-0.0306123500411768
-0.0213744686753276
-0.2158998213041527

0.3011297358586908
-0.5252687664094494
0.552049352771405
0.1117253283622586
0.2778610297774005
0.332364789937168
0.3318180789355054
-0.2617402692234027
0.7807071563802205
0.2432166532853203
-0.5910230490156525
0.2482766181250186
0.4765167047882526
-0.1008496052907696
0.3087944615178468
0.1686061831714781
0.2834452915239837
-0.1127558475870128
-0.0257955497490416
0.5278580516831667
-0.1915664957483843
0.0271642451169074
0.3086620399446245
0.0922518678737548
0.2750407920188829
0.2508424414951699
0.3815605548190069
-0.1733887057488167
0.6406077015911925
1.079068968314892
-1.673338744058653
-0.6271153319906523
1.1263475560414076
0.4443955432545306
-0.6124550432647206
0.2529049279777779
0.0831526914871254
0.1178935588081856
0.0919380310291816
0.1500904738593165

-1.58401822209374
0.8911615200252698
-1.064381889926202
-0.5196198545798413
-0.923655991916318
-1.0003470629254945
-0.7643432453142402
0.0776328237841261
-1.422191614427526
-0.0071127699040092
0.707349911484857
-0.5448521023035688
-0.6847940270830075
0.057712247763022
-0.5089775122308622
-0.3092284894773071
-0.3989238241610597
-0.0021771181198929
0.4246246928057504
-0.7650972769355074
-0.0402416526957406
-0.0446999044811242
-0.3487989113967334
-0.3586803177925836
-0.5547660721670851
-0.6773526128605674
-0.9475468732407089
-0.0166259647235125
-0.9266546387808486
-1.631738164840087
2.0495890845870988
0.566273649635089
-1.5428727310502144
-0.8036935414036834
0.4963306766848563
-0.8038097184021236
-0.5923539823133603
-1.0153202377359818
-0.7011220488693353
-1.166069779156674

-0.7669874091083532
0.939046525343866
-0.3787918844187666
0.0448110129976455
0.0107946112267527
-0.0086939677094859
0.00935433241025
-0.0152291358282167
0.012969150705781
0.0001558079857982
-0.0052942968250087
0.000251163225006
0.0028220361604412
-0.0021512769756489
0.0013395264845531
-0.0014842374873395
0.0032140101729314
-0.0003043298179863
-0.0419025249986775
0.0382474238694614
0.0835515140964466
-0.0576856225084171
-0.2128055222348929
0.4210747623068923
-0.4651004644327108
0.5897684860595368
-1.4827932622048503
6.657461375573007
-22.89391162391738
25.69531462979534
-1.3879386751927782
-7.552180956640332
-2.445641375689415
3.4494034287029733
1.997055271245458
-1.79683999783487
1.119298604018958
0.4007212434612426
0.3530882252795578
0.8568056461558715

