0.0211103804652977
-0.1054524092390111
0.016750449419445
-0.0298352757514332
0.0189091258419613
-0.0665121600250081
0.0827320647095317
-0.0217514285576589
-0.0547977422794618
0.0817849351308056
0.0438936943460377
-0.0173673863123923
0.0752109146519449
0.0753040408697373
0.1143767374444782
0.1473822877773075
0.1038887004684748
-0.1276222364784017
0.3432505589609556
-0.0061705306099884
-0.0049640592924039
0.1192578211489129
0.1700743961151117
0.1681512229718975
0.2823080528724624
0.3368855934663116
0.3124761966079715
-0.1184707522354889
0.8828440415092506
-0.3878696894648613
-0.7243151277373927
1.5743012562083132
-0.5892978368533344
0.2986631384219771
0.1900744392515718
0.1629801501990643
0.1451064085101267
-0.1462620509429777
0.7884623025855612
-0.72407497204488

0.3250021657839425
0.0826823380293715
0.2403395660773511
0.2347099314927473
0.1086745357408799
0.1206318087005014
0.0917238484736365
0.013743278294074
-0.0078438072158128
0.0501525057923084
0.0870400945808532
0.0995421059059934
0.1390943760167524
0.187823559847091
0.2682964824732946
0.3303349819479374
0.1704121250633907
0.1803168933597886
0.1706678057769148
0.108048331986134
0.0711687184709273
0.1518588220624684
0.2398273089181347
0.2933880013773799
0.3869478978780659
0.4658530598117297
0.3280987526229039
0.2161114779026027
0.1883514018000907
0.0733119864918849
0.0198078989023859
0.0340047776954681
0.1330271604042108
0.1732232886686246
0.1933474586287315
0.2660451693761755
0.2588288021060254
0.0483597711735686
0.1110620455283358
0.2340088773352163

-1.613442287809268
-0.1007655998938673
-1.1433486893281284
-0.9412217793413752
-0.2006606113855184
-0.7347840967694879
-0.9394165506057937
0.5233798268999978
0.7482454980469208
-0.6659437653780056
-0.7152290479072669
0.1757638353343407
-0.3304889632968809
-0.4687986980557929
-0.4653130942424409
-0.6538579332041758
-0.217669559243502
-0.4425860479195478
-0.1286987129191306
-0.2643173878019231
0.0789690689382971
-0.5241965021879599
-0.4460454498280382
-0.5446650483728545
-0.8860908458344987
-1.035881430957201
-0.9445028407053164
0.0771342069872516
-1.3858633349403842
0.1075102762838647
0.2951189301338382
-0.7833988584503702
-0.6348360075145131
-0.4707922450142603
-1.0134869452239186
-1.0980211297257465
-1.2274810689160276
-0.1722281082003245
-0.3677217623652875
-1.1426893960417774

-0.1522262541278084
0.1266429891658533
-0.0541158356346223
0.0253729015603818
-0.0244496175840062
0.0257248457376318
-0.0046941398306775
-0.012677443910145
-0.0025967301639408
0.0098659872124473
0.008256686142128
-0.0109154817341722
-0.0072268443640301
0.0236805657494789
-0.0427432550284159
0.1207711413367618
-0.5636745450736286
1.7055158667293155
-0.3836629491620337
-3.113274667211163
0.1823084115696964
7.882024838323049
-10.512589236270582
6.90303099707456
-1.959820413702956
1.4066728565468072
-0.0117989886072206
0.5316968845660055
0.3751873607705553
-0.1390187653225811
-0.0214499279842394
0.3756270838754401
0.2768437411920161
0.2308812721832729
0.4817292410931855
0.5380203945324438
0.5563755725252468
0.324540138758326
-0.6180613166541535
1.266230324967751

