-0.4407421339817227
-0.0490615698918545
-0.274265344084147
-0.2149799780914927
-0.0679495269510611
-0.1547308069557011
-0.1267600968214274
0.026665295456697
0.0501760701193488
-0.0343234229964258
-0.11212925026336
-0.0580667690128074
-0.0417588200998745
-0.0919993371968965
-0.0838007278706259
-0.0801302410557772
-0.0159024550413778
-0.0638082474035504
-0.0148307800376129
0.0346559745238933
-0.0037787410679439
-0.0136208001042589
0.0257716443763277
0.0212979319597507
0.0428924950186982
0.0543193288220659
0.0560458887429428
0.0713151360625728
-0.1577674297812545
-0.0283793578909863
0.4273457610802943
-0.0742227303339802
-0.1536411252988219
0.1199044588359477
-0.0878695926233742
-0.0623536274324128
-0.1911812368612544
0.006055843349877
0.3677760396662243
-0.7802408964282112

0.40117706229233
0.1262277351897974
0.3132829939991655
0.3293701679559931
0.1378137046541322
0.1568291206302676
0.1653903454137658
0.0945386014543754
0.0679946457481307
0.1094856579441681
0.1704140439474523
0.21665511440921
0.2681992992511455
0.3477126446657692
0.4457669650705728
0.4264583051632627
0.2231088907801374
0.199956913530011
0.1174130337801591
0.0319519771401118
0.0167220320954633
0.0776833254297511
0.1381915795380714
0.1534681175476753
0.2018619707095072
0.2509489848583301
0.1952423782499625
0.0879891925227536
0.066178064781538
0.0559678077008107
0.0857193700601757
0.1140142448658353
0.1370984660971433
0.1788030323866399
0.249482955592856
0.3296546961430743
0.3260544921982878
0.0602613527946541
0.1429684974396679
0.3046592467656449

-1.4018813785419748
-0.23842016985122
-1.07115929668107
-0.9381875483036276
-0.3440221094106186
-0.5732835880824088
-0.499350463955044
-0.0616685247906652
0.0614617823841735
-0.1559116592880718
-0.3826018838022947
-0.3978968042740518
-0.3518917866863516
-0.531137301130253
-0.6489569062758873
-0.6486918486996681
-0.2594293459649002
-0.3271518087670673
-0.2307117757552223
-0.0621620512218566
-0.0502674478951336
-0.2241067300227943
-0.339433682150319
-0.3758800593519955
-0.5844432014728216
-0.7383502463350391
-0.607489213189002
-0.238030104117868
-0.3382547594023634
-0.163531276902971
-0.2845827045482036
-0.3742847306486009
-0.4156888121751252
-0.581838762841894
-0.8325638938127268
-1.0132497995730845
-1.126247848797295
-0.0997836541252235
-0.385027124347722
-1.102286145495797

-0.1511332514362516
0.1257125562106411
-0.0537965496867012
0.0254283777818974
-0.0243745554358856
0.0230010346716229
-0.0025158684553776
-0.0085197011747649
-0.0020955794272584
0.0042769887406755
0.002660979457703
-0.0030060207114127
0.0006802594641124
-0.0002457511659988
0.000626960892857
-0.0015324122560679
0.0019217707465142
0.01329232177077
-0.028330656888556
-0.0246391648258756
0.0537547669599466
0.0618030393526293
-0.1957041598223942
0.2295370338213009
-0.2425129586205721
0.4303519297859495
-1.391684999667011
3.0725121656202896
6.064557350394193
-26.719596541462906
26.99931831511819
-5.50373822495685
-5.323577981106733
4.33237674329818
-0.90609232936425
0.9448080051657076
0.38313142103117
0.4747714312981689
-0.7177150073604888
1.2837787784985435

