-0.2183589608692228
-0.049991775784827
-0.103620281808746
-0.1675029799583751
-0.1452296174286858
-0.0793551214644363
-0.0625045947847782
-0.0702978050744426
-0.0233196167377533
0.0171142719105137
0.0234453423736216
0.0060908102737121
-0.0098644695795598
-0.0014650659069297
0.0325138577673659
0.0487509950850689
0.0911307914778138
0.0642830001908206
0.0249924230835316
0.0845675848787717
0.0476535879426316
0.0401048470893736
0.0753627518753515
0.1115357230244237
0.1418832182078897
0.2033398261351719
0.2698585707786543
0.2939276526125731
0.0523556392088898
0.1590101408985462
0.2180825587381823
0.0678188975285749
-0.0006072089577457
0.0714403926357064
0.1102536425569734
0.0590305365937416
0.0531828176179728
-0.052835360717055
0.1274349701232901
-0.3159813601807122

0.13148116697394
-0.0731317745385201
0.2563318403792787
0.2799447898195677
0.2852165088577253
0.4053841129941702
-0.4774730698948244
0.4823184943198521
0.669978453982681
0.0501943733011214
-0.6770574763582463
0.1741861985351819
0.6255332776495239
-0.1779966344570068
0.2219378317166416
0.1834613875946552
0.1950308200129234
0.1580891830694349
-0.2321131626022968
0.5284283513979641
-0.0641496668067468
-0.0301751925982281
0.2088264972402949
0.1722791018756356
0.1545838437709553
0.2519702757194074
0.2702228624174574
0.277286297684396
-0.155909742151488
1.2090497558977094
-1.0075458188671098
-0.4000080748266943
0.7231218581683201
0.0458801571446443
-0.166580344090486
0.2141664130140309
0.0726575918970099
0.1647416448109126
-0.0037145153366819
0.1846189386337086

-1.4070476161812664
0.4085100655353575
-1.0778645571758092
-0.7897415613794523
-1.0878737077589544
-0.8120840009106409
0.3530534932360601
-1.3891801236834234
-0.5382264690554577
0.4002518913742779
0.6401034300307206
-0.5988152294126212
-0.8456226136266802
0.3063649993648078
-0.4468860577409292
-0.2929687935480695
-0.2918817025122555
-0.2755732143383411
0.486492717628916
-0.66859485145864
-0.1017944192131648
-0.0361387683193735
-0.2490600595036082
-0.3780832572671325
-0.3789010682123315
-0.6280931629600163
-0.751037055361137
-0.8892734418898411
0.2288617998764756
-2.0962939327861148
1.202356051948458
0.4333162171707095
-1.1505463755084315
-0.4527197960043032
-0.1160226229708143
-0.8863620062319482
-0.81463324350899
-1.177362782235303
-0.0949182828415816
-1.3335043089380525

-0.7115041242025567
0.8574769679585561
-0.4245890469253875
0.1416786098480971
-0.05196527023826
0.0365525819664246
-0.0374185388994805
0.0151270209847831
0.0087196692759305
-0.002672914448635
-0.004489857112281
-0.0003647540506451
0.0020755394670467
-0.0010194261604576
0.0010320056134915
-0.0012939224078476
0.0019154287846252
-0.0012864060429178
-0.0294416311171234
0.0935390197208707
0.0151134453952663
-0.1697912875317748
-0.0638742488818882
0.4765434774511101
-0.6256082006174407
0.6131617168095759
-0.8592668433174137
2.4293857939233923
-8.297975235263873
13.7158969572847
-6.339950774667085
-2.852645556171616
2.580639069961848
1.538323523491231
-1.3326463255351253
1.0790880203220028
0.2799156505338351
0.7859734188500037
-0.2059127847495984
1.1038149685490128

