0.1820072680769518
-0.3787479549767056
0.2152406523068542
-0.097272098563147
0.0321530015581367
-0.0225539493122143
0.0383310197208297
-0.0262345657407296
-0.0478929768324456
0.082252305532671
0.0453046706652105
-0.03133743211198
0.0539818510826309
0.0587801435179434
0.0757461776970229
0.1265267129427182
0.1635843778088661
0.148033340651932
-0.0333054529058195
0.2430800677292449
0.071525534539828
-0.0577842328149743
0.1186648740010254
0.2006809431425735
0.1353761929981498
0.2725758144500063
0.349854326321955
0.3251291480564827
0.23983277978672
0.166434052937884
-0.7421533316670216
1.535090449785672
-0.3899221014304329
-0.2851557281188239
0.4963131764504995
-0.034205279906312
0.1699197255037379
0.0054591838194949
0.1749698068037931
-0.2065638600042827

0.2971315995641064
0.02090175757881
0.1462049408952161
0.220120423999984
0.2337179988325775
0.1392004732674318
0.1373068816958862
0.0905468111574103
-0.0217415809530425
0.0347668365100665
0.0497396140783621
0.0463998951488679
0.1342828029748521
0.1356515476608507
0.1563747966055799
0.2946384611560162
0.3864112021840083
0.2542367480268382
0.1898915538172852
0.2507951623311144
0.0178634341074956
0.0477068714565582
0.1856637344986845
0.2453947501331276
0.2370311189192955
0.3444623069524667
0.4348748050165965
0.374357085365305
0.1740449025442449
0.2882977179443522
0.0796657121171703
-0.1223641533188025
0.0487981986449665
0.1940828970599586
0.1385026956789403
0.1622694158864138
0.2480231613488784
0.2849098587886567
0.053086802985631
0.3149007228473733

-1.770314676952918
0.6244403426021523
-1.0530318379851868
-0.7006677497273675
-0.984268903516478
-0.4741758507449019
-0.4313833264995504
-0.6735107202837827
0.2319392043960877
0.0113926015536803
-0.1297919802604892
-0.0922122533271452
-0.4496977110687926
-0.1823481398910596
-0.3051819191493489
-0.5546791418088026
-0.6325238033777807
-0.5336716760103996
0.0285183955755548
-0.7762181485164948
0.0819285446925189
-0.0381917613877944
-0.4539252531012206
-0.4967981481968025
-0.4715454803443842
-0.8519045822593913
-1.017164240386874
-1.1244067944382898
-0.1494962681482536
-1.0097942534824564
-0.1864983988091304
0.0159147862338392
-0.352440165462935
-0.6769107976358494
-0.4908180005700312
-0.8612399963175984
-1.0382225998933825
-1.285709893615019
-0.2261238326090237
-1.329377584753173

-0.7088790445218691
0.8556087497224225
-0.4244953918534386
0.1421153403869221
-0.0528479734809444
0.0396844231639488
-0.0451357974518646
0.0117551574838156
0.0197136605491766
0.0120651886314965
-0.0077654612843007
-0.0326317601506464
-0.0125335829879743
0.0961082116887608
-0.1296219381014418
0.1487783379669959
-0.2727649275475176
0.8547742467699568
-1.7799885100326758
-2.0731093592965992
6.119036261245459
5.793294334269596
-22.50449068413221
21.31800388174999
-9.12186390967578
3.178031287062462
-0.2283438821017918
0.9312210586901096
-0.3210198718192301
0.9207510071645914
0.0723370836434148
-0.2930647604767135
0.2384379829998057
0.4785616166090586
0.0890494883437161
0.4906349149210197
0.4538019326213995
0.7258589230185676
-0.1667624069035184
1.082070566153495

