-0.3322107879007528
0.0514258627330571
-0.0083133690149322
-0.0927128898485811
-0.0373164998640632
-0.0701265062681907
-0.0710220584869844
-0.0931537802070212
-0.0779655751864912
-0.0267025751763257
-0.0802012589015904
0.0050655055769061
0.0519958056972169
0.0013464687266744
-0.0291993192585925
0.0379096851454028
0.0491240152403093
0.0432188918500997
0.1149487488168509
0.140713259448883
0.1961237050172506
0.0492734360601411
0.0808297244987002
0.128657055410133
0.0545907307332944
-0.0026898625798758
0.0312712310065266
0.1196601175973587
0.1447728428044364
0.1361463310465158
0.2413144134966403
0.2599636557970088
0.2525443255383257
0.0845468072832114
0.2545919242811594
0.0203616727000332
-0.1680730530065866
-0.0125272352356019
0.2477696040873418
-0.4362670026327557

0.880828367531891
-1.6708128319601874
0.4139314414067297
1.624699290386051
-1.1300644622404683
0.5202601035316708
0.2517819343617042
0.3691966270460251
0.4334473364035334
0.2526141507057786
-0.0352996863024966
0.3918747531038253
0.3567421915399694
-0.3404347700960883
-0.2205932926126816
0.2935269344518377
0.3449177120079786
-0.3190248526993186
0.3736979694196935
0.1690994043935233
0.3454472441972161
0.0830009591036653
-0.0320571803116957
0.4674773565873071
0.2692898552159264
-0.2754953984717199
-0.2093557715217508
0.3363159890107718
0.206588469013475
-0.0712489258335544
0.0906713125799946
0.081142079463656
0.1120234270983415
0.0572037681891784
0.0167808056496649
0.074579289432828
0.0737139984921004
0.0696749492553899
-0.1928385617108941
0.2998617121888164

-2.4932639463892268
1.8894626491584356
-0.7023945177585674
-0.633849333578041
-0.5914325109116797
-0.181339680905934
-0.8795778052237653
-0.8523840276584798
-1.0192651789586489
-0.4182948773825773
-0.2683113817257166
-0.7953765679003487
-0.3457994837232783
0.5693471097003399
0.4279337556190609
-0.6268661927687132
-0.6070389702609609
0.7004163748478102
-0.6371406580766866
-0.2297223321984073
-0.5888621044054351
-0.1565852519429467
0.0611282992370322
-0.729001222245217
-0.394094942137201
0.2847236917522706
0.1511793565240904
-0.5897128269070463
-0.5192470117584567
-0.155228817200389
-0.5925511409613211
-0.7043018415097636
-0.8580773967794996
-0.4589577658264959
-0.1216476061300458
-0.4595960138827755
-0.6241958476794651
-0.5985697414105113
1.526111516535325
-2.3618422449850582

0.0026238628739306
-0.0047559073359942
0.001396307198521
0.0025862368420986
-0.0022758352242102
0.0006044763044955
-2.997765573716953e-05
5.7184931601911614e-05
-0.0002410878751404
0.0004474425214982
0.0012130573140175
-0.001312261487937
-0.0055854823505126
0.0014008841490157
0.0098137766281292
0.0021126382404956
-0.0194526264096283
0.0154291965158774
-0.0012570193279994
-0.0146375064380518
0.0716270278028598
-0.5333428537236947
2.1224744462934333
-0.7064135214891821
-3.435564486455857
-1.3457970227340608
5.300911957301468
7.283625856741794
-18.84288319202571
14.87445091525598
-5.566725805479601
2.4099371572156283
-0.2312953885916787
0.9193500314258912
-0.387860478777735
0.3412359766826716
0.4355877310818329
0.3395480357275611
-0.9272986860387632
1.3602957701499967

