0.1702597226244757
-0.5224887556011838
0.271171308930398
0.1174216408447336
-0.1178169433288403
0.0066033276009108
0.0374968891601117
0.0180947060636858
0.049406164807136
0.0261847145979874
0.0062061218820457
0.0212351985652727
0.0321494282854268
0.0192113449249359
0.0188408868413211
0.0689204478071527
0.0538284291015951
0.094176086073515
0.1761146647754954
0.203818852167858
0.2791935512317327
0.0612738098372781
0.141437327490874
0.188762253462449
-0.0008448874599397
-0.0298850094000621
0.088668522836043
0.1670100570362079
0.1710563966385527
0.1593703494759613
0.2667546275351604
0.3995009462420218
0.357271705340395
0.093119758914687
0.3799199050445713
0.0535374435615939
-0.2367746739941856
-0.0418882403503617
0.2580388539329736
-0.2174013710651055

0.3797756309639241
0.01733114836865
-0.0413551033687877
0.0475074865897241
0.1315329413980033
0.1372802353597316
0.1472494742882304
0.2148484313634212
0.2331583841622998
0.1160919244255273
0.1153591722900179
0.0783536913864183
0.0648363957432223
0.0169710376280764
-0.0187426268308242
0.1314484634352518
0.2227359833558754
0.2037742711052053
0.2900312353706333
0.4100884275704144
0.4336036196618604
0.1661618140181452
0.2170801794137155
0.2049840827925441
0.0855954868865787
0.0345970288938437
0.0689580447914703
0.1346098507514572
0.167759989727028
0.1543225255064327
0.2074445321000227
0.2440719313601929
0.2676796342921407
0.1072305734359178
0.1510878973801846
0.1343774904032755
0.0466832323658932
-0.0249829161699616
-0.0164042546222017
0.402486896052502

-3.0284483846326404
1.7510760381626786
0.172615358187461
-1.0042360735515392
-0.5539124173812912
-0.0424162501640753
-0.774950081580359
-0.6493212366547303
-0.7991823894711767
-0.3039842701182203
-0.3849116502539828
-0.150415812314666
-0.5584283449447235
-0.0582343776571429
1.0644291408040023
-0.7900390407829302
-0.8095172528585068
0.2118245201887817
-0.7317027075306438
-0.6083752161105643
-0.882658030287337
-0.1901067585492724
-0.3503384762550154
-0.7967757520369658
0.0529925673678682
0.1937474857386466
-0.2923182713838657
-0.6142956042383367
-0.4205290642533676
-0.4070214890615048
-0.8789585031696168
-0.9955335052524736
-1.1910362329294033
-0.5130676837953325
-0.4382295217870403
-0.5230632859084478
-0.4804872796296466
-0.6428880280245526
1.4728431347468185
-2.451463363955745

0.0026350390258573
-0.0046976357040608
0.0013750993727888
0.0024529090197305
-0.0022923110076541
0.0010159544639583
-0.0007466216156499
0.0012077888031005
-0.0033334645462302
0.0119945118787743
-0.0161134843130291
-0.0311988557280851
0.0072362006426291
0.0634204928181925
0.0519726985153581
-0.0916642673597175
-0.1749554189059414
0.4236094299735656
-0.501189354603102
0.6685010227855843
-1.7184676794032974
7.737685670615846
-25.19285598257431
26.632573387543097
-0.3878290051774096
-7.612236954643014
-3.12874018698244
3.205683583211803
2.549972157657963
-2.033085405543678
1.1908866415549353
0.2842959708563664
0.6312353253025303
0.2238943472796921
0.191193613704256
0.2418785376707882
0.2749008264059061
0.3496866295596887
-0.8425035601069517
1.3258998688498032

