-0.4041060652313428
-0.1734525483694496
-0.3235339560019116
-0.0818902063939772
-0.2419633592013784
-0.0584973180871263
0.0753150550845423
-0.0043220486950288
-0.0550416079321084
-0.056789081936878
-0.0318932065548023
-0.0232395370520198
-0.0419901760695929
-0.032826069362343
-0.0181728531037718
0.0162443817772064
-0.0599542607061032
-0.0131502101764204
0.1056998083700306
0.0735043126749928
-0.0036091053741616
0.0686043367095025
0.1192795197399313
0.1464347487814012
0.2009593866474528
0.1590181706735978
0.0659621625001838
0.1286275516284052
-0.0220488447756593
0.0367068203577119
0.2553371615049336
0.0262662592822064
0.0769997669141383
0.1082874295354251
0.062866139979951
0.0136988755589938
-0.1176980963115789
0.406444398759419
0.1972725475216878
-0.8803323537790733

0.1454627694344216
0.1066325375320916
0.2488629430314028
0.0939542256629184
0.441130401043557
-0.1641517854246005
-0.4064837303964507
0.3832364033715141
0.53662361907698
0.0320002594029143
-0.2784999958803757
0.4618239198019208
0.1376510969556625
0.2784738006686006
0.2585771375933481
0.0317545978703748
0.7079657534610698
-0.9754957031722618
0.2684202145783437
0.6205165418059673
-0.1183126782627378
0.0920538730414391
0.3265316227970171
0.2980372991152833
0.3773312587716704
0.3274812995805192
-0.0439492013896557
0.2532263651243387
0.2934808720756718
0.097675494431317
-0.6160130682693029
0.4814205263164839
-0.0196652681496826
0.0933626724210321
0.131995125814072
0.1183163234279151
0.0545992424782674
0.0784503442088972
-0.1394209268204393
0.2421656555824562

-1.325326494473212
-0.5391351593371958
-1.263103863895584
-0.0283230947573701
-1.3362308988385996
-0.3574811866376027
0.8241482970601453
-0.0986386748741439
-0.7897991617788273
-0.4742241341389346
0.207817111872382
-0.5326591968110046
-0.4349550883129894
-0.4651707227963875
-0.539612399350954
0.2078263959901254
-1.9915335903292672
2.1874132189425346
0.1070461224924194
-1.455926061473301
-0.0342188977693888
0.1167051938193365
-0.7129602719202343
-0.5925784713105856
-0.8259542205106131
-0.8076917103050236
0.2099412870683261
-0.8448351491508301
-0.5436706760584087
-0.0417406676136988
0.5191378102133167
-1.1290419473965947
-0.2481125794261262
-0.7876644241891926
-0.9371658930465996
-0.9524606008803732
-0.3223812486550925
-0.759787780105424
1.1824931104612024
-1.9100468765497376

-0.0266182397771031
0.0165579487857164
-0.008361475908484
0.0080143959661741
-0.0081293240823541
0.0031264867431308
0.0008081205724654
-0.0004577065036928
0.0002893850730771
-9.42003304066988e-05
-0.0010274058062343
0.0013929807343653
-0.0010731875160749
0.0009844972369871
-0.0016903046807001
0.0020457244000304
0.0131989119265644
-0.0283257795788557
-0.0246019580709612
0.0537551836420829
0.0617665101108785
-0.1956735543295458
0.2295324369340529
-0.2425361928637866
0.4304360446101307
-1.392119507519029
3.07471460043953
6.061123029934668
-26.72185437528641
27.00484913634773
-5.4989005610546045
-5.339338417745752
4.348216437553729
-0.91802847186194
0.9576422625069286
0.3595866286779666
0.388509345027793
0.3734669637501252
-1.0173684687619104
1.4079177635238558

