-0.2830712043706522
-0.1010349434369828
-0.0705021477582359
-0.1776442582576738
-0.2032013153218975
-0.2054300622066393
-0.1122970368958954
-0.1120895691431504
-0.0862206138170326
-0.0192209995805695
0.0206555866644653
0.0186322019914908
-0.0081269560014313
-0.0327133584247287
-0.0172503493490603
0.0218470483749986
0.0258219358817646
0.0637962916786043
0.0563028011403014
0.0275323242739446
0.0476248271158992
0.0386414708744596
0.0431735707014723
0.0648676148404475
0.0871270467705126
0.1127585438322632
0.1636448369444977
0.2284741475050522
0.2249834985951041
0.0563255158732572
0.2275675084646254
0.120237587926948
-0.0150419735273056
-0.0208919147590208
0.0292970349039278
0.0180862814272954
-0.0477889645595822
-0.1373663409004058
-0.1182235604966361
-0.3351860851469662

0.0532846166185954
-0.0624899449537564
0.2127965109442312
0.2398765014213355
0.2246072923321883
0.3662895181126935
0.1807316730186047
0.0905635734462197
0.3325510852177514
0.1555877630608762
-0.1162333812513672
0.0014321402362713
0.1798483100089728
0.1202803986689994
0.0852540586465824
0.1441528848897205
0.1864854545128102
0.2093040691581802
0.178986211079119
0.0823673162612112
0.1502091320603775
0.0956360087833994
0.1003719559770346
0.1377445100299195
0.1663134295877713
0.1803086331636323
0.2414286161848506
0.295635846203931
0.1932420018900214
0.256951314641844
-0.0242448870899215
-0.1328018511055436
0.0579180404931752
0.1104709248214941
0.053462526601705
0.0385149175984066
0.0921595437595204
0.1314263150412735
0.0931007159041038
0.1663287514322674

-1.5315443600492344
0.7940727909019888
-0.855099060652161
-0.6984299903484101
-0.8172110854137494
-1.0137526562360466
-0.682696144520507
0.2062494606149812
-1.623561461794843
-0.2324147183645856
1.1064741756741832
0.0218760432047947
-1.0429373745903066
-0.1390677476598338
0.1652686729671035
-0.440663170632347
-0.2313334410752102
-0.284720177614182
-0.3370190491918143
0.1964850100835984
-0.5235752916707395
-0.182141473849504
-0.0715504402702573
-0.2814502835099018
-0.4346115897708467
-0.4142364976311048
-0.6894211847200141
-0.8658179489860206
-0.8579784571476657
-0.3256055650234549
-0.6272227482448292
0.1127911486898832
-0.1622042703664759
-0.4385926002040592
-0.356428851955735
-0.5318024727896332
-0.6264500231611434
-1.0182645343561538
-0.7860547835053199
-1.1478324471844357

-0.77014895390173
0.9634999929888364
-0.3961282947061861
0.0577542620920305
0.0041370941663244
-0.0058782667104944
0.0078713865235177
-0.0144193065366356
0.0115047006978638
0.0023781472477174
-0.0041800605361916
-0.0023304748631589
0.0012785327068169
0.0010244083318955
0.0001051323838163
-0.0008950941958457
0.0007426456481961
-0.0005020095534112
-0.002456520932845
0.0302232952761695
-0.0671968542329137
-0.0308474827942805
0.1251879319359534
0.0765561061654691
-0.3666465201580114
0.4424075721220951
-0.4088436217453802
0.5437433565850316
-1.361681242935593
2.8749352046191445
-2.4128086765841723
0.8785889930537658
0.7158315925054816
-0.0410444620825968
-0.1160316094445367
0.6091969742850515
0.2274503748729916
0.6466148254884866
0.3559482109921173
0.8721252853984603

