0.547288190016421
-1.3386765619201135
0.6148949366922186
0.4021926648190813
-0.2183719101369828
-0.1770273293440588
0.1730017418313821
-0.0327290755068538
0.0525862445453547
0.0520327380317283
0.0401833112830009
-0.0396185639520946
0.0937914571205341
0.0238062940513617
-0.0241091328786004
0.0800355190490121
0.0219200041660157
0.0671162313335633
0.1518552608167055
0.148626379035113
0.2314848128685153
0.2853247889692451
0.0857234404065203
0.1746235088950115
0.1883986496593975
-0.067409554472667
0.07552277147502
0.2160817001102138
0.1578250932581618
0.2363407974632604
0.3338380909736653
0.4474514190127274
0.288988420051204
0.0789905134174265
0.4798783044235997
-0.1694622108888596
-0.2218929871340245
0.0800602808356295
0.1982696363292231
-0.2038445107127748

0.4712687862136037
-0.0365322259970708
-0.1082894691576921
0.0115539053951593
0.120618991133295
0.1406192594198417
0.092491512071632
0.1527874751686602
0.2018923284118939
0.2434039962255778
0.0680936663034679
0.1168732102153298
0.2112394462958206
0.0114787866301106
-0.1962817104679156
0.0772925370934067
0.3010362729852889
0.1961839889588865
0.1290278441453259
0.343193745914448
0.3739156665933452
0.4642836034504975
0.1638111544334023
0.2918154910425863
0.2106802875989729
0.0212328802572421
0.0460708345908696
0.1812194610037746
0.2159980704620821
0.1723491886112446
0.2772982410198159
0.278461761712636
0.2215536132524562
0.0788527266252264
0.1325620765072936
0.0575675596585166
0.0863468115123567
0.0977795345090422
-0.0851611130320312
0.423961895461252

-3.408209683231768
1.740824809863167
0.7818400897798394
-0.5922000489894855
-1.001786205134751
-0.1434423791605053
-0.1658946301420745
-0.7180640686726868
-0.5600147137077547
-0.7836704699389875
-0.1295803843264799
-0.1186685097173183
-1.37410396498264
-0.0394770343474928
1.800858819276072
-0.4444598295551132
-1.4791212059039454
0.1763210678776313
-0.056201278436797
-0.7961501417636992
-0.5877483884423712
-0.9525457979815768
-0.24190328171269
-0.5212577351137375
-0.6578074270961706
0.1607277804492458
-0.1309288983950252
-0.6785120474035703
-0.4694038214092788
-0.6575681816565557
-1.0020567333204895
-1.184196353943449
-0.98189169020248
-0.1631257718810252
-1.289447106488787
0.602210419847558
-0.1974753602950487
-1.7278760671517492
1.509977040395558
-2.2410114892846256

0.0046789672209844
-0.0066854342638093
-0.0012137417353214
0.0041749765993383
0.001705367665364
-0.0032840755056958
0.0001101819424637
0.0020206690260884
-0.003387795079226
0.008008154038292
-0.0215783352042346
0.0029446944816664
0.082912408377918
0.0199423879647742
-0.1189330424222637
-0.1458726426566816
0.1323959150009763
0.4083662874312393
-0.771889673970004
0.7875183280275677
-0.9052460971164052
1.9269536615431544
-5.874878805545784
10.629347602782946
-6.055339626959623
-1.7289329427501938
2.3976941744914355
1.1985437569308883
-1.199384127299936
0.9313657736438729
0.3319983908622391
0.614214301078923
0.446100940919318
0.1078619489830367
0.6048334388453468
-0.3361098816825614
0.1161782029801596
0.9137794263437606
-0.8396425239194948
1.1966442963420874

