-0.2540644104611428
-0.0396478814788861
-0.0389605309660377
-0.0343451438670257
0.0212934931983556
-0.0540589804758418
-0.0854844173692685
-0.0472384395273729
-0.0769598278419568
-0.0480582341287922
-0.0303169715197307
-0.0306105351318808
0.0113211527738896
-0.0018586416653402
-0.0096700606656846
0.0372118275153502
0.0398500084624748
0.0285139463253922
0.0838844643983116
0.1169675954584484
0.1584495817648489
0.208339183810966
0.076007980134262
0.1142534016310072
0.1151000886597656
0.0316783145815289
0.0375127579376093
0.1210268550048945
0.1660662107898426
0.1838262202630733
0.285851781938845
0.3092536395183941
0.1807126193940946
0.1671175331665506
0.162916544946768
-0.042621381389717
-0.1142649971616559
0.0040641556289562
0.1560744771355885
-0.3636391556137549

1.1579882245891615
-2.428375589166518
0.3309256331344996
2.431500976989222
-0.9181793018004312
-0.5860820145312767
0.8446374955443341
0.0783237372877696
0.4149218052682765
0.4255176225497803
0.0339341444944951
0.2803125166767827
0.585671942801233
-0.4130916712301196
-0.361385404080113
0.4257985731129269
0.503400394168892
-0.7894224827646891
0.6158244688220755
0.0531644797050688
0.2863690835680019
0.3385351951734652
0.0856286964309145
0.1854654534517508
0.4327537999431668
-0.1973013534856254
-0.1317972843217018
0.35341809740515
0.0468268506598032
0.0824332932834539
0.082434269389854
0.0971876289951655
0.0979528399815654
-0.0056793450284887
0.1440382411122004
-0.0485106520629233
0.0199041318046293
0.1919442075150658
-0.1791777851577506
0.2658813076060491

-2.726008063258339
2.062568427736545
-0.2906535706239609
-0.5912096505659518
-0.9346295207320772
0.172203679171974
-0.5760468561114895
-0.7643256420094886
-0.7730270355015705
-0.9840732909479308
-0.0078357503232484
-0.8375543515671293
-0.989337122459884
0.8068048709317576
0.876011448330521
-0.9008894244517576
-1.0980861408606737
1.681468224034833
-1.083672271304286
-0.0702786984033934
-0.4777691908576789
-0.605274714469114
-0.214318872462398
-0.2018518088085589
-0.7583221324056897
0.1457474968585174
0.0912649672098751
-0.6282343833604008
-0.3676755929387754
-0.4422431365629642
-0.6723203579837953
-0.8228028422935422
-0.7292914386104502
-0.0915771973391014
-0.922410821475643
0.4282283981416936
-0.27742412242708
-1.5031151286411644
1.4419098491854154
-2.1189657465865213

0.0044167249223745
-0.0065308898738042
-0.0008300849504562
0.0043088722838702
0.001097922850428
-0.0039558090452157
0.0022889496163247
-0.0007419897049508
0.0002761799445861
-0.0002614194329235
2.8002639857494243e-05
0.0022030110781111
-0.0003826604966144
-0.005646094076269
-0.0014047238323292
0.0068422388142805
0.0062136524590219
-0.0093974623374932
-0.0067319595858018
0.0230702055405329
-0.0424562575176134
0.1205764163218856
-0.5632860697270593
1.7049154362779122
-0.3839630974685859
-3.1126184834817603
0.1831714459114548
7.881287642941412
-10.514490147273772
6.907075611155947
-1.965434596575934
1.4181724358991197
-0.0549145913048891
0.6888562202363027
0.2297380882173823
-0.4031672899187423
0.2479267281321475
0.9580747480419292
-0.918441458717522
1.2224481141282837

