-0.2920171891001158
-0.0064463530720038
-0.0055113003012171
-0.0609276553405748
-0.0548763728475599
-0.0821823586797467
-0.0749066343783491
-0.1013375191085021
-0.0640000068860836
-0.0471857959535824
-0.0488349665695976
0.0149791906232723
0.0354356763604163
0.0010452994121164
-0.0070318258161048
0.0470033189344205
0.0631382068316906
0.101908756109609
0.1533967572944937
0.0771519050221528
0.0497869767226614
0.0693961585880521
0.0431928572251935
0.0477904103087174
0.0692065154552186
0.0788168224445945
0.101354697370767
0.1528892478496439
0.2140746386870566
0.2881799500329557
0.3242223283527379
0.1000174553849616
0.2492546658543165
0.157530464526348
-0.0267277972224168
-0.1075921170804768
-0.0646763658374008
0.0690167202224377
0.1528531279095022
-0.3937937173512906

0.9161728301212224
-1.702258465205868
0.4444280963295814
1.5546655655568362
-1.111597312915115
0.619481607249756
0.211528159493844
0.4140995574352415
0.4036827728570625
0.1192363818762579
0.3159142391216799
0.0289319317500374
0.1135020093301825
-0.0548754009843813
0.2024061224662929
0.0830388638798382
0.1440316895243558
0.1504732516031579
0.2345399343576952
0.182933206972015
-0.0594964293652115
0.1850796975431353
0.1249485540429323
0.1333634174471392
0.1199821568006767
-0.0531444989304714
0.1270092539966065
0.1802224689456214
0.123021011584416
0.1585043223027599
0.1048039925601429
0.0061914963608365
0.0502735921220746
0.0938047838217241
-0.0308197086145582
-0.0243137268218414
0.1132069160649497
0.1365588210289056
-0.2246115514746966
0.2950035180989503

-2.624432518886402
2.0276151241774705
-0.6802698552980402
-0.7359556415503524
-0.507969890952129
-0.3403371880464682
-0.9050194535375596
-0.908067204257811
-0.982326255217146
-0.0851144372804645
-1.0591627352136224
0.0521442322362549
0.124635715604099
-0.1270765946641459
-0.3900790214202954
-0.0666208434467594
-0.2527522908276925
-0.1796164900300807
-0.3299891429868892
-0.2811412362544821
0.2073235052323295
-0.4160067058655585
-0.2141151686995636
-0.1542427592786961
-0.2385650494139252
-0.1141786729322925
-0.3303970126769608
-0.4494859380276591
-0.5756301974086863
-0.7068896221931569
-0.8282748320187756
-0.1114116307469314
-0.6694256754146036
-0.5184921959633897
0.5280695143681596
0.1666556264236692
-1.102192189261051
-1.0995782377640448
1.8775817142432716
-2.370738936465225

0.0035051703694604
-0.0063184319866732
0.0017952039506113
0.0036660206179626
-0.0035769054110513
0.0013533510550129
-0.0002450592369391
-6.618285829620979e-05
0.0003500016604025
-0.0010968115202285
0.0015639804167494
-0.0006521790390555
-0.0001528066281755
0.0010564948937359
-0.0030154091034382
0.0040135350588321
-0.0034201283346155
0.0030117495660458
-0.0039789041753115
-0.0144766649528814
0.192031427759361
-0.2774909084028737
-0.3034816728225766
0.2517266819793938
0.7156680179398729
-0.0757831653281571
-1.815470149158296
2.509403812741801
-2.1054956536659226
1.791896879514333
-0.0436066109681114
0.6983407752771824
-0.064902708114892
0.4733246743065567
-0.2443263433995076
-0.1610454272955137
0.5894422326508046
0.6522553436065667
-1.0716808461274483
1.3410544597895924

