0.2708077318459693
-0.2743338672056421
0.1631027926202017
0.0885262114128728
-0.0055942618720022
0.0229690540475934
0.0825098172945123
0.0884085023232743
0.1238269486859571
0.1594783817052125
0.0686514493184553
0.0540100039052969
0.0964435630042666
0.0247401109794679
-0.0081509708954561
0.056580140218883
0.0886219318783017
0.1158036817731456
0.1626520959417484
0.2219171156703131
0.3042511072203535
0.3659470981085493
0.1081304037316704
0.2147675721615641
0.1709632691441732
0.0111117783334399
0.0058743225683911
0.1199858444554376
0.2283848498684065
0.1733310118090247
0.1873666084284929
0.4356039519226702
0.3902507303456951
0.4417369130147082
0.13175422393375
0.3403314566257508
0.1342171274638683
-0.1159280337236233
-0.0837664434783005
0.1732587896645849

0.400019419120262
-0.0831460014457977
0.0659401823612958
0.0858158672984261
0.0545294678210585
0.0906746210976575
0.1211454998620967
0.1440744999571291
0.1877295899340361
0.2379519302813732
0.0742118094962094
0.0792125509809474
0.308177672515279
-0.0002331016002369
-0.3663433903315895
0.0941038171506801
0.4050337020520588
0.1250878506160556
0.052813643731741
0.3381342396656622
0.2933749229972384
0.4147966890129375
0.0820611072189562
0.2640190707271687
0.2248825330042166
0.0002765952744609
-0.0328357934745933
0.0852822105047577
0.169303870269988
0.1002182856749838
0.1245213409561069
0.1795985123433632
0.2310786395750995
0.2805706671816741
0.0477221352358371
0.2452969571071857
0.1989114669025389
-0.130864112126988
-0.2294651391762241
0.5619771503123497

-1.839064900885552
0.7124304953843005
-0.8545147722017253
-0.0449066024151168
-0.0964465619912624
-0.4968280108213559
-0.366278806381126
-0.5146724974518632
-0.6297743821045911
-0.7077763584404451
-0.2862895097594827
0.1043586655848147
-1.5198814843298796
-0.0609811661223353
2.0127052161191594
-0.5091103892891601
-1.5779033516642769
0.3961244735952753
-0.0921571431364026
-0.690940579195564
-0.4907550275941795
-0.8410506223365122
-0.1244674420845391
-0.4209307647769078
-0.691524706669006
0.110758048605336
0.1859646990955391
-0.3340508652012918
-0.5831015581041484
-0.296004251192887
-0.4072101556860713
-0.8302889043019198
-0.8760436567289159
-1.1918152955522
-0.2460752917198526
-0.5091545873602347
-1.5996255168691216
0.3284123136906173
2.0048369881108905
-2.9817585883615294

0.0008954618343058
-0.003050574652941
0.003757853517785
-0.0014218979210876
-0.0008962646409004
0.0016204734090328
-0.0016895701536365
0.0016637943539623
-0.0020344199957767
0.0044500081059203
-0.0099628434601238
-0.019624875149871
0.0855897679104718
0.0402601063399224
-0.1088487006174507
-0.1654605738336194
0.1072540219722199
0.44640244634697
-0.7855653254474284
0.7929179534515625
-0.9397759997499529
2.110391453390583
-6.664129948265113
11.947015767059764
-5.633947417143619
-3.083040310171743
1.1150417541870332
2.274351033216933
0.4012951599481377
-1.1197355463279783
0.7114497518010097
0.4209848571878192
0.4255005438786967
0.6367513696164827
0.1006831099536239
0.2797255412794692
0.8352338731958583
-0.1691300096292798
-1.128443160453721
1.629772050095386

