-0.0470873113323919
-0.0579740354450851
-0.0183493247798787
0.0056059228634995
-0.0635603629429102
0.0136934147352024
0.0767616021759601
-0.0237918697955395
-0.0111290185184989
0.0627302756561256
0.0397342860492861
0.0778355360529627
0.1124694576586797
0.0265048966937559
0.0803559272915923
0.1795358518122297
-0.2324484918886716
-0.0921783835332213
0.4063087551372822
0.0413897818780371
-0.019923820890522
0.1889077587481482
0.2088838325214452
0.2577915277297536
0.357505034403044
0.0451022976443103
0.0794586504177024
0.5841695775060182
0.1866664466148358
-0.7220960375596794
-0.4834566161869402
1.8553498966803783
-0.6947276136269728
0.0986632662941584
0.3021515923498335
0.0830084853976633
0.1814608182838774
-0.1530803983690843
0.6355602786933282
-0.5714069180823261

0.3522194773377132
0.1821927933583224
0.2494343948402574
0.1044303958039445
0.1130407354092207
0.0707213923656934
0.0448467308751504
0.0405382666702962
0.0799014969694637
0.1428122231039751
0.1659144310625909
0.2294363025115793
0.2860610543619736
0.1503173806276519
0.0436291771101488
0.0700714703050705
0.1062728920975967
0.126810568113564
0.1359119260983949
0.1355383990472677
0.1348765466649392
0.2322200863848881
0.3293158084914163
0.4285989614854061
0.438256798250302
0.2082839775922316
0.2207486576751174
0.1773330517520512
0.0834893018969763
0.0166299019510859
0.0109985802960093
0.0325318417292351
0.126194659886463
0.1596483614178377
0.1658000279623548
0.2331772506588838
0.2719046072142438
0.0765838426513095
0.0828412949282769
0.2867298845893846

-1.5718143196419434
-0.7090988993339572
-1.207161387220833
0.0226835777687699
-1.1483613200479337
-0.0960773931851999
0.1956076030049572
-0.1916728936245587
-0.4600029972208926
-0.3336074778771323
-0.4337904605789213
-0.6063372286203844
-0.6146529635841469
-0.4453822636529916
0.1077471036864626
-0.3377106287117388
-0.4564751783299974
0.1088987392987751
0.1869216020682172
-0.6139728245726848
-0.2753077667164213
-0.3679565120110241
-0.7031303583798785
-0.8214427984878746
-1.073385831299079
-0.2145129288266545
-0.5955453068702333
-0.7609986758663572
-0.0082197501098282
0.2987397892148525
-0.2002466731563771
-0.8097603879636976
-0.4375841339393702
-0.3840998927026918
-0.9149033517977836
-1.0003688955496786
-1.1290198910992135
-0.7485748062226476
0.5693846120234689
-1.8928178981325023

0.0173711757202026
-0.0177437362734424
0.0145140322595058
-0.0119877131616779
0.009327481542205
0.0009286105103693
-0.0065489297979888
-0.0015737996845331
0.0048756166890237
0.0015152917597321
-0.0039244994548049
0.0010646136665578
0.0061140952670066
-0.0075911433593813
0.0063036692960676
0.0064154789028991
-0.0049429995988807
-0.007156443018814
-0.0010519910326825
0.0050850398296251
0.0037812568530677
-0.0026609493417657
-0.0025271810952771
0.0014085047755254
0.006025412975859
-0.0097124573133992
0.0077898548314564
0.0067011307391227
-0.0046805681708214
-0.0072698391875418
-0.001585124345063
0.0046683836698028
0.0041091106993243
-0.0018742213453376
-0.0028799961788796
-0.001831137984302
0.0184759945784796
-0.02239273198959
-0.0271980112497365
0.04372625810223

