0.3253416144357934
-0.8295501679813139
0.6609549542987866
-0.2691113131891766
0.0653171566196188
-0.0088825528444696
0.0293240747729175
0.0044007744086387
-0.0375097728213993
0.0779027351383273
0.0242291662451721
-0.023519328961207
0.0776773754289118
0.0485149463285519
0.096556535583424
0.1339144349337895
0.1888385652521229
0.0678561438065095
0.0406822255314963
0.2096200668813806
0.0498859639505993
-0.0869689748101485
0.0553322011492007
0.2112449174330919
0.1042083759369859
0.1337223456944524
0.2727719437557788
0.3196076765574562
0.3640862915825193
0.3940409971885716
-1.230270808094945
2.1233920218848863
0.1847823919602492
-0.9265933707498109
-0.3342305444660017
0.4970980956451289
0.3136956509198729
-0.3352551346856561
0.1720302803853276
-0.1146876337941444

0.4461017702746526
-0.0819847777239532
-0.0029776657480451
0.2284961020318333
0.1589350526585058
0.2342115737295879
0.2303852916198846
0.0746052858588751
0.0984990311081547
0.1046671615194765
0.0303861917787426
0.0130383895824494
0.1484033856522643
0.1629962852556092
0.1856222262360273
0.326289426961351
0.4107103248292051
0.1612137086517242
0.2579447294120782
0.2396154223534908
-0.0528397486512894
-0.0120583549314762
0.1455033361730971
0.2256716969364623
0.1803973541480246
0.1903419149647575
0.3103028675986308
0.3739814841802018
0.3628340055397618
0.1568444748347879
0.2940065945367093
0.0093386509281224
-0.0677390602162348
0.0129923228366042
0.0878614270091984
0.1087443894220367
0.0980182285956612
0.1678701238334013
0.0727122012550985
0.3756938037423369

-3.272429159322097
2.5698859504932035
-1.259938817444483
-0.6797942917948133
-0.5675732924189427
-0.9045537296636388
-0.8299820350252995
-0.1238058259914833
-0.7021870352057551
-0.334809074538167
0.268892406911797
0.1106941789972888
-0.8072582104607748
-0.0424183542204631
-0.4484673730610238
-0.5715452631335763
-0.7099911342751334
-0.3348631190424964
-0.0519183266447495
-1.0378993891489616
0.5178248465049685
0.1578905165461256
-0.5397701450072796
-0.567424120213316
-0.1917960596258186
-0.4990064015890193
-0.8144484470528244
-0.9296688333436476
-1.1838337439992168
-0.2802463409823221
-0.5286880504412841
-1.0128950703478845
0.272114842610581
0.2397061949860201
-0.5886211163225489
-0.6570886728505586
0.1670872153568318
-1.2549507730753993
-0.0958318356517434
-1.6896661372645247

0.0469069780480768
-0.0303256134539712
-0.0243508746211205
0.0173061102037671
0.0027041368551304
-0.0032126015378573
0.0054514765127359
-0.0088750818146506
0.00991395989141
0.0007679370072348
-0.0067714921013069
-0.0017495777181445
0.0046853226395809
0.001436750255086
-0.0035613918472814
0.0006709135470521
0.0050097291265658
-0.007506269280426
0.0062706215636664
0.0064540675466303
-0.0047729464947379
-0.006963937365294
-0.0009985243322808
0.0048849118609102
0.0034461519835166
-0.0026185025789185
-0.001990801970245
0.0008779033262395
0.0049647763193722
-0.0093478587535501
0.0087466611043244
0.0076047847156636
-0.0045823104193558
-0.0086062358297447
-0.004272561854905
0.0026369492819768
0.0081420085998612
0.0096686108484822
-0.0282728977093369
0.0231714340916117

