-1.024804130230718
0.20945630636394
0.1256046773662331
-0.5019380598554376
-0.2288563437632221
-0.4147983248983467
-0.3740434860325297
-0.0989477020119552
-0.3034664047769917
-0.0750641280899867
0.0311758972357186
-0.0714499820939669
-0.1894405204994678
-0.122182553119293
-0.1690979481409301
-0.2109100717525281
-0.2153467375168619
-0.0804752339444472
-0.1194093517749064
-0.0909145962401606
-0.0174482142873374
0.0202715437910723
0.017544962313997
-0.0498252481822934
-0.0752916401545546
-0.0349598248433274
-0.0705036361600268
-0.1055532496325481
-0.0682764834815265
-0.1777874276555902
0.2210093983034857
0.0470939236558306
-0.1495358596122322
-0.1727727086794763
-0.0947686818519055
-0.00051481039851
-0.0675949341039436
-0.4597689418434746
-0.0228406654814098
-0.7756008133331312

0.3472011569854825
0.063268007244192
0.0180138046457922
0.1811319896941625
0.2913941424049258
0.3720488826327131
0.3936788328466032
0.1644130564116009
0.1935133764172771
0.1441100825898861
0.1066837558316255
0.1405123828560774
0.2172578644317945
0.2761952434769852
0.3391666396692123
0.441533690192239
0.4405447616541824
0.222903579989319
0.2236967281950003
0.1454540992251723
0.0119674851842148
-0.0253310504097945
0.0447337887287266
0.1302314613767191
0.1531179036584592
0.14191059093984
0.2010535785237923
0.271233172007675
0.2902100052728328
0.1160294367783554
0.1632211631169382
0.137542965441428
0.0583481109516433
0.0285581742652613
0.0504519167774068
0.0981753153762727
0.1477987138779992
0.1826562552834302
0.1107379771123694
0.4100023768693004

-2.126071344818165
1.2871343284366172
-0.7056085589099134
-0.6296507911292143
-0.634195791248113
-0.910074575927078
-0.9578174124292892
-0.0106426080455785
-1.0983961587197748
-0.1020849248011879
0.3426254491441647
-0.3678029927906441
-0.6280994771921408
-0.1537945537713213
-0.5960384947337618
-0.592889319162608
-0.7216465040314763
-0.2420816093208399
-0.2601060061303181
-0.7826613921646196
0.2113350242760725
0.4490708253715026
-0.2940930390061786
-0.6755025923748267
-0.2044777664156397
-0.263603515763623
-0.7469115259578333
-0.7208345503208435
-1.080419400024638
-0.0550100983082466
-0.6969472816474336
-1.0419417885841356
0.3837008672177546
0.3009657519236948
-0.5512353087965121
-0.6553696837108107
0.1474472474515856
-1.0431295608580384
-0.1143005673154133
-1.4233697691839462

-0.0005126903278432
-0.0033278565302685
0.0055953365722974
-0.0035671614039883
0.0013731480157039
-0.0005160037306868
0.0004667881040078
-0.0012514759915703
0.0025235682969559
-0.0011221085370693
-0.0020301407589975
0.0016349424943011
0.001351147088412
-0.002649095310704
0.0022957198854854
-0.002271785570008
0.0045326406806549
-0.0099845171296215
-0.0196262904694278
0.0854137144783686
0.0402792832931631
-0.1085523602335787
-0.1652108113757847
0.1068621409444991
0.4456097310100694
-0.7838120521251105
0.7910370183631472
-0.9375835814635166
2.105964498329257
-6.6557269289635
11.96489777198978
-5.693343963771432
-3.121921229860593
1.1838050785679453
2.399348557613967
0.3467830342827818
-1.438530178083535
1.2111023600772084
-0.0301350540533755
0.874717959267584

