-0.2961429633711827
-0.0882552080956571
-0.092150010713258
-0.2098772293803774
-0.211978056290831
-0.197243646249366
-0.0876295021907485
-0.1203450556509951
-0.075198766801118
-0.0057734747848025
0.0254754125396089
0.0128055488639386
-0.0182318224938925
-0.0351701568996571
-0.0095612879352812
0.0193827320381164
0.0263173041744074
0.0657940411929709
0.0256621584912556
0.0442392011500692
0.0442089063478714
0.0329408503420676
0.0459331104340491
0.0718477155847344
0.0938084632662591
0.1238523086488507
0.1796280881549148
0.2420019069080036
0.170654231664931
0.0585835761388459
0.2256053381110727
0.0985933305289295
-0.0225077447784081
-0.0067797543750703
0.0431091783229485
0.0072060916089314
-0.0481582293672831
-0.1473098035544917
-0.0791214005140882
-0.3377680286525339

0.0788242709756868
-0.0601134388054181
0.219187385981095
0.2437237142754912
0.2542668459288787
0.3753498944041856
0.0330017366923281
0.1867159281677555
0.331272118744693
0.1155085798773822
-0.146016907945141
0.0160384083298393
0.2149115699949788
0.1239446137509928
0.0826531805521745
0.1730829405721267
0.1939212336282081
0.217602014612778
0.0839887785495477
0.1488284764230611
0.1303259380928064
0.0672029374967505
0.1074331503276564
0.1584931063141717
0.1798452689592501
0.1965282426926797
0.2710117159997617
0.3027616677262268
0.1481447208917296
0.3490320712732062
-0.1141780906581535
-0.1869575691212754
0.0954751156297887
0.1452320593539671
0.0348587747758707
0.0422778798636768
0.1103706288154437
0.1343753358502435
0.0801799514998924
0.1587481834301417

-1.4017639518443663
0.5606946500641335
-0.849488610327086
-0.7711328237873909
-0.8612993299391357
-1.0977131140856031
-0.1093737939088701
-0.6961010489301397
-0.9153030579005476
0.080134336729913
0.6776350001699261
-0.1775361770271298
-0.8024701741544585
-0.0886906742032087
-0.0026950128160392
-0.4141241432824623
-0.248803791069231
-0.3290753608497435
-0.1121269402171852
-0.0545991923598893
-0.3390178038539488
-0.1498877108692366
-0.1744495721101122
-0.3057108176470825
-0.4056707311076878
-0.5061007212693516
-0.7311972258111005
-0.9286987687503786
-0.6305742233100432
-0.5782542747259367
-0.289900405676069
0.1839455033612374
-0.3291528243625878
-0.5062327140268474
-0.2969305000026599
-0.5979202367547047
-0.7176130909165659
-1.0682319337008035
-0.6759887681493703
-1.1077087268361228

-0.7937339749635244
1.0194588942264908
-0.4997192128919784
0.1354646610966533
-0.0317402513656817
0.010537983456436
-0.0054805236231746
-0.0010765525184041
0.005490299326087
-0.0005511344956691
-0.0023054257360596
-8.710578686886458e-05
0.0008192635166163
-0.0008220739891951
0.0012835737249385
-0.0011578156908151
0.0008455902682442
-0.0005044524494562
-0.0075960798421865
0.056355437863064
-0.0641792497026456
-0.0887907097641864
0.1114977397231568
0.1962361134944753
-0.4709129556505061
0.4973874986719176
-0.4904743178131919
0.8287311873436198
-2.4247280394081585
5.058614205758576
-3.797887330460156
0.1096300792384832
1.4505687717969027
0.3391842026646008
-0.561630923607234
0.7738309342959552
0.2592132128721607
0.686202722108839
0.2587367985169973
0.890885300433489

