0.3318501529298335
-0.7095830571386265
0.4856398771273821
-0.1975539560944781
0.0576429305865615
-0.0190845399471538
0.0436313967796236
-0.0475405935631655
-0.0220584132803714
0.0870453024902032
0.0277767931205714
-0.0443985312346456
0.0570211031664369
0.0643460310972989
0.0417969408277823
0.1174956975905603
0.140460223321325
0.2018596681018367
0.0824386664842241
0.0676466602151618
0.23085779583216
-0.0533004838406056
0.013832270988481
0.2105267042473969
0.1329546437843231
0.1885500254894358
0.3210475263576874
0.3436657972667035
0.3913831969450997
0.0303060784268324
-0.5287638805255813
1.6113476532316064
-0.4701930514931774
-0.4700671801898436
0.6078842024809086
-0.0696778593492449
0.122942785044123
0.0411837218613605
0.0644607081952809
-0.1100429329666174

0.2722751101376719
0.0503385072649373
0.0685973938665638
0.2015221205611307
0.2094206512015137
0.2258102546741338
0.1174609529390438
0.1052160254775103
0.0488537144616024
0.041456043490768
0.0213996587103251
0.0251818868512054
0.1109711485974258
0.1302367211417506
0.1181197156107674
0.2420552954591322
0.3487689821442697
0.3982100594924471
0.2101579135537393
0.2352799017192815
0.1136938465329127
0.0634055959373538
0.1152932518418992
0.1928514038580547
0.2259477885834551
0.2651195000412752
0.3692173903991874
0.422908270051391
0.2870020443075024
0.2186169418105812
0.1665299826222465
-0.0374262987616022
-0.0057257584385064
0.1117506585749466
0.1539198642846996
0.1387822512438438
0.18856226787889
0.2816030669624347
0.1740685467522007
0.2927547143332061

-2.180440374263519
1.3325010968659237
-1.1799719438099243
-0.5549341046962494
-0.8306790068946178
-0.9175502332464228
-0.1641751011146899
-0.770044478451365
-0.2138366708116015
-0.1382136857643938
0.1988093550285773
0.3421406215904552
-0.7859813512248406
-0.3845677697449863
0.1661162030793414
-0.6826920159125076
-0.4785654664082768
-0.7789183536620587
-0.1005138681766051
-0.6996901898361112
-0.124091227535627
0.0721096071195947
-0.3203351517112036
-0.5399066095915017
-0.3596295881178145
-0.654940807599906
-0.9238439061223568
-1.088265817971689
-1.012411477887397
0.0994860292194294
-1.2631324516892388
-0.1407746373782553
0.2573214725026768
-0.5971491345492929
-0.6726327822057037
-0.5452460875762954
-0.8973838393512066
-1.205677030459951
-0.8189952052542352
-1.1641678138478364

0.0275830887169993
-0.018368630521482
-0.0155750439507378
0.0120009888685524
0.0005950268648504
0.0065517422457001
-0.0092198249421712
0.0077811268962774
0.0065157128711056
-0.0049802542889372
-0.0075239225038998
-0.0016018372515234
0.0049791499158676
0.0044576745268866
-0.002316088931
-0.0034259475032295
0.0023021785574616
0.0071732201317347
-0.0077521310119919
0.0068492552864904
0.0039719731042005
-0.0064575341589508
-0.0046894573868071
0.0036114571532598
0.0043051237596052
-0.0033922369355084
-0.0007413438419935
0.006130312606456
0.0015638443206911
-0.003375945780427
0.007346544449529
-0.0034976777875029
-0.006067234901277
0.0015342019752868
0.0054854475996095
-0.001534099207032
-0.0049735853148265
0.0141669855405866
-0.0204647816432985
0.0177727908761285

