-0.5769478138100829
-0.1401867343413147
-0.060255621909939
-0.3653079012986429
-0.361584433316351
-0.3869295522237921
-0.1709979989202523
-0.2090181896031572
-0.1337244481769149
-0.0275477339140849
-0.0092651681643629
-0.0503049787303579
-0.1148444289666632
-0.1251136049098631
-0.1104707804946392
-0.1440982046276134
-0.1844812151315318
-0.1812517079849533
-0.0882723223423517
-0.1004045220584559
-0.0662141867843077
-0.0099760392118162
0.0046336502457967
-0.0373133909988636
-0.0687824838685174
-0.0586465849289756
-0.0913958440639493
-0.1013394097915398
-0.0928657617815013
-0.0907135557611
0.1201085003041975
-0.0031182318261574
-0.1197563155409838
-0.1231336166479862
-0.1091684844778169
-0.1918036520558088
-0.2830154600916725
-0.459019645190425
-0.2804864609175251
-0.5913293147682515

0.2354606309859183
0.114896601350368
0.0907546815626922
0.2133864714022522
0.3308258703235521
0.3657414172860471
0.1911279609311846
0.1570288288464771
0.1273080225904752
0.0920677387969508
0.0899475657934657
0.1183002950351214
0.1652533624568208
0.2073576115928973
0.2469221466409634
0.309909728584245
0.390493887833553
0.3835744655860312
0.2200046318555411
0.1786295125462989
0.0990324781580033
0.034006577617685
0.0522527832269532
0.1155713094283273
0.1625061988211501
0.1874587029865947
0.253340257063794
0.3137337974819343
0.2217326676669977
0.1229751417233162
0.1403414950547816
0.0931359217437345
0.0699364561723999
0.0980152826764238
0.1475333299537772
0.1898351748367465
0.2456037375264514
0.3272378776439248
0.2205136073003284
0.3323556375370166

-1.1668825266750025
0.1600134029926098
-0.5038815086573691
-0.6821035170588985
-0.7778933845033065
-0.9858199634065414
-0.1649487155861988
-0.7285199925196488
-0.5330153808633238
0.2015317174291752
0.1731230510615808
-0.2948027349065093
-0.5026748959935182
-0.2338473500334469
-0.2492275348322349
-0.530073054112644
-0.5312627593025776
-0.6979562447724935
-0.1460347696591455
-0.5502455979150732
-0.34522830134307
0.2962509876200617
-0.1442265158896472
-0.5798385862558804
-0.2750486923257047
-0.4884443010538917
-0.7828087232659784
-0.8702373748502792
-0.9626819534202384
0.4850049229241639
-1.57642417834295
-0.2316655318421624
0.4512884892543504
-0.4807483660117124
-0.7472354445913472
-0.4212642016599983
-0.8022005763930092
-1.054367006792159
-0.6855263968986856
-1.0484088098726012

-0.7855188794894575
1.013554594854914
-0.5001613723853975
0.1369062325597471
-0.032420963332854
0.0108733660610629
-0.0058478496133772
-0.0007889201554496
0.0058667724577014
-0.0006371976127726
-0.0029231864970187
-0.0006004530821891
0.0015425671334251
0.0007348335887911
-0.0018118225948786
0.0017696835357371
-0.0019537871561499
0.0034585702271347
-0.0020737725863206
-0.0426834347750026
0.0794197404158216
0.068130428112167
-0.1404278038766755
-0.1744632591588234
0.5290052480796529
-0.6152999439418309
0.6510231028859467
-1.170653918309394
4.06112023906528
-13.877956809966468
19.161751432354222
-5.927579924513399
-4.866951630388366
2.468672620802276
2.101994595535433
-1.3070913793295476
0.9907022446972952
0.4728502147107322
0.3375475060420352
0.8555108581259411

