0.038612569293432
-0.1683141756752749
0.0819798899797597
-0.0486722673528383
0.0143487306686645
-0.0175925253322014
0.0351701202186177
-0.0213385490146244
-0.0498574315619724
0.0819429348709951
0.0453319523362229
-0.0279736304607023
0.0638109318303354
0.0524086509041381
0.0988776584083929
0.1231279565319341
0.1926601612959614
0.0102244521174651
0.1008437875095629
0.183643989980995
0.0352919359375569
-0.085103371126914
0.0601173686713361
0.2116952857717107
0.0983672831822273
0.1334448150820457
0.2634980617008929
0.3209157032944698
0.3518662117817082
0.3890280584635051
-0.9146569782352824
1.8160021126393675
-0.2633006124221884
-0.6657158926076644
0.3672185116064585
0.2454966095846155
-0.0791379577080794
0.0979426489982949
0.0151139113410809
-0.0658620710716988

0.3715319794031514
-0.0285000723556938
0.1972118445616462
0.2315332278461835
0.2445543122074315
0.1141802694446185
0.1617778868279709
0.06651066751746
-0.0343996464026066
0.0356433642972083
0.0669356432387228
0.0661534515779811
0.130829350221434
0.1429685148062531
0.1924958503861221
0.3169839183799233
0.3805404242994529
0.1377866559333878
0.2471317373556061
0.2066392423736291
-0.0166122172870552
0.0057386043853889
0.1250956106323205
0.2017686289839741
0.1880297339377722
0.1964680792742377
0.2943853231454498
0.3724636839998128
0.3578296133409039
0.1903357194680383
0.2419452330521352
0.0173998425144923
-0.0296717468538153
0.0619873957132278
0.1375735483429079
0.1390280352136801
0.1264010578924775
0.2519994726316356
0.2066037694935552
0.3419702417747968

-2.1303515438264498
0.8802906782164638
-1.3001313954003204
-0.7211255389602268
-1.0694291447529278
-0.2493148976769903
-0.8165409762508841
-0.3941459140607063
0.3816831559170982
-0.0309753974137271
-0.2775391048683647
-0.1823378185643458
-0.3397732730751247
-0.2064286134102581
-0.4224470302579244
-0.547901399234154
-0.6891899015488625
-0.2023018813876236
-0.2973073182497197
-0.54979815319284
0.1926329357046693
0.0311997405823542
-0.354870061117364
-0.4757975794651971
-0.332818204691943
-0.4374399299546055
-0.797662055379883
-0.9259696986708889
-1.1578489303181818
-0.3771583186340168
-0.6221110523873807
-0.6759383984943333
0.0315913478931573
-0.0799157178763785
-0.5856761627065745
-0.6992610316825525
-0.5036683301731054
-1.1395870290533865
-0.8992866146733226
-1.4663143304031108

-0.1418061281075437
0.1573072011257428
-0.0747752436520273
0.0248157254758869
-0.0092755122247847
0.0080702184990808
-0.014606863783804
0.0130261006699133
0.0092824723354895
-0.007495417013992
-0.018543093143623
-0.0001365074667396
0.0401760445080933
-0.042011799260961
0.020257495396002
0.0012765907716495
-0.070409539943464
0.8484771580403215
-4.390839827963832
3.0253468048461998
8.57343700460786
-0.1084252223146643
-28.28171189327727
28.810488162273124
-6.456945364405284
-2.904777742060127
2.76327571136368
-0.4040743441305424
0.9703092859130114
-0.1568361877284245
0.6564806397307639
0.2949800685282022
-0.2261412991902598
0.0638902544523305
0.3912385926154493
0.2872515756907211
0.2343154395225406
0.5860284929643337
0.418769592086001
0.8238226440764611

