-0.2705269482013998
-0.0212278223938898
-0.1361769034353037
-0.1788895646835636
-0.1508865170596995
-0.071089232233676
-0.0689567563914356
-0.06084416278273
-0.0140603066487825
0.0188160259504122
0.0176819803162146
-0.0019094006708897
-0.0106859795910804
0.0072586604573228
0.03330233306164
0.0503794962398603
0.0984819450966383
0.009112508140859
0.0447210680046048
0.0777755025356597
0.0329571600755467
0.0247463565167921
0.05389769762043
0.0854105664483295
0.1020379036714114
0.1251563229067442
0.1895248744592645
0.2578800493402496
0.3097510867827683
0.0920751332057123
0.2529295352805266
0.1734187867572256
-0.0015972437918096
-0.0178087522408589
0.0593429111328763
0.0798741239458957
0.0178962581768852
-0.0355868115547972
-0.0390333270458379
-0.2368532905691441

0.1361895393315553
-0.0147141740001719
0.2323792290388306
0.3027135225352081
0.3563123708258185
0.1494883324696258
0.0568764316181095
0.2128980036564019
0.2063298140552889
0.0865834853212916
-0.0309676184000842
0.0793528046264809
0.1891310631398522
0.139748630016382
0.1729030685444013
0.197118715299242
0.2368564981173485
-0.0163821204738236
0.0254505137954976
0.1500482165662164
0.0745277473973024
0.0714706351800205
0.1016170393420038
0.1161858321499452
0.1221245644530387
0.1396934324875495
0.1937567433792592
0.2367431075741965
0.1892427258410662
0.188093279881939
-0.0119411866847321
-0.0678065402888407
0.0381804574036253
0.07522834001623
0.0607526149318153
0.0462233284855288
0.0669344926767424
0.1275946013605635
0.0994551974834609
0.1757709981669118

-1.7162506113939011
0.5587161030940916
-1.2284092074309634
-0.8538692587095693
-1.204207190390914
-0.429356087913136
-0.4264877800709768
-0.6945255416540815
-0.2081164643472811
0.1092156994549001
0.1266158733983154
-0.4037823372055157
-0.4934304142732931
-0.0420705464785654
-0.4063098497961119
-0.3086580432297438
-0.3624825956661161
-0.0664963988288857
0.3060881054380079
-0.3372205724648823
-0.18947967059136
-0.1630344596769881
-0.17047053184549
-0.1949840616832282
-0.2918496109028282
-0.3945958245536394
-0.5351776077975332
-0.7397146556958385
-0.7828144306398632
-0.4835561608636667
-0.2265976660381399
-0.2182787189292661
-0.2089210776948933
-0.2128981804657093
-0.356056742270769
-0.5411759943153812
-0.4838152268591401
-0.9839662476332428
-0.803123304913579
-1.3660324421189538

-0.1418581555362046
0.1573905278754352
-0.0749001823975253
0.025013740360878
-0.0096973405047972
0.0084561627633771
-0.0096977599775233
0.0046669797037847
0.0010549261064136
-0.0008314276561052
0.0001087807020128
-0.0001993578478123
-0.0013050938262245
0.0024663727760353
-0.0024603034361539
0.002790808375426
-0.0057845040273964
0.013159335596992
0.0100734650740746
-0.0657469711148384
-0.0342679402281294
0.0857431826632898
0.1340371809409243
-0.0821397647687589
-0.350593646427505
0.5959861930399033
-0.5722246539123951
0.6220931766280198
-1.1899956976858903
2.3979169920143306
-2.2960904877100137
1.5121423008706647
0.4718309407301379
-0.370929332444977
0.0308754228389782
0.6331444617234245
0.1259755468086043
0.6057907968935149
0.4149921399979948
0.824779709339641

