-0.3595575208902065
-0.0472223836688833
-0.2906427767350695
-0.2513796213432751
-0.1685680007429223
-0.0909916112371213
-0.1244034482052971
-0.022039265141838
0.0284618188928857
-0.0416646010534721
-0.0741724704671335
-0.0199990475300511
-0.0486528166568379
-0.0356377277893115
-0.0185621134803103
0.0110066504263676
-0.057738604801304
-0.0263599696551678
0.1414133427427407
0.066038680846425
-0.0347402382665311
0.1177732974083192
0.1123453505888893
0.1653832327424365
0.2097808019415895
0.0653107217715256
0.2099227662885599
0.0411410529869953
-0.2451943344514041
0.0330966196657244
0.5645120094879188
-0.028612474802498
-0.2060974783317943
0.2248762540038182
-0.0042741365781148
0.0167143343930917
-0.0507277202350106
-0.192361437912989
0.806372229343643
-1.0272620146864964

0.1222195895254411
0.0292181693437473
0.2443818081678053
0.2971941554472018
0.2590916377369885
0.0343487828741694
0.0399427898963626
0.2269483481711561
0.1951082052840664
0.108869891543867
0.0042966167125073
0.3127073612232455
0.2101384519695155
0.3050156698473794
0.2431841736944467
0.0155957229784725
0.8664842113087864
-1.2506164877655708
0.3942679856378877
0.712317163806742
-0.277391740631089
0.2471461794540746
0.2953487509461863
0.3491528266471164
0.3713386383797497
0.3034464534424586
-0.2867065770459469
0.2413449338791473
0.8426469776815715
0.2506717873934279
-1.4640547944848028
0.2199981835218633
0.9299185584995446
-0.5130488334742921
0.2665531935167967
0.0684109548688625
0.1431021445602156
0.0540402768721795
-0.0301082040167109
0.1848277922112397

-1.3127142096475233
-0.0110411964065779
-1.1146964738964296
-0.9725405141992274
-0.812725566519656
-0.1066477055812324
-0.8968627350201736
-0.0276696807738734
0.070136411065123
-0.474626187974573
-0.3155625833994498
-0.3697609899844531
-0.5142529349763291
-0.5442548245463311
-0.4783282701613609
0.1470436618875079
-2.050168505695967
2.4144738395253724
-0.0782434211488854
-1.524238979222292
0.22795925761821
-0.1737193958778163
-0.6677792263860959
-0.6703402058841512
-0.8575330982001166
-0.5651657387927405
0.3252309849821009
-0.7083995533275749
-1.089759673888438
-0.1476741462460202
1.4777507511018544
-0.7313007271758261
-1.2469711679846966
0.209423263678437
-0.915969176398544
-0.7984879469710753
-1.022134002564152
-0.4065622167858378
0.0358907153501362
-1.2450564575077867

-0.2832479148149429
0.2629400895717024
-0.1157880294078633
0.0462970888207716
-0.0328721324994965
0.0349061367302811
-0.0161336978424405
-0.0083211987554802
0.0054320432252784
0.0052763397740594
-0.004492433807531
0.0009610351719182
-0.0001617792396927
0.0005314808441711
-0.0018257710492315
0.0036760024324174
0.0083706221738368
-0.0182778124541507
-0.0176611884748041
0.0302624885287144
0.0460567974362663
-0.1280365757261687
0.1610282391525667
-0.2204693853225651
0.5810232528968922
-2.7691423858832365
8.962549035944537
0.487062483271137
-31.269109340882235
30.89169536420741
0.9745230070182423
-9.016871288531426
-0.3130923323101595
3.666996773879734
-1.234735791882421
1.0505797863635464
0.2915200492130156
0.6873084165286798
-1.0036524057422471
1.4896246670636744

