-0.7105489478566547
-0.0140700564070984
-0.4722884846791193
-0.3869418825318427
-0.2954327718108603
-0.1111313214356617
-0.3397886192987594
0.0077512944046519
0.0577747065214337
-0.1584051607456037
-0.2196008229430968
-0.113478431994311
-0.2514979717227924
-0.2655620284581304
-0.2472547676409508
-0.0768682749805008
-0.1787501346302939
-0.0209557066792067
0.0335907883739002
-0.0470874314950695
-0.1129780703181682
-0.0419852295729705
-0.0901101217488767
-0.1046627679604674
-0.1162766719120279
-0.0704384433427376
0.1114905648852146
-0.1807645565035212
-0.3297470163851618
0.1044796534795837
0.5599016045614937
-0.2821599541785283
-0.3606529728094689
0.0929799681717727
-0.2805600388928232
-0.2729368607379636
-0.3971023418867836
-0.205767632672573
0.3799638220414753
-0.9671329745689016

0.3330705681675434
0.0789480253485308
0.2570203568064504
0.3041663046441789
0.214526540215302
0.1211206105629598
0.1948252979286893
0.105917557013664
0.0754489841409316
0.1552455564112469
0.2376196497091728
0.2864480736130532
0.3927170749412645
0.5135002099341544
0.4553520633613235
0.2363827905440261
0.2517715938777632
0.0878405196122421
0.0149221226690528
0.0790901128351959
0.1533220720470055
0.174420081416454
0.2095683186842615
0.3001396266847682
0.3181639871355382
0.1644467491343002
0.1917962947923119
0.0670045271155933
-0.0472923674216217
0.0284942372657388
0.1436033716376305
0.1448149727803282
0.1161022414642159
0.1517711307928523
0.2402043285530435
0.2923004813190428
0.3265911395410751
0.1006057268445861
0.1396062545118037
0.2393869544260628

-1.2559806499701232
-0.0284344525273515
-0.9704602006772766
-0.7982536513671191
-0.7598926990060791
0.1445571537844918
-1.3219349363202308
0.1464836151388142
0.3589251445046774
-0.593996451326031
-0.5443550914790447
-0.2662102102527056
-0.7030746995894395
-0.714805560178665
-0.7573134179738024
-0.0856901063093228
-0.7407245209207209
0.0302233416480474
0.1870022062518521
-0.3753070361484741
-0.4042006939701689
-0.1989419369582315
-0.5864052609865132
-0.6652945686237327
-0.9035938928325304
-0.1985672659449056
-0.7446620017642827
-0.693738081951569
0.8637156258201468
0.3338610094171073
-1.4915268614265371
-0.4678595998172384
0.2851267151694616
-0.8410968443363892
-0.6973676787865779
-0.92084307049742
-1.0514857846812813
-0.3292928593451773
-0.3386208185452294
-0.8741230281813925

-0.2793436837988817
0.2598954024822915
-0.1147005477190543
0.0459695560314215
-0.0327622668239934
0.0349643360430459
-0.0162765367522912
-0.0083584985231088
0.0055290562388992
0.0053687945847934
-0.004620993319305
0.0009252050967443
4.436767458460312e-05
5.004875557696456e-05
-0.0001146946770612
-0.0034690275357341
0.0201343307502547
-0.011933124054461
-0.0333656585838099
0.0158539921911356
0.0762783314897559
-0.1331268092549644
0.1342384439267397
-0.1567357683060816
0.3559097722003585
-1.0961767818195756
0.0636217291696049
8.553814425419722
-0.9934736915464156
-29.75290623188285
31.2562482323622
-2.2301784221148124
-9.214055082701686
5.045809425884237
-0.6637830419148891
0.6952503043326382
0.4715568839618355
0.5095068523893995
-0.8185639219979028
1.4074918893950876

