-0.0077827461872789
-0.1185692706347133
0.0185015238005581
0.0296955323986949
0.0086298179098825
0.0008844112272753
0.0060765371010546
0.0156467399821866
0.0340286589874299
0.0580552488469127
0.0697367256364372
0.015274953226093
0.0430593339013198
0.0348450832634647
0.0253529524494361
0.0433631592117007
0.0681201115660071
0.1057583970645337
0.160783022994156
0.2262494646650328
0.2725659969107196
0.1351661418967416
0.1154625849921149
0.1024746943795686
0.0527312807989498
0.0431989479046539
0.0769053995907769
0.1245126321070569
0.1652124634791215
0.1909620953138264
0.2624595786949501
0.4117508347436718
0.3283213164202129
0.1768508789928885
0.2068691975574511
0.1090896177753728
-0.0124213677420716
-0.0720480142706794
-0.0724125495609974
-0.0449059213041053

0.3698567171447781
-0.0517938331783988
0.1397443656491285
0.0907274010811
0.0206096073265997
0.059445266257331
0.1253642102259869
0.1179106441718825
0.1692393888026682
0.2361580107365615
0.2360589765042665
0.0581046960046355
0.1904699884334256
0.0846009612213328
-0.0611537134562468
0.1023370531290758
0.2385451123184778
0.2116859249865486
0.2912922873393165
0.4202864023670629
0.4656704512922509
0.20221121042221
0.2160995595852228
0.2218116217385473
0.0788796100601987
0.0236080620268711
0.0721984697526063
0.1484366326168683
0.1736491805151558
0.1472650740493785
0.2167796602223897
0.2482114628912211
0.2660450325843452
0.0885191019032617
0.1997606387623126
0.1393248876785796
-0.0304449568838218
-0.1185991625377633
-0.0153194899610428
0.4350831406278653

-2.059289494015361
1.7706049255578111
-2.71412326563677
0.0250622502575969
0.9267234284998624
-0.4755139172327215
-0.9390602555003492
-0.0024882650136091
-0.7196990028331295
-0.6078816931618749
-0.7922223570096623
0.2852575037539152
-1.2543767171874085
-0.3499126530175804
1.3654481896257036
-0.6465233656756937
-0.97705826434318
0.2383243786989229
-0.7205225318015948
-0.6547756065179412
-0.8878935043088938
-0.3830869250078023
-0.1704110346153096
-0.8911061500512227
0.020872442173245
0.2047005174686691
-0.2862449737896292
-0.6205915534264193
-0.4349683218652509
-0.4010406661837723
-0.9221087007700692
-0.9737023314029642
-1.2806430389392085
-0.2440439571910978
-0.3677976499064105
-1.5250724738924124
-0.4034641626119283
1.016071008136869
1.456468145942222
-3.04917134069487

0.0289146823960337
-0.0335011166506844
0.0057833523704156
0.0052177301589613
0.0012490017002737
0.0020871702863242
0.0010066799512259
-0.0028921290775081
-0.0010529392528497
0.0014840927836879
0.0038134398682923
-0.008681711938644
0.0100660672469152
0.0008548571207262
-0.0067223057643088
-0.0017662279798496
0.0045844577877418
0.0013666933451905
-0.0034105045496619
0.0005672203568774
0.0046578898936874
-0.0074484499690774
0.0062396784855855
0.0064485993531361
-0.0047146905119416
-0.0068788367328886
-0.0009515639354871
0.0048320195399755
0.0032914827401293
-0.0027386982404053
-0.0017516349491114
0.0018914514124667
-0.0005506372085197
-0.0055681927163109
0.0266173041515369
0.0149645532958141
-0.018852888836052
-0.0388373313658825
-0.0224638278022861
0.0595997980393011

