-0.8014388931599884
0.2687436341100988
-0.7208980581203186
0.1831127909521026
0.0900706661397362
-0.2587215872455782
-0.236848035968282
-0.1241731048119388
-0.3104592184729913
-0.3195085961543972
-0.3506003720885764
-0.0094087774157067
-0.365820687363882
-0.0675631649493847
0.0886564797041842
-0.03211844323276
-0.1478203159344877
-0.0841207345957819
-0.1175662387022349
-0.1551387991642909
-0.1639785492956518
-0.0467770040571565
-0.1403683039141655
-0.05456764222368
0.0710684250959104
0.0370544696790834
-0.0498000665007756
-0.0862437691092463
-0.0493002436386828
-0.0028805275720019
-0.0791954003110132
-0.1130727178110904
-0.2296778450077771
-0.0186658235559659
0.053258264675747
-0.4987195245645971
-0.2714069245138735
0.3983210413825519
0.6732102183732044
-1.430266835292597

0.3781951679387271
0.0185440129717914
0.124671333409919
-0.0353192856367165
0.0936983306009869
0.1954555761580846
0.1951997190181883
0.214011523410983
0.3655482770553642
0.4672965328314779
0.4844821590759836
0.1421811127502354
0.3045161870098645
0.1951480256630735
0.082918856215568
0.0909171803915989
0.1553740790437628
0.2338309013130045
0.2518355682289405
0.3339071116385934
0.3560670492271966
0.1512485688011433
0.1528785545971683
0.1391168056450013
0.0436482273408283
0.014560936360997
0.0654845029723532
0.0768779216612892
0.1106483011787283
0.178869724165267
0.230741799714006
0.3059837627273831
0.3368996498167587
0.1020427964279801
0.245164014058342
0.1853909105434604
-0.0204258556419585
-0.1330787116823602
-0.0244174863910293
0.4753454300811207

-1.5797168629550256
1.2648858389058888
-2.324860909696763
0.5308464815623314
0.4083316426567302
-0.6783274551942268
-0.6277838971838479
-0.2445567037214097
-0.7976246405565474
-0.7974167582170107
-0.921669591021292
0.0196708536432285
-1.0136889806217684
-0.1270572478483349
0.1813362483538954
-0.0693703828927751
-0.521413563020735
-0.2308453024565617
-0.4774463685804547
-0.6100923995498355
-0.7212427783352167
-0.3233789898034372
-0.160365999888912
-0.634363792250784
0.0412002809168377
0.1551249602683804
-0.3580957508123539
-0.3936304138073245
-0.3450542348171742
-0.4278505550449847
-0.8479367899361269
-0.9011704829295228
-1.173581473708842
-0.2109431187228559
-0.412029472984774
-1.3142565651713447
-0.2790518597974277
0.8620795415207002
1.162523022101257
-2.52514481147645

0.001182130336307
-0.0048813495329771
0.0079366059892631
-0.003100616630183
-0.0032880854861076
0.0024676846106044
0.0007773007462513
-0.0013389942913582
0.000684983908437
-0.000335325918645
0.0005115405445936
-0.0021613237649562
0.0053065076944681
-0.0013674862761998
-0.0060316955775951
0.0009528293378629
0.0095285108434047
-0.0104630030569655
0.0052206951678483
-0.0003332936910494
-0.0108902444128636
0.132163437826134
-0.7662938731676345
0.7047979965393585
1.2063088487819011
-0.3449856520694914
-2.396913065270328
-0.7964370211384123
6.535479315958908
-7.352250546625918
4.719777493473504
-1.172591620009504
1.361503973728598
-0.5731850324293386
0.7857759986490739
0.654677854990179
0.0579181254069492
-0.5549640479279854
-0.7678262714161442
1.6755764440823149

