-0.7068556897527137
-0.0722796972981848
-0.3139409358066561
0.2754651207797411
0.0451632537142064
-0.2499340674841955
-0.2445130677569323
-0.0433424340670852
-0.1507095113050938
-0.2687858126339312
-0.2707662298915774
-0.337442565702073
-0.0611504907724544
-0.2806794597664157
-0.1889083087754631
0.1452178987272444
0.0835975235002945
-0.2243881385479248
-0.0807923746044847
-0.0611874618501106
-0.1485071840262141
-0.1352337214640125
-0.1033631123240901
-0.034587033243115
-0.0962926556516395
0.0153223204320559
0.0185875286128605
-0.0606745647856689
-0.0792826829844099
-0.0159295922584645
-0.0842351110969626
-0.1222004354124283
-0.2491234567998414
0.099729146404224
-0.0736039562971765
-0.4261013332641737
-0.2513917269854644
0.3093709066076541
0.6281783733741945
-1.3512161366880984

0.3653779820825334
0.0809890363437224
0.01487232753511
-0.1121882009500987
0.0582984596180324
0.2016953658591505
0.2082705022047317
0.1243117037692862
0.1898487772211396
0.3540412525211233
0.4338201567766555
0.5055259500382511
0.204776355584311
0.2975706731405481
0.2517259033143205
0.0607183686599834
-0.0039358772875088
0.1377899613670302
0.2316387821983188
0.2010860014748898
0.2811094243744688
0.336716518492496
0.2401717989824557
0.124765436506224
0.166136736681018
0.0629024020732702
0.0419716479620008
0.0668282856516999
0.1352010646202533
0.1970849497804774
0.2538255201743238
0.3408341002969003
0.3209564213539446
0.0942598851696092
0.2503310157941874
0.1493011764675567
-0.0215627272833617
-0.1036110348058995
-0.0048855384919618
0.4572874828452679

-1.428745276847606
0.8762723930370139
-1.6874738322778973
0.5353270109807451
0.3316689796394083
-0.4952733943853957
-0.6490530494344288
-0.1046010703454753
-0.3956163707471005
-0.6697067708113529
-0.7000830773434332
-0.8972508669174596
-0.1566182450292741
-0.6498133670681268
-0.7717277992158059
0.6132207377132888
0.2088733436409469
-0.874243513802678
-0.1259783561103639
-0.3749859883403434
-0.6111047062284553
-0.6744410680484798
-0.6754363342651349
0.1477796086836622
-0.9709460950075668
0.022844191918191
0.0619689730247923
-0.3743164347066107
-0.5961081858429707
-0.4091919158733962
-0.935110683334633
-0.9926485995784848
-1.2160838369813398
0.1464134605520974
-1.0007257528224451
-0.828755429786407
-0.1187653335075775
0.5153303525853775
1.0148496648432954
-2.3351921700507328

0.001468510254152
-0.005875624612268
0.0073518186610224
-0.0003432889901635
-0.0035053413565763
-0.0005738265847624
0.0020304411977711
0.0002630141568836
-0.0010912427765902
0.0006155663067909
-0.0002796940433145
0.0003046345111406
-0.0009922523419013
0.0019981446522418
0.0013869733049081
-0.00454100158773
-0.001197010016848
0.0054561288995831
0.0003491331252868
-0.0081998083515777
0.0146581599957276
-0.0333185371683868
0.1366754748006331
-0.5764423746256125
0.7268121323400492
0.8274761396187612
-1.311673246092228
-1.8832807217251817
4.883246306773882
-4.689300988210982
3.095087520259789
-0.4377499070640037
1.1028859021878246
-0.5752885851521949
0.878806215123106
0.4853769573076315
0.0397763949175851
-0.3632367449980082
-0.7255219964721566
1.5652935636255658

