-0.4743148441010196
0.3179978920388393
-0.3625522649788054
-0.3139006173707707
0.1649716460944698
0.1656760225585096
-0.1027533761935318
-0.2074475417228907
0.0059754589005763
-0.0912906397859705
-0.0886528120149122
-0.0789655480996583
-0.011955843357168
-0.0748849972980049
-0.0439372923208127
0.0706358527388696
0.0355517802879288
-0.021795686327155
0.0692937693184878
0.0720280613758676
0.1094625634184975
0.151856618511623
0.139412831057665
0.001916879035803
0.171029777225206
0.0345019996037154
-0.0146117088641537
0.0909152584529999
0.1412312705326328
0.1200961840669714
0.2157745496521259
0.220747779566834
0.15492261976271
0.0870381361271062
0.2007138759069806
-0.1224534022066646
-0.1662055720738821
0.1325327271830976
0.3273574863925412
-0.7554450462863669

0.6752826303589954
-1.7255953790011256
0.2996511544866321
2.439339176205955
-0.5592204897335699
-1.2985272117552094
0.2072028212790796
1.068930416118178
-0.3084431762761744
0.3916715658769923
0.2933901827152251
0.3549314489996916
0.1350364327168353
0.2364689248268207
0.0408485810568448
0.0923837853212654
0.1297384859736356
-0.4522269926141913
0.6475809033724073
-0.0146016178736451
0.3558616120670106
0.3456063683474474
0.3621191621270243
-0.1320203117222654
0.7453526694422625
-0.1202186085043222
-0.2938835939155763
0.315238355183848
0.1977518602820652
-0.0024925811843516
0.1174999016202273
0.0968114404855249
0.1405942507487674
-0.022979488315367
0.1002620048940985
0.1219909954587268
0.0350476049920422
-0.0749145545395357
-0.1612195971471382
0.3337472604841478

-2.161317490854797
3.008687889938208
-1.9698777235798797
-2.703082286706567
1.10295247732884
1.411666813034914
-0.700085661502606
-1.4337444174566811
0.2719383538229742
-0.7892357007519389
-0.6357049239026488
-0.7422388246658862
-0.2154793413242047
-0.6714948009955367
0.1552214372638133
-0.144829579183456
-0.4230765642153962
1.0073996988319025
-1.0866204867291724
0.0236061196094889
-0.59087614707548
-0.6157165299772223
-0.7036549645319041
0.2879526426743446
-1.2474890938812548
0.0241542606810659
0.3643090649871071
-0.5726037930573057
-0.6219836659920537
-0.261795173376657
-0.7459497743934145
-0.7908932189025605
-1.036148853803249
0.1232324379268973
-0.6572902782282096
-0.9004614166276373
-0.3640618435691158
0.5230680756702333
1.297881966795987
-2.587303453115102

0.0014616086879897
-0.0058745979834356
0.007371407383209
-0.0003319467713889
-0.0035219193546
-0.0006101975019487
0.0020223274456245
0.0003309665635179
-0.0010902879245989
0.0004916003270195
7.347218785765066e-06
-0.0005339694948882
0.0021025784417941
-0.0030743833355824
-0.0029761931994104
0.0012904396260675
0.010392865920411
0.0002440776929949
-0.029689671235031
0.048135573508653
-0.0613788649106861
0.1218209118407469
-0.4467761910331324
1.5209476203751644
-0.895625192923828
-3.3145610334583653
1.6998615291054124
8.43625212463366
-13.758586591970303
9.644399491021575
-3.128839405471941
1.6783459680099673
0.0975501238885524
0.4805227780640048
0.0260018614685847
0.4834778066529962
0.2852448521236548
-0.2711886041737707
-0.8246430773960467
1.5484556455253131

