-0.917375928484121
0.0041392899658092
0.2989143911770018
-0.3235066594594419
-0.3285786127301409
-0.2701910660505144
-0.4129060371621952
-0.2247918257726191
-0.1650377695776016
-0.2116800944052673
-0.0269233793332316
0.0110883388011726
-0.1257265703118953
-0.1591194230562845
-0.1101478937795445
-0.177823711717623
-0.1974116308652657
-0.1858303389473115
-0.0520008712734672
-0.1385510593550842
-0.0525720593874566
0.018371169370824
0.0002390081901652
-0.0699137745646787
-0.0666215319838734
-0.0580996241916563
-0.1098183146643086
-0.0913584414812062
-0.0707384784192868
-0.236666675521543
0.3177037592913934
0.093204386548186
-0.171568051213801
-0.1959753724115255
-0.1002492583344773
-0.0701416456924402
-0.158680450713327
-0.3815967396775582
-0.2968645151955459
-0.6888507396761017

0.3036809251827794
0.0931594296158367
-0.0037200277894886
0.0928633565361983
0.2695010232370163
0.3070257963207715
0.4145842239307485
0.2855724796221967
0.1639763227354914
0.1823763071189098
0.1261997877494013
0.1111853563874701
0.1679339287146886
0.2344446749970179
0.2814207367914983
0.3533375993095404
0.4311823722679367
0.369976170308129
0.1927534450361058
0.198553044162888
0.0739172776869201
0.0088348291912279
0.0682626712922848
0.1522892016987506
0.1762295252095241
0.1995822745013365
0.2835158173020192
0.3129903945324043
0.1312176279492218
0.1175215731023459
0.1443106262597577
0.0813833068182183
0.0429601399901247
0.058809771064949
0.1008192765364592
0.1348393058605719
0.1579750500011098
0.2340515473577454
0.2239612671008966
0.3906421259805692

-1.8566020549451268
0.6952709290654833
0.1195777635974944
-0.9038007801192486
-0.3995084284424275
-0.8001478258651173
-0.8870262188101661
-0.6778632675004114
-0.024947144375233
-1.0460199709529014
0.0983910505937226
0.2120059973915134
-0.4805622154626894
-0.4736583956944741
-0.2477690724464131
-0.5890912065312329
-0.5958740743006455
-0.7162480987121597
0.0825152923448159
-0.9397324729316922
-0.0452677265443849
0.3989461169798161
-0.3780134166759493
-0.6191029090245371
-0.1712051407245029
-0.6716612341278143
-0.7868334953753846
-0.9513025125542492
-0.6010857325046847
0.5057987257570365
-1.6394391620910913
-0.3895987460247572
0.643234345201025
0.0378477511917159
-0.7757075432445597
-0.6571851699545029
-0.0693214434417302
-0.9833510797505418
-0.6365510102128786
-1.282699302787277

-0.1962097100292723
0.1788501976111538
0.0323270694163967
-0.0898443338967376
0.0430787058342141
-0.0130151369071505
0.004167710300563
-0.0018943008098262
-0.0003478219006256
0.0035372596289879
-0.0023115977659159
-0.0017398042681453
0.0018389417364242
0.000567802087488
-0.0014968755044793
0.0013207566451822
-0.0015178339794241
0.0032371447048868
-0.0003538414252381
-0.0417517695926565
0.0381739943843828
0.0833434934945764
-0.0576091163297535
-0.2123557852937165
0.420379980396064
-0.4645021381115427
0.5892127344525224
-1.4818801757139957
6.657517708484056
-22.912931271445544
25.729537398449907
-1.3578088563728243
-7.5870870444838046
-2.5241068564491917
3.471315540331922
2.192602734656429
-2.089172789675432
1.3852724143987336
0.1137261160698783
0.9004572757871732

