-0.489187274551268
0.0515885545872553
0.0218574455858502
-0.1647873340956775
-0.1455352553050515
-0.1405705754343132
-0.1940366738336156
-0.1540764345217674
-0.0720324085970817
-0.1217561205427116
-0.0100748180940915
0.0390296472035122
0.0004504596074071
-0.0441278929974269
-0.0110338872002459
0.0212420675629805
0.0266043932907918
0.0701787205341604
0.0322744301866536
0.0362151531094014
0.0395293892704525
0.0201722375994189
0.0339996284133272
0.0605339740382353
0.0699213497591707
0.0667591636112198
0.1078357565742329
0.162559553796766
0.2154259550043301
0.251228756662709
0.0761276123342057
0.2285295899666135
0.132820395618608
-0.0055721808929014
-0.0490782308537412
-0.0446243233361663
-0.062115295822723
-0.0764571134317027
0.11705222378557
-0.4791677691848385

0.5670027685789847
-0.9347981103082192
0.3722422481390112
0.670929772873334
-0.2801757343917693
0.4377083686881672
0.2882741177364207
0.4337789942115965
-0.0532566005162936
0.7256569946573955
-0.23845582522001
-0.1457502549951793
0.3645714692541369
0.0873790577157007
0.0659151867854253
0.2028186636945961
0.1911248465750247
0.2396997236760825
0.0923402417499328
0.1428950876739188
0.1452083275170913
-0.0340451753559299
0.1028997816169304
0.2022392281285476
0.1395818035618145
0.0189096994395208
0.2003243521726537
0.1986422985561255
0.218818202799855
0.1949692593209024
0.0872605884387043
-0.1224249249342874
0.1715952367883679
0.087302596350235
-0.0403104778809125
-0.0559844395755189
0.0661349781915217
0.1906153171904932
-0.1301415392212351
0.2360207301261261

-2.986189836657722
2.584230035009772
-0.557193143697492
-1.7619776978067834
0.3208301504164819
-1.0924516229464627
-0.8307047709832872
-1.054828622466426
0.1280325615155617
-1.6217038362279617
0.3873014999272692
0.4954305447136048
-0.6899716344048562
-0.3304057783445771
0.0039488917413365
-0.3867685434574628
-0.2857302733500753
-0.3305668818645516
-0.1824836897774672
0.0618074434812581
-0.394589797650604
-0.0725637634829552
-0.1069019815171361
-0.2821128287917199
-0.3372324842284775
-0.212047602705954
-0.4517250666441507
-0.6523511363153595
-0.7659081011088853
-0.9358568230195896
-0.2351231134096139
-0.1308575084623998
-0.9477562490491552
-0.1635344643177107
0.3227092165042484
0.1709912925125668
-0.5823670610332533
-1.45405925514539
1.1017649095402575
-1.894296065914829

0.0084573284498421
-0.0125884232734002
0.0011987700491456
0.008007182358049
-0.0064562024009719
0.0027263670857633
-0.0010962697802064
0.001077759973887
-0.0027093885031705
0.0044317730527921
-0.0011974841278092
-0.003123264991012
0.0015619134677627
0.0018602527834355
-0.002447988071589
0.0018461178357238
-0.0021176362510277
0.0055458563119968
-0.0214454858378645
0.0347256529740837
0.0472523882660268
-0.0273272047986031
-0.0983242164307801
-0.0609709984068778
0.1425583921541618
0.2371353993700684
-0.5974361786718463
0.6856898267183048
-0.8250964583662374
1.3929638446446042
-0.6210314311849804
0.9708707311677016
0.3964424874745044
-0.2061190107464837
-0.2782426256895864
0.0584431509331381
0.4988924880775162
0.5779634041757993
-0.5014505633493077
1.0652083591142876

