0.1549908233784852
-0.4633802269940266
0.2652483705236051
0.0359444674796456
-0.0897810070805373
0.0474100524773945
0.0058184658864588
0.0425402791745982
-0.0168130333488286
0.0384113216927472
0.0286363872675038
-0.0044643969597314
0.0435451575388966
0.0569959067056521
0.0554657292652648
0.1136639224971792
0.1520498050881822
0.2104732661142401
0.0959278964920187
0.0812903650129022
0.1603275924268749
0.0037325755303805
-0.0082376137817456
0.0988185505972084
0.1367985929329446
0.1285232343065884
0.1483990440341845
0.2923703207313533
0.2968658210141011
0.4931674542845721
-0.203178986562369
0.732021734379597
0.3313006297474102
-0.2151974277732215
-0.2333652609754338
0.0217423993843064
0.1803810349787535
0.0423776023708332
-0.0304286460162106
-0.0761068236600413

0.4192353981587102
-0.0298915684140918
-0.049988329458276
0.1314363959285153
0.1755141734661816
0.1566375597772003
0.2375295482265372
0.2201810699208016
0.0543174634760186
0.1605587612116138
0.0680420204139139
-0.0187606656171469
0.0945990213948946
0.1487121922190805
0.123188975764066
0.2518077046087069
0.3602615791818594
0.4329848906013255
0.2098490154811799
0.2568262926794279
0.1040419655490485
0.0273044000198606
0.07183728266842
0.144693626263633
0.1653447829311178
0.1674516058148222
0.2051379963690668
0.2868221763418918
0.3492100920491165
0.3235314584053513
0.1810978024807518
0.1314429761351089
0.0678472482685807
0.0050753225378196
0.0013896520018984
0.0666109605267071
0.1451279995073707
0.1313516148932926
-0.0484234800118047
0.3987733776215899

-3.503097745182733
2.4992922909889903
-0.1027627536938545
-1.6733613229996025
0.1704327623189462
-0.8948486210340855
-0.7245403523517306
-0.884003216964133
0.1899648621771294
-1.298020147499404
-0.0565205359017238
0.8962623246117056
-0.6242871883334682
-0.6877498911651514
0.2143658211521681
-0.6680346978450485
-0.5345259877821041
-0.7912411512989808
-0.195249522681852
-0.5839348960993574
-0.2265547077830932
0.1352212338482051
-0.1010054459910279
-0.4444873638667827
-0.4108157765168864
-0.2945899373285129
-0.5163261261377976
-0.8273443791793961
-0.9381339916144316
-1.2372561968563578
-0.1626799458741278
-0.691912372302871
-1.0892160486691476
0.084076707630717
0.460750341889393
0.0545552521815474
-0.7804801656457725
-1.5452080748073762
1.2181210940363076
-2.126610055899929

0.048986291701509
-0.0239857248918122
-0.0303466952986655
0.0039483087603769
0.0180732106548982
-0.0067951349704967
0.0002455109849485
0.0052179610890201
-0.0089864073636855
0.0099389807099195
0.0007770590628873
-0.0067930858835789
-0.0017586030895897
0.0047332105190363
0.0014815736174999
-0.0036632965856969
0.0007618291892819
0.005294166323142
-0.0075418641104797
0.006284242630437
0.0064492763080026
-0.0048173370748388
-0.0070179906365755
-0.0010160667675518
0.0049381727461264
0.0035411848192847
-0.0026176876930338
-0.0021305431306227
0.0008232508827607
0.0058712042296273
-0.0083563897914685
0.0058953490786017
0.0025752411056233
-0.0080898564836527
-0.0064893251754038
0.0059815002231323
0.0166559784127955
0.0037719442331682
-0.041956161106787
0.0354472994271472

