-0.97201838595794
0.0378721303263132
0.2830070792836369
-0.2699403861563935
-0.360474584532284
-0.2238758464661664
-0.4100071654665143
-0.3506516016642487
-0.1104260653180176
-0.2684468718987368
-0.0855229147308463
0.0294445305962585
-0.0811155778791131
-0.1577926827860146
-0.1177162536327226
-0.1470497798506262
-0.1901612988022553
-0.2029436186252776
-0.0717464834316518
-0.1142985590222896
-0.1126583382692682
-0.0046481777537026
0.0633271967806794
0.0115381708597031
-0.0745959678222769
-0.0735285141648399
-0.0203876559720398
-0.085144290777776
-0.0845048699845759
-0.1124417431155801
-0.0085942062639199
0.0287386289693769
-0.0715999788554108
-0.0542589025146303
-0.0263093513998652
-0.075963583129572
-0.2287847081313615
-0.2990905982745056
0.2261281949690112
-0.8655140665213757

0.3914986920519067
0.0482895508807849
-0.0513392036916276
0.0934491272918655
0.2853922043864642
0.2658230266084112
0.4169339818625698
0.4205747475895939
0.1361666067988971
0.2489818406332211
0.1609789339818395
0.0803956907837439
0.1400890368368156
0.2288406431466861
0.2652429099813939
0.3139644403909331
0.4059721055703608
0.4174002852373099
0.1897794657688314
0.2534051334266572
0.1260225104184685
-0.0405726771151451
-0.0223797949870991
0.0874369517105604
0.1484264598007534
0.1271444147484329
0.1315974812635438
0.2032019180359845
0.2712799143163139
0.3100232108594703
0.1296067715180105
0.1865027767649217
0.1318500590341592
0.0228537808342806
0.0027888101447416
0.0716871099415774
0.1619010402563898
0.1540862590763421
-0.0307893159553534
0.4339503466131606

-2.087078847843279
0.9806747714059136
0.0228019888955577
-0.9268044684712788
-0.3151303778182569
-0.7631852018576771
-0.866910300059835
-0.9609857998673073
0.0182474923529808
-1.1060900373222946
-0.1085151433278304
0.3397639871243956
-0.3438453419361356
-0.5990187401819366
-0.1622417247554564
-0.5365418354189815
-0.5746920414265968
-0.7257571301952233
-0.1940198407656323
-0.4895189426756471
-0.5446769298045242
0.408230775551331
0.2035454086530378
-0.4972235277528428
-0.531770127496933
-0.1034629989803485
-0.4247163780059251
-0.7007754264138576
-0.7936067408460565
-1.1026763412117306
-0.14163790010877
-0.7491407710023517
-0.9310021007044688
0.1196923786377533
0.4222162754624453
-0.0008211057400413
-0.7283851867693159
-1.2431001137190831
0.9829433254610987
-1.7841381031255104

0.0044972756906285
-0.007614568157372
0.0025718296342093
0.002680476865031
-0.0027940816738469
0.0012999914993704
-0.0005551203662538
0.0005648335687871
-0.0014494189575546
0.0024529795685137
-0.0008608021045078
-0.0015042713288827
0.0011854505990513
-0.0001104011979102
0.0002454133652149
-0.0006972355793318
0.0010934273120099
-0.002352406230113
0.0030576060387975
0.0266813082412942
-0.0619554128928616
-0.0493225183413744
0.0712658439591555
0.1425299977265943
-0.0559054679140714
-0.3635703196919979
0.5764095860743121
-0.5468177317215728
0.6125552778044016
-1.229916703706918
2.5284014863104343
-2.537640192086718
1.4617557069045377
0.7977699141930203
-0.313140754687948
-0.5179688593568063
0.2501976371498542
1.1102606952894634
-0.7416215843513709
1.116790461733428

