0.3033073285692089
-0.9075363401299354
0.4559396850179035
0.3005169828861186
-0.1290984214579143
-0.1643093260188785
0.0717718602723506
0.0524149333975289
0.0040494831608519
0.059109800972258
0.0732947677360369
0.0215188822703252
0.000556832131411
0.0946223585666712
0.0298556440902091
0.0168802026458306
-0.0583261110812919
0.0710634713682907
0.2342912795276317
0.0050369921375346
0.2274615021918375
0.2231599029432223
0.3070935256866162
0.0946978618201945
0.1775809328313563
0.1799349178635692
-0.0298699239174057
0.0404303891966525
0.2480748015982274
0.1654219107470818
0.206105161231171
0.4022282253559149
0.3649846064112326
0.2248186046842171
0.1619902785595287
0.3102391977396915
-0.2509253843852513
-0.139999659408295
0.3188314487125683
-0.2407838446722201

0.4643906426775206
-0.0625316290646296
-0.0728838171477758
0.0306885743532134
0.0705396034240505
0.1198306059379911
0.1133634137111812
0.057610563649894
0.1800947399574222
0.2026093752487101
0.2615884008003632
0.0146039151343089
0.2946489643054158
0.1465326688934547
-0.2851623867784446
-0.0308491499026337
0.304873124047337
0.2563464025910981
0.0792897140110737
0.1926605332360291
0.3255143078120917
0.3902041962982682
0.4736635132817132
0.1653207255570123
0.3076572686543654
0.2053757928720791
-0.0086490359164069
0.0467091077875855
0.1976229416508239
0.1593526299631923
0.1756834639074964
0.2330220849180377
0.2789369793992269
0.2189837577383562
0.0329453208340902
0.2334820883908644
0.1180309814663192
-0.0584518270903035
-0.152505956268108
0.5007159577566324

-2.563913030181745
1.0693582807569606
0.1269798188987046
-0.2557328610225626
-0.4341909690747767
-0.3881084976874671
-0.1861971804689589
-0.3355241844923188
-0.5752581702990626
-0.5606951634510451
-0.8042175601244694
0.2416202951741281
-1.2573357011863142
-0.7995787114630104
1.930655165137883
0.1343469413808334
-1.5621315243925886
-0.3757151689070081
0.6016070457355751
-0.8109971641900795
-0.4691478792316304
-0.7606065999371757
-0.9537199518598412
-0.2969157689557887
-0.5443266157471702
-0.6674066496510656
0.1953955594713728
-0.1488046446123727
-0.7262224001443565
-0.4352834508868691
-0.6718655396951397
-1.044196784174697
-1.1392381950582842
-1.156331672921899
0.3192546412727312
-1.31325746649583
-0.6812212315844357
-0.0564256962138624
1.4770319502911315
-2.60704561771891

0.0431853249215131
-0.0147263727201043
-0.0247794351279132
-0.0135015507048636
0.0047124968160837
0.014913624340285
0.0073999131271066
-0.0072377503707324
-0.0035396711713083
0.0018698065491442
0.004262487197426
-0.0093308910171754
0.0077186019317111
0.0066690497825637
-0.0044384545211991
-0.0068968047497901
-0.0013830594608995
0.0044033175494833
0.0033974883599373
-0.0022597313642495
-0.0017278417869374
0.0005335970439915
0.0038721619077826
-0.0074885456490853
0.0068552893810084
0.0041664697593394
-0.0058985507279722
-0.0042177084083143
0.0033777739010717
0.0034939726371384
-0.0031834383155781
-0.0002430307743712
0.0028135855617282
-0.0065354095827138
0.0036251542426734
0.0237544616469833
0.0018825645758985
-0.0271720401051401
-0.0335147564823026
0.0497907117811145

