-0.4708416131024517
0.1273324540453357
-0.0933694345251759
-0.1681024627620998
0.0705807686837199
-0.0117168200552042
-0.1345956332013333
-0.0796661348609396
-0.0907911776778928
-0.1154360324735787
-0.0969576322925325
-0.030992768252435
-0.0574342933168404
-0.0415266276488111
-0.0184884290738944
0.0608229187316354
0.0283732061216881
-0.0189692674927898
0.0608361351843498
0.059832463183588
0.0883216345800478
0.1291726720041119
0.1717099110249406
0.0538309731775786
0.1116022264144215
0.0931187174837614
-0.0067762471349959
0.0439275847580556
0.1188353869340767
0.1161296720426563
0.1770172916642421
0.1763110465543802
0.1936634222269813
0.055237836149804
0.2035719290465263
0.0256421178768931
-0.24974676157805
-0.0310557230492434
0.3843462126782135
-0.679784494934022

0.9557798373253182
-2.219066095321115
0.3194448364402956
2.4481522251887315
-0.6462716075188515
-1.0170506419927194
0.6384878197085001
0.3748787941476294
0.1244612608483151
0.4026552139642196
0.3653811513610417
0.0390558061669599
0.4170249323593221
0.0662260150846126
-0.1352120866058873
0.2383632691776258
0.0642546310198099
-0.6819097768340987
0.8832003103315963
-0.1166586536125939
0.284242833821409
0.3065465375261143
0.4143493175409552
0.0399480279972234
0.4553748214492911
0.1964078626210593
-0.3254388464794442
0.1152669625406405
0.3110505050656298
-0.0096561342260462
0.0263156491353368
0.1243869240671128
0.1068458855200231
0.1301962975663388
-0.0495542463176895
0.1503059688770856
0.0818238031280873
0.0086285034432086
-0.1787437591215454
0.3039193358931643

-2.5974765048560013
2.742978628577771
-0.4297538242196749
-2.4882506476848145
0.4119977385128863
0.6721875697755273
-0.7779797485614661
-0.6261124593811785
-0.511724933588644
-0.7937086482164477
-0.8208325735314472
-0.0532712145785853
-0.9602345406436696
-0.1465646982925348
0.5821962530832432
-0.5316794399940165
-0.4464703028330364
1.4920873221388709
-1.3370032476591558
0.0128301051037951
-0.3936303336409855
-0.578895455636544
-0.7584803619398184
-0.1842780547317127
-0.5678987697270478
-0.5428190457483617
0.3549844534732675
-0.2068952496421542
-0.7108707499551659
-0.2631627452015691
-0.4506403960971488
-0.8039566640364583
-0.8622216078448413
-0.9509476798444724
0.3417111690496756
-1.0417214725005088
-0.7085891741401956
-0.1118269314148329
1.4281936592349986
-2.371767322993714

0.0016194724133469
-0.0027777330846316
0.0001224067296107
0.0013229826644929
0.0008693794400426
-0.0009860756753356
-0.0008753222039027
0.0012412769428749
-0.0006589406737313
0.0003421873522818
-0.0005743498559921
0.0027406707963949
-0.0069660044281422
-0.0017853946480994
0.0049688335104976
0.0110548569802372
0.0037652086086107
-0.0211054901240543
-0.0216984173341129
0.0768991848107832
-0.1009634597459613
0.1364903835763226
-0.3249644324746668
1.1785166854956517
-2.2196198647631395
-2.297453905625297
5.396806586813394
6.964819254760851
-20.73095015973622
17.964616302624513
-7.236142099075239
2.7635648669744515
-0.167680875885343
0.9662336482809624
-0.5811195523659696
0.8177186517451109
0.4496448648532429
0.0052692004523383
-0.902186775700478
1.4464641109219798

