-0.8882990287147979
-0.3336206329612086
0.4001551730662478
0.370385551161793
-0.3107308229187018
-0.4502756160913669
-0.0551551261563534
-0.0550449039449381
-0.3433482060922032
-0.2636262662049939
-0.369342781094904
-0.0371103940296015
-0.238592113859451
-0.265439374746272
-0.0101071596372784
0.1769231928829497
0.0825224164912551
-0.2197944261772468
-0.1467362048042846
0.0330772054116923
-0.1489778278219072
-0.108244948300693
-0.1306173015671285
-0.0354459104827717
-0.0947289764662923
-0.0355201203928686
0.0383294610358828
-0.0185246357817824
-0.0991248588343058
-0.0267596918344629
-0.0177241852794542
-0.1538958263270567
-0.169367154346369
-0.2760021223140056
0.2156782114577556
-0.3148428449411806
-0.4358649262238951
0.0115091438704289
0.6518821834019684
-1.1996713049831618

0.4013862163988179
0.1093174879026373
-0.0971942854787071
-0.1353191869688824
0.1126815275465431
0.2541436883545915
0.2067182246888725
0.1557671505226146
0.3293082571998588
0.433430831923387
0.4972339963973192
0.1690752846298346
0.2380912541418516
0.2585999586475878
0.1441901211613611
0.032736833078997
-0.0096230332537407
0.0952346764260369
0.1950532088173634
0.1867914336480848
0.2038245213748031
0.2936444293034837
0.3094373363719525
0.1370451860118823
0.1757718597449001
0.1263697169121018
0.0436344334813916
0.0111792875507372
0.0898500489856352
0.1948045882883776
0.205444526177287
0.2796099467170991
0.3577674072632882
0.2418844833392348
0.1455912053581486
0.2155278806725404
0.0788216976892015
-0.052285846667499
-0.0322006809234249
0.4542936000950561

-1.4660114514464606
-0.1324758438347571
0.1631667233238789
0.4555198549893527
-0.475805818464556
-0.7408080621442376
-0.2308679581229762
-0.2628382457125805
-0.7596961028659002
-0.7063866644000717
-0.933112646168796
-0.1376224787899619
-0.5218588815683356
-0.731429462230288
-0.1211293771863831
0.5275981723876068
0.1853564087974185
-0.659954098206756
-0.452485941000234
-0.0207595109909434
-0.594167908098804
-0.5580030458717825
-0.7621451348907912
-0.2437916285002703
-0.4112761620946704
-0.4207884088312166
-0.0536193545207924
-0.0717254945586782
-0.4544587976297627
-0.5188302782336875
-0.6341695030215265
-0.9395437177514484
-1.0744139210429464
-0.9745829096966052
0.106168580024321
-1.0994057399047064
-0.5496428052647923
0.1745025178755873
0.8655084512881329
-2.0128061517618865

0.0016142377967599
-0.0028014109521957
0.0001277594015205
0.0013634558404803
0.0009032528463399
-0.0010320956041791
-0.0009795166473257
0.0014252031544226
-0.0007914575366762
0.0003868569516682
-0.0003511305075348
0.0001690451625867
0.0020153792046397
-0.0003342194939174
-0.005579373486355
-0.001395017825368
0.0068127495979928
0.0061970676835946
-0.0093841406365234
-0.0067504132899901
0.0231172700072833
-0.0425433968134545
0.1207890102952519
-0.563855622791457
1.7051395286664006
-0.3822869144727853
-3.112586998643483
0.1798548787182884
7.879887206716646
-10.504600489103028
6.89355866793278
-1.9500661773946009
1.390023496080424
0.0395986412721713
0.4231844181898628
0.233197182079353
0.3107587249022124
0.1909586055503609
-0.8269828049390974
1.3684419317063894

