-0.4310414091307854
-0.0012467182518128
-0.022405493936635
-0.0631322172351972
0.0019289823280176
-0.1016733901468822
-0.1165690587971612
-0.0966924338290191
-0.1419305578646559
-0.1151022088518024
-0.0481211735299831
-0.0799511952275079
-0.0147839679834764
0.0040671096687524
-0.0047671411134836
0.0306490681935484
0.0149167427993308
0.0026298977973511
0.0665785342133546
0.0796074815275608
0.1108586787492859
0.1554825733110858
0.0507032004091312
0.0848710319015883
0.0983141015211739
0.0209577040251133
0.0235936468134754
0.098236288156526
0.1318412562082246
0.1438339013689958
0.2276605304879865
0.2347355864148565
0.1072636082508745
0.1516661661605029
0.1495753800447264
-0.0845318957461589
-0.1876411779588769
-0.0436933960853217
0.2332551446399133
-0.551673584819304

1.07703304209522
-2.2933336414513588
0.3561025560053539
2.2643397660273408
-0.8395149616984815
-0.5811701672584149
0.816593389882754
0.0729988858730135
0.3992410998778265
0.409878905282063
0.0426422611141272
0.2165763201181083
0.617830055856758
-0.3474481100461926
-0.3675024772626884
0.3462841909582515
0.4019547501284689
-0.5200402840036469
0.4993747932184567
0.1180306904045063
0.3167302290568995
0.3816514125400996
0.0954260382384145
0.2136401267466003
0.4609310867858667
-0.2136130920800685
-0.1295362119409126
0.3799122023164352
0.0528927968288696
0.0975640813161766
0.1012339984907954
0.1120435381659289
0.1040752777985405
0.0036334376972662
0.1502344710858689
-0.0628585415624601
0.0162143775441663
0.1973415660496139
-0.1742447452022058
0.2575778742479027

-3.139920452450271
3.07211803174325
-0.0373085315256698
-2.4370328977378075
0.2515635613691726
0.2970798497267793
-0.9014669563542714
-0.5869527580898541
-0.7968280649567888
-0.934992444004119
-0.0397875942937223
-0.7139816204004743
-1.0463022066163838
0.6901815376527254
0.8840681257606199
-0.7617250592558622
-0.9234971494290056
1.2179103971292855
-0.8789424445654069
-0.1813384526102666
-0.5260232534886915
-0.6765767912234992
-0.2327626408482999
-0.2439161800433048
-0.8004962209896362
0.1636678732710148
0.0821104907657466
-0.6726157424107986
-0.3928309381934485
-0.4823150732708211
-0.7323189060114513
-0.8778209139252753
-0.7663411275630364
-0.0965387167283504
-0.98543730172498
0.4390366295406213
-0.2326961363781843
-1.468434782391056
1.3543137927424485
-2.015417402159088

0.0044167249223745
-0.0065308898738042
-0.0008300849504562
0.0043088722838702
0.001097922850428
-0.0039558090452157
0.0022889496163247
-0.0007419897049508
0.0002761799445861
-0.0002614194329235
2.8002639857494243e-05
0.0022030110781111
-0.0003826604966144
-0.005646094076269
-0.0014047238323292
0.0068422388142805
0.0062136524590219
-0.0093974623374932
-0.0067319595858018
0.0230702055405329
-0.0424562575176134
0.1205764163218856
-0.5632860697270593
1.7049154362779122
-0.3839630974685859
-3.1126184834817603
0.1831714459114548
7.881287642941412
-10.514490147273772
6.907075611155947
-1.965434596575934
1.4181724358991197
-0.0549145913048891
0.6888562202363027
0.2297380882173823
-0.4031672899187423
0.2479267281321475
0.9580747480419292
-0.918441458717522
1.2224481141282837

