-0.8014837574573136
0.2689447352148118
-0.7212471728418385
0.1832038720329067
0.0903321575429685
-0.2589004605323481
-0.2368559560843482
-0.1241222510519612
-0.3104807252839558
-0.3195004544582598
-0.3506192153009906
-0.009365048326603
-0.3658496546610022
-0.0676627840478326
0.0888281085374585
-0.0322071179685162
-0.1478571298704814
-0.0840886843690743
-0.1175900813570935
-0.1551461298377924
-0.1640033360716523
-0.0467245841024999
-0.140572042308639
-0.0544794647209063
0.0713389580824596
0.0369230946094502
-0.0500921756801733
-0.0861027018610965
-0.0491603948466357
-0.0030321065479473
-0.0791288881678234
-0.1131146442960877
-0.2296910519710572
-0.0187434175097476
0.0533834421972635
-0.4986873562569776
-0.2718040641781326
0.3983928813658002
0.6736144890848398
-1.430649883478982

0.3781950998245437
0.0185231826157865
0.1247204206155602
-0.0353409851838649
0.0936569428814528
0.195519845108574
0.195233505437411
0.214041125848556
0.3656062018981094
0.4673740816558605
0.4845621347614584
0.142175842910865
0.3045892094768184
0.1952567972973574
0.0828185589709566
0.0909924879954095
0.1554493443626122
0.2339752373594391
0.2519219457076452
0.334113664010839
0.3562855674925891
0.1513309272326152
0.1530279955769883
0.1391775115376418
0.0436444075356631
0.0145949038823148
0.065573468109701
0.0768605921400316
0.1106894426728839
0.1789934870326588
0.2307892923514827
0.306108749271834
0.3370391797035316
0.1020365656749251
0.2452959339695599
0.1854867871873664
-0.0203957287656282
-0.133192035028454
-0.0245262684558533
0.475627755057637

-1.579691786437629
1.2648025740923228
-2.324593503101628
0.5304223132032331
0.4086203485266861
-0.6784213155998291
-0.627872617751956
-0.2445875718471096
-0.7976935518921648
-0.7975284045277616
-0.921729820061734
0.0195545423109676
-1.01348450452005
-0.1276227968575071
0.1819151270999512
-0.0697962936671762
-0.5213284500236591
-0.2310767383356437
-0.4775452851029898
-0.6103430121137456
-0.7215333766004899
-0.3234144752722679
-0.1607681881751629
-0.634274659684825
0.041397454021248
0.1549254490358015
-0.3584320404723767
-0.3934225223882619
-0.3450480627694939
-0.4281571617978028
-0.8479463157671053
-0.901402997231356
-1.1737608963076465
-0.2110417684419303
-0.4121001269418839
-1.3141892110146325
-0.2795486875706268
0.8622073985693517
1.1631157691305207
-2.5257669364262902

0.001182130336307
-0.0048813495329771
0.0079366059892631
-0.003100616630183
-0.0032880854861076
0.0024676846106044
0.0007773007462513
-0.0013389942913582
0.000684983908437
-0.000335325918645
0.0005115405445936
-0.0021613237649562
0.0053065076944681
-0.0013674862761998
-0.0060316955775951
0.0009528293378629
0.0095285108434047
-0.0104630030569655
0.0052206951678483
-0.0003332936910494
-0.0108902444128636
0.132163437826134
-0.7662938731676345
0.7047979965393585
1.2063088487819011
-0.3449856520694914
-2.396913065270328
-0.7964370211384123
6.535479315958908
-7.352250546625918
4.719777493473504
-1.172591620009504
1.361503973728598
-0.5731850324293386
0.7857759986490739
0.654677854990179
0.0579181254069492
-0.5549640479279854
-0.7678262714161442
1.6755764440823149

