-0.4890715996887149
0.2755626990172499
-0.3979122436251732
-0.2284054804936495
0.1635415312807839
0.0219715435019072
-0.1878057767364515
-0.0810808700433877
-0.1007027441299088
-0.1277151041371501
-0.090843609320589
-0.0419977059907214
-0.0577859700609433
-0.0051098828076333
-0.0014589192834731
0.0351104727528997
0.0084469284817309
0.0201077513703668
0.0819397161135073
0.0989586160209808
0.1440487947549599
0.062082340227315
0.0298973422964696
0.1127975676041505
0.0544276817496029
-0.0061724201116804
0.0189829813208548
0.0995723933262143
0.1162871490564406
0.1053600524371003
0.2016565922641804
0.196428327288288
0.1654927397136934
0.0748333908857647
0.1478121540228371
-0.0683154178798022
-0.0834490846143008
0.145716839168023
0.2264083327942648
-0.7302600712910018

0.4249134743132169
-0.8047730288653895
0.0278448548785031
1.6511393221060622
-0.7582266874619357
-0.4452200342301705
0.7760428378508356
0.0265775542562626
0.3486417044810546
0.3625010015824935
0.408568344375698
-0.1239916538469333
0.772800594273295
-0.1164849495604493
-0.3798563961483012
0.2202355056747747
0.3652401829448136
-0.2142903627063584
0.3544992926876668
0.2426060060703862
0.381317397570451
0.186779015718751
-0.0882891638101228
0.5256564527804575
0.2738755377679505
-0.2852558515236001
-0.1883234529219383
0.3595356433725359
0.1964009010492226
-0.0513942050324496
0.1136500344244751
0.0879464022386247
0.1334417765659854
0.0259875669208848
0.0226706967533916
0.1833266765765246
0.055458043277503
-0.1213084543087398
-0.1793987669981424
0.3596419171899389

-1.958393657903086
2.146116165437225
-2.178324818002733
-1.5897586428806485
1.455048336702456
0.0618689793082385
-1.4293791561736289
-0.052179854991113
-0.8420176297418311
-0.7756682883913745
-0.874921145283729
0.2079260155936402
-1.5252920748208951
0.1527062714609807
0.9137647837011792
-0.4475317694149623
-0.7626381398336133
0.5607042925736327
-0.6020995173307091
-0.3550642179144533
-0.6444348283459778
-0.3349750998049882
0.1527698386548869
-0.8344943864430917
-0.3934240995919416
0.3044930852347091
0.1158109115184359
-0.6387866548158059
-0.5335868526367378
-0.1783806525783684
-0.6896294145282909
-0.7217990205537682
-0.9880576472870138
-0.221589629652518
-0.1297069556969969
-1.3246500460018844
-0.4911839406794393
0.853125313535367
1.407649071642795
-2.76086133166421

0.0011800757824741
-0.0048860037831784
0.0079579529321025
-0.0030947813748698
-0.0033202280938956
0.0024429944513408
0.0008477898396216
-0.0013695834991658
0.0006421588847523
-0.0001735240241912
-0.0001653023257126
0.0010496837756825
-0.0005574096282789
-0.003953546638504
0.0015282486755532
0.0076489478469577
-0.0040578617300471
-0.0108664864830646
0.0230312841762534
-0.039222044780041
0.1147503366804276
-0.5951395888159635
2.047096275904118
-0.4004475721798952
-3.3472480855636104
-1.668941452691417
4.934911985295559
7.5555726416794275
-18.165569468901747
14.025080785272245
-5.137399878005834
2.2734279726879194
-0.1549664241050428
0.788816422080158
-0.4189272387452089
0.8285344275840345
0.3989752346595192
-0.5034128371278036
-0.9215912719449708
1.6762069403243054

