0.0146805776726467
-0.1398854773553439
0.042566815195083
0.0272533524789704
-0.020966652501943
0.0101090859646942
0.0264300564348286
0.0054664146276715
0.0018048767916805
0.0212518589366485
0.0130129285206436
0.010977828197672
0.0303975233148599
0.0422378016178238
0.0489564074730973
0.0762207453783347
0.1181191394341596
0.1754762092145778
0.2245713663626607
0.086928353156661
0.1080685495371324
0.0918647005324331
0.0467659475296082
0.0433419341658588
0.0664293455361001
0.1081030978124623
0.146758066540852
0.1813528862957923
0.253198360345531
0.3601567360232441
0.3507054534646294
0.262194385728043
0.2782995677751407
0.1178013115147368
-0.0320058541112748
-0.03590966516604
0.0419218918452714
0.0672383840618946
-0.0038739164600409
-0.0695400061836341

0.449676334032399
-0.0807120295659912
-0.0234904407545033
0.2138460704931547
0.1528744596478496
0.2152306694678762
0.2504641746807592
0.109500978212444
0.0800840070573256
0.1327431353524293
0.0200882671450418
-0.0450689078217115
0.0993311795081623
0.134237090965493
0.0596151320029119
0.1931407179236617
0.2791984838245079
0.3710249630408297
0.4292441297237209
0.1957554979782708
0.1593794420290937
0.1570929756289499
0.0919469605780067
0.0818720332399376
0.0941584987276939
0.1359273599104391
0.1738368043766917
0.1965428591404111
0.2590965371163578
0.3023875049089932
0.3151832019910057
0.1087096251342765
0.158813795843181
0.114309272704946
0.0052075086984724
0.0127500339242926
0.1206735788419062
0.2112770412586023
0.0085045333788526
0.3884223516405137

-3.330647324222175
2.4873841558778045
-0.8227527292281587
-1.0240745437312893
-0.314756550453598
-0.9232309044684316
-0.8504546398898277
-0.3648252677397031
-0.2565243696906666
-1.0450993195839242
0.3188815155389061
0.9243215012305822
-0.7447915509669472
-0.8288521996340789
0.56687623833944
-0.6168894732657634
-0.427229517153108
-0.6124089885805338
-0.7297877233598524
-0.2978758378838309
-0.1623687257415497
-0.5927433967618998
-0.0497868583767873
0.0191665591734039
-0.2531609259317429
-0.4711638191537498
-0.4119902151431149
-0.4476009063386408
-0.835191632621109
-0.9506457670435988
-1.19967727094199
-0.3785422563297441
-0.6200608477807019
-0.8521455146121183
0.0695728451959466
0.0537718415851825
-0.2930929494376876
-1.433813382986962
0.3073569616823803
-1.8058866339084785

0.0483250291775461
-0.0283942441031472
-0.0271479700794167
0.0134187584476644
0.0084484978492572
-0.0061026681681624
0.006420209892841
-0.0074571654011915
0.0061761088662887
0.0063882976018079
-0.0048365751294425
-0.0070097418170924
-0.0009947881374348
0.004957586786035
0.0035458409283175
-0.0026341746034307
-0.0021507476946097
0.0009999023545735
0.0053761711412426
-0.0096083278431963
0.0077597265007268
0.0066979785703561
-0.0045761382504987
-0.0071045636894915
-0.00146778713637
0.0046066838975439
0.0037935651401636
-0.002271017915598
-0.0023915105942283
0.0009362975425165
0.0048249488615897
-0.0066294337333437
0.0068957809976433
0.0019546569214181
-0.0093009660869247
-0.0048911736087826
0.010940761727394
0.0143329600583436
-0.0345238521746152
0.0266840695271585

