-1.0276686116545148
0.1818922016566467
0.1981390250771324
-0.4893770835369312
-0.2209205571351428
-0.3773966188482595
-0.4146174085967418
-0.1519218554254598
-0.2408205303772274
-0.1751812188735945
0.015149587024197
0.0451415570670791
-0.0864395134420212
-0.1477518154708126
-0.0997371059614546
-0.0696586423067802
-0.1561342928762091
-0.1641167742500918
-0.1864761688614639
-0.0281494967684182
-0.1611689822472403
-0.1072928271685591
0.058256382812022
0.0784303125161402
-0.0207178585312022
-0.0950983938974659
-0.0571497101043671
-0.0141944259588738
-0.0882704313102463
-0.0759662703724449
-0.1024241548527682
-0.0383575598885151
-0.0018695488613936
-0.1430493884584375
-0.0981279830536749
-0.0157310224994216
-0.1072930221214696
-0.4452322119581683
0.0622668791400416
-0.7994400205080118

0.3484593797557538
0.066237635309002
0.0031811568306352
0.1500866371696952
0.2832123578092912
0.3448928907259867
0.4372573070511658
0.2169191273261165
0.1707404390196352
0.1576583317822327
0.0963874734963436
0.0823987860746592
0.1260479564910743
0.1756401720190487
0.2025679163151838
0.2256150838339222
0.2891720576288433
0.3719691676936083
0.3588290008386371
0.1849511344765276
0.1735300837813622
0.0871475096181151
0.0204223961256197
0.0276966011277462
0.0672972111963329
0.1048896341190669
0.1302367935442183
0.1328502788593756
0.1952646823923481
0.2893905375709413
0.3219361566065292
0.1667646824293604
0.1660329380330427
0.1161142774791378
0.0478149540250242
0.0588104996414919
0.1341866587193214
0.1841454410023075
0.0809783522827646
0.40799283943602

-2.069150242626629
1.0581942197723646
-0.3043931579725489
-0.8451393561577392
-0.4655641472378551
-0.9032589501598632
-0.970976945270722
-0.3820847344876539
-0.430848333702701
-0.7291261959005702
0.1370669590073656
0.2289150938177563
-0.248620655004959
-0.5040233006187635
-0.2753365991436028
-0.1631791372819183
-0.5531761414102151
-0.5331744921044178
-0.7083528681503197
-0.1070514153042006
-0.5890428510166363
-0.2738526896487064
0.265577754840852
-0.014174393937222
-0.3907636224250162
-0.3742526790269401
-0.2849705261560302
-0.3599990800532985
-0.7334536236594424
-0.8377653476314403
-1.127329532895809
-0.3249881509216853
-0.6542367596456978
-0.7309264773213704
0.1047323353584991
0.0554947034735223
-0.3398581932297738
-1.171944949156764
0.2292858273478696
-1.522193591141814

0.0075016773363381
-0.0117227740672376
0.004151617498489
0.0023470321817507
-0.0024444194699033
0.0010519700840518
-0.0003302042463789
4.292485370078455e-05
-0.0006741203423745
0.0029184926472592
-0.0020367487633867
-0.0018916022347242
0.0012731843045013
0.0016399376023386
-0.0013032220765878
-0.0001599180597916
0.0007284087218401
-0.0013342416521081
0.0046599897152096
-0.022993748975849
0.0474661682265551
0.0392901755725686
-0.0429300577807142
-0.1015030993868154
-0.0420518763116102
0.1628814134427411
0.2099202478466013
-0.6123483844621819
0.7246973684100569
-0.8559739030229419
1.3859543811144674
-0.523168607098387
0.9180234926886298
0.2756433574016593
-0.1837690649176811
-0.0659682835442755
0.295100194909898
0.6307683391288663
-0.1392230584064646
0.9350213871060749

