-0.390552360222429
-0.0377524332452731
0.00172208511797
-0.1264911874390335
-0.1662638659818115
-0.1596478332773022
-0.1900064239071713
-0.1048869930805751
-0.1098786366415595
-0.0714446670364223
0.0101096049548138
0.0224628305971564
-0.0148970617244637
-0.0381029050866163
-0.0047695732324965
0.0143005031682573
0.0312735781361551
0.064942997929605
0.0017963015894912
0.0644165465881838
0.0411514713313179
0.0283081337460294
0.0519384439436196
0.0799576436667763
0.0997444027026359
0.1447712218689259
0.1925871160905319
0.2582578459416892
0.0711971562428496
0.0456786856659638
0.2801713739862499
0.130330069378103
-0.0468302252482272
-0.068170587029972
0.0015864270894868
0.0435158807686572
-0.0195850263666021
-0.1396252633172992
-0.1037866219500061
-0.3744174982006063

0.425381586739356
-0.747464991065703
0.4096030253076065
0.4516286566160659
-0.0794397200801951
0.3796233666174425
0.3254867421956649
0.2665446692790886
0.0601589605429389
0.6101155494464204
-0.3045231823782941
-0.0686190370309564
0.3921171072941738
0.0435627987146572
0.1097496474480037
0.2133271237028824
0.1999549567336882
0.2452527926581885
-0.060982595113449
0.3430848724885524
0.0693878865136396
-0.0371687350548252
0.179288342491742
0.2110473783804914
0.1429126383866806
0.2595792452900388
0.2768287438272027
0.3469044587933595
-0.1167032178293679
1.10133863948685
-0.6239176691243423
-0.6968458248048198
0.345340128638631
0.464378543086734
-0.0007216771959108
-0.1954818753801312
0.159863282826446
0.0978283182825511
0.0830415750565647
0.1763303531736249

-2.6155091052027046
2.083136061977394
-0.5155211643156327
-1.3956727468239714
-0.0600093661940675
-1.0183673166101626
-0.8955515820298449
-0.6939122281640997
-0.0955355738310542
-1.3784407928492473
0.5981526979505392
0.271955369629045
-0.795670872016725
-0.1418353972746818
-0.1393186461036112
-0.3863215265387923
-0.2979530663876319
-0.3623664170954684
0.107107064958915
-0.3281616237176086
-0.2585711902470295
-0.0266113750437207
-0.2615846117850117
-0.3926691224772116
-0.3653375168273978
-0.6273062425435939
-0.7667641477903603
-1.0132303244808805
-0.0785291144009935
-1.5770961441166038
0.3874036432380892
0.76783345672257
-0.4600646229655475
-0.7533385171678689
-0.3140038838543827
-0.1585217880801836
-0.4527971221401424
-0.8554819806578244
-0.6761412265313477
-1.3355141232917147

-0.1920830146655074
0.1785873005222349
0.0296694763085697
-0.0897375590846833
0.0441072993603375
-0.0135887277297978
0.00438529454079
-0.0019931350128186
-0.0002175401676329
0.0032190704900451
-0.0023398690706459
-0.0011807072513506
0.002033269397984
-0.000885653109745
0.0002070341483911
-1.036906366521982e-05
-0.0002568961679389
0.0021988805595713
-0.0228699329946801
0.0887658870983617
-0.0307234992723433
-0.1521758443395551
0.0361908449267765
0.3593503305154468
-0.5709709410140804
0.5556584702206967
-0.6420734819292226
1.4701686563433751
-4.939341315635726
9.646185679614554
-5.268695607284246
-2.197416570162624
1.3304657253551238
1.8730985604020296
0.0863785792256064
-0.840770934765777
0.7004447255317555
0.4351805407783026
0.3555320659790024
0.8380406402988381

