0.4027757756785647
-0.5099755329245101
0.2485166153090708
0.1372210945123355
-0.032947938067148
0.0143288448883625
0.1051364963103959
0.0893420324159293
0.1326122823572618
0.1526197870311177
0.020565786763541
0.1035694519539751
0.0754565307541402
0.0050176871979199
0.0325995541612578
0.138967780126684
0.1124323208783329
0.1982700567466931
0.2811391704132502
0.3461810153732302
0.1478519388342535
0.1359424620552483
0.2083284413005212
0.0394089798162025
-0.0219527614637166
0.0939400960490997
0.2100960007960187
0.1866240155832846
0.2052540474436877
0.3647503813037234
0.4286831793886818
0.5657027815227695
0.0869192124917502
0.4454443913774948
0.260370591311146
-0.108707031542002
-0.1420632623624597
0.038481793149383
0.1317317391508328
0.0581363116147219

0.3425409677536045
0.0449423668720821
-0.0082638577346234
0.0281442018735172
0.0835684107074221
0.1230695803285259
0.1238612002196047
0.1527770755222106
0.208293038170095
0.2026458821558825
0.0836991184116968
0.0983353756369661
0.0901633534179209
0.0303640835302939
0.0023685902898832
0.1376735980322183
0.2107938699079375
0.2282991110657843
0.3381058772040129
0.3929937119059067
0.1683047942079024
0.1518170692508928
0.1560559594662287
0.0959949728601189
0.0571158590859234
0.0698888563640467
0.1131623655037565
0.1510803153263172
0.1714856875889919
0.2045379055025554
0.2663833328491489
0.2555858278078762
0.0979359274220855
0.147069930878928
0.133153716943257
0.0519654481169737
-0.0158029490911522
-0.0423340815224271
0.0282749031161216
0.3787801844199628

-2.0931376253163507
0.6505116560776366
-0.0771236871743359
-0.3179225345219166
-0.4729306975544941
-0.2583089648363577
-0.444400505466511
-0.5846072661926753
-0.6549821142419381
-0.6759755595905652
-0.1183185156047129
-0.3469847054678834
-0.5407217351663788
0.0238586543395283
0.7335102415954118
-1.0106530931920727
-0.0690626848411278
-0.4109118730131635
-0.5524352315239759
-0.6949651655748451
-0.3240924142255625
-0.0578054739428257
-0.6850546172301911
-0.080677550113591
0.1047017460129225
-0.2127572683769365
-0.4699540781747488
-0.392373487994828
-0.4032467503429922
-0.7699738533179667
-0.8953578142655212
-1.08727106711091
-0.3982593751506874
-0.3059393483401456
-0.56816867963149
-0.2889979945473866
-0.5782786378324363
-0.0836549360192431
1.5058662046945337
-2.63419162252348

0.0011036206854258
-0.0026126950389792
0.0016814039697145
0.0004951480274518
-0.0006422750111446
-0.000221345089245
0.0003813106842004
-0.0002069376233343
0.0002073946992368
-0.0010079435208956
0.0083184058874841
-0.0273925257442668
0.0040173600320407
0.0471959329918705
-0.000410576079631
-0.1112090764815548
0.1518220161706396
-0.1285433600391618
0.1270998073627075
-0.2312504782002857
-0.057254033228333
7.995159221845557
-29.359447274538223
28.684752518299085
0.3614235369697704
-8.465156692525872
-2.129363986109253
4.726393857473065
-0.8784470453323177
0.2915400390223465
0.6309258758970545
0.4959307009320324
0.2927633986537594
0.1055467192768778
0.2844132749871548
0.1458355033340664
0.3224533384666215
0.0551019119039056
-0.8744631439209479
1.4445194709411933

