-0.2762367342142092
0.0239121766746802
-0.073130295152172
-0.0901856449497567
0.053468765030489
0.0047894778849118
-0.0879591608959093
-0.0542740544553477
-0.0363506639490444
-0.0584606428365722
-0.030070365511398
-0.017554932429549
-0.0084107801380175
-0.0122138017649616
-0.0217476266687293
0.0408040503236942
0.0394130910051218
0.0172869395052616
0.0768369520829113
0.0802152011845573
0.1276433008286152
0.1766605778285103
0.2269810564007179
0.0790981462142125
0.1417203704304316
0.1101513135416809
0.0072913300310603
0.0541787441098297
0.1421968287261477
0.15704281079745
0.2089788877380485
0.2465898871178801
0.2705955424611808
0.149272923212197
0.1668143109958048
0.0868107636140346
-0.1163374833155715
-0.008669228245206
0.2080325724646099
-0.4318637177123734

1.0150813395287777
-2.328848557924091
0.2967158170866408
2.6096509272136585
-0.72286636598768
-1.026874906269661
0.6556182900820481
0.3917250868842565
0.1280203060465308
0.42073783088974
0.3694205970496656
0.0617930014198746
0.4281644013581167
-0.0321448308219158
-0.1399685955366032
0.3911153669591932
0.2153465750210626
-1.0597302111743108
0.958872544493902
-0.0513591878719517
0.1900835691901913
0.2986008277902098
0.3619993165887073
0.0405710694259615
0.4140064761986449
0.1788455993602893
-0.3093258662305453
0.1087953965725089
0.2921590607005215
-0.0175961136774472
0.0117558256533632
0.1138056694843847
0.0962645963629892
0.1287843641675866
-0.0604197998831162
0.1506761510886383
0.0982186321964696
0.009217361849897
-0.1996518118703263
0.3204115845759121

-2.281842072016975
1.790068528021975
-0.6316913442971435
-0.5173400148826077
-0.788757745210599
0.2635622439074207
-0.2915981776282413
-0.7449435730176241
-0.5489494438715343
-0.8055366690386039
-0.8383633664817747
-0.0822059493039805
-0.9876767636343582
0.0221514317955992
0.5917381533796129
-0.7925407564490476
-0.7002161678891394
2.139663059236603
-1.4807837677858278
-0.0894239811456457
-0.2397364141679429
-0.565270924817499
-0.6715318812420666
-0.1814294351821752
-0.5093200159951886
-0.5067299499813865
0.3340758467557772
-0.1956752194382112
-0.6668621198440552
-0.2406323775817512
-0.4015900387818668
-0.7626573645448543
-0.8138544562847597
-0.935279273061312
0.3750718112655703
-0.9929266319377252
-0.787724633739929
-0.1530137208309086
1.5634502914193011
-2.5072611897794483

0.0016194724133469
-0.0027777330846316
0.0001224067296107
0.0013229826644929
0.0008693794400426
-0.0009860756753356
-0.0008753222039027
0.0012412769428749
-0.0006589406737313
0.0003421873522818
-0.0005743498559921
0.0027406707963949
-0.0069660044281422
-0.0017853946480994
0.0049688335104976
0.0110548569802372
0.0037652086086107
-0.0211054901240543
-0.0216984173341129
0.0768991848107832
-0.1009634597459613
0.1364903835763226
-0.3249644324746668
1.1785166854956517
-2.2196198647631395
-2.297453905625297
5.396806586813394
6.964819254760851
-20.73095015973622
17.964616302624513
-7.236142099075239
2.7635648669744515
-0.167680875885343
0.9662336482809624
-0.5811195523659696
0.8177186517451109
0.4496448648532429
0.0052692004523383
-0.902186775700478
1.4464641109219798

