-0.5977168755558842
-0.2573226790224141
0.3447526578261594
0.2655085401229528
-0.1852600670940424
-0.2933953557937485
-0.0432567572653427
0.0126639257057762
-0.1929038526636829
-0.1281868496053404
-0.1823366782289271
-0.0150978072653217
-0.1261656855880502
-0.1308202413992941
-0.0096906279459932
0.0974665657803384
0.0727900722092754
-0.0880699693320597
-0.06743149020256
0.0449940295246461
-0.0198057711610638
0.0067955539286337
0.0265586839961617
0.0089023650337391
0.0050060190821768
0.0351360112669686
0.0263941491330841
0.0078150977893869
0.0100479883511779
0.0572883138992841
0.1113555200210572
0.0522177531232329
0.0605415124653699
-0.0371416297617184
0.1549123723248454
-0.0823264869683527
-0.235120085458292
0.0066404912098798
0.3409943025528569
-0.6973691777339204

0.5336492739222857
0.1440531576627206
-0.1860473862862562
-0.2318469195782966
0.1795118724129065
0.3497450041055721
0.2037840931515106
0.1241933386596877
0.3908118977667446
0.4433903556577269
0.5449580706238868
0.1446372477405692
0.2630215924756536
0.3261710766488484
0.1692324557768316
-0.0177345936691506
-0.094581583224582
0.1010273324237786
0.2263219790712959
0.1400558730308967
0.1573814708217058
0.2398539783284499
0.243667382333667
0.0982684591304051
0.1417371925227982
0.10483142116618
0.0358356483740669
-0.0026734738884381
0.0776354950521804
0.1725967471692191
0.1716909091697815
0.2565533126796424
0.3300421112032813
0.2386750160604458
0.0910512084019304
0.2537285656407224
0.1186798043769356
-0.071301704158644
-0.1106542430701317
0.5860196167346863

-1.701480757270005
-0.3508367871944235
0.3830867006924509
0.7533595737472041
-0.7164707082638974
-0.9473637303302682
-0.1017018352404607
-0.3048806490300445
-0.8238684411605011
-0.7404310527425507
-0.9932152376882551
-0.1447397519511809
-0.46815847303767
-0.8860391062003287
-0.2503282812379675
0.6814786041838337
0.4116872619843055
-0.8035549852936061
-0.4985684627540116
0.1197353795358632
-0.5700258031414437
-0.4546703188895379
-0.6514072609249922
-0.203640633941169
-0.3266384611776888
-0.3826716693576501
-0.0476170339162948
-0.0450137696701199
-0.4399112451030011
-0.4459257168157531
-0.5619365655974936
-0.8856405699539779
-0.9941246883119472
-1.0078707363380253
0.2776205537230736
-1.1224884311816017
-0.7292051697714976
0.0619428900604844
1.2769190194453226
-2.4319377080862408

0.0016142377967599
-0.0028014109521957
0.0001277594015205
0.0013634558404803
0.0009032528463399
-0.0010320956041791
-0.0009795166473257
0.0014252031544226
-0.0007914575366762
0.0003868569516682
-0.0003511305075348
0.0001690451625867
0.0020153792046397
-0.0003342194939174
-0.005579373486355
-0.001395017825368
0.0068127495979928
0.0061970676835946
-0.0093841406365234
-0.0067504132899901
0.0231172700072833
-0.0425433968134545
0.1207890102952519
-0.563855622791457
1.7051395286664006
-0.3822869144727853
-3.112586998643483
0.1798548787182884
7.879887206716646
-10.504600489103028
6.89355866793278
-1.9500661773946009
1.390023496080424
0.0395986412721713
0.4231844181898628
0.233197182079353
0.3107587249022124
0.1909586055503609
-0.8269828049390974
1.3684419317063894

