-0.6886185253290221
-0.1856951998017222
0.3896660645754556
0.2399436799002263
-0.2228339880628146
-0.281747898309351
0.0009313050141232
-0.0866407050216902
-0.1779984938722669
-0.1599479176725306
-0.1136073063208044
-0.0569236499051083
-0.1078720459018507
-0.0228346419144716
0.0154295965900284
-0.005411041114015
-0.0345807730276366
-0.0319840251126335
-0.0187327898814308
-0.0267295297258523
0.0020755405158142
-0.0274525543424644
-0.0055419229092249
0.0402050070988111
0.0266581934119111
0.0056737649557979
0.0200312579162936
0.0435931527540944
0.0601316641568028
0.0950195307793423
0.1372121048764312
0.0068964712194751
0.1550574237353693
0.099245356927818
-0.0481441873313133
-0.1563542506600602
-0.1646531116317529
0.0046778117842608
0.2657390897355899
-0.6340169603483702

0.611517864410237
0.1284401843104137
-0.2785525722306698
-0.2620038637259553
0.2980485034586916
0.3842173772416906
0.1143860652162578
0.2551194277506067
0.4352082975106895
0.4951941405667917
0.363766188804513
0.1367274816420936
0.3254112099105872
0.1472458975327331
0.0686939505710525
0.1132646196233657
0.1590008471504497
0.22016338243479
0.2441305539516623
0.3026882982588493
0.2691809780043023
0.0832676336536585
0.1672266248515209
0.0603142347706014
0.0003665289086171
0.0550906243366553
0.1433573022270588
0.1018844824979238
0.1726814752483068
0.2518104890451101
0.3068546144834225
0.1496384941132691
0.1299511413379646
0.1125625938055739
0.0261092186342711
0.0723514418908088
0.1620104425319659
0.089923758841403
-0.1655813829574409
0.5758014502954344

-2.1324693016529244
-0.150546047107916
0.8753788901610877
0.7813527078187116
-1.3238714059580916
-0.903181280604299
0.3233417486919028
-0.90066757302833
-0.6998860534242508
-0.9307284026856169
-0.6550375596622826
-0.0752223463001336
-0.9674927853485664
0.0692100837731443
0.0629032469417931
-0.1790272782991581
-0.397607066714286
-0.2548679012334714
-0.4809420557017248
-0.5505194622647557
-0.6149550780606421
-0.0263345954265328
-0.572266884999671
-0.1241376693009056
0.0998618246242487
-0.2467669909244993
-0.5254309233570837
-0.2421569059119611
-0.6686001221025719
-0.8013197733864361
-1.0643445085579295
-0.3307384743825802
-0.708956939259006
-0.7620027674940191
0.6451708434088733
0.3184372845516682
-1.167520062077525
-1.27595748195962
1.9505472320316743
-2.413157708364503

0.0050756304189343
-0.0064813538090146
-0.001949695811032
0.0035148934775231
0.0025155492610699
-0.0024861019100106
-0.0006426186873114
0.0011602924251544
-0.0005169458184792
5.491582365694868e-05
0.0005268164475359
-0.0021517459606183
0.0035271294711004
-0.0017554549949725
-0.00108648880854
0.0017870003963377
-0.0011906846676039
0.000687673280429
-0.0003424178257478
-5.220090614180324e-05
0.0023780826770763
-0.0286944881651099
0.113138591291836
-0.0391408734506616
-0.1907270115521297
0.0420915282897109
0.4467638661317291
-0.6934795173920357
0.6541212121261067
-0.7112127772984372
1.2570620944928363
-0.4006113905948831
1.0957201150305202
0.12738827120327
-0.5254400012180448
-0.1134302417050843
0.7106923721754262
0.6380607831684896
-1.037474024844964
1.306028870392901

