-0.2441098948497234
-0.0453707962042721
-0.0501420062645203
-0.036849212263597
0.0357652379597504
-0.0342341758855395
-0.0917711142310012
-0.0426632991652896
-0.0638911603421725
-0.0559337368864812
-0.0231045928996347
-0.0379966603763136
0.009358993914782
0.0072287575651516
-0.0012865750674567
0.0372871093107528
0.0421841006069399
0.0558998689576989
0.1201157689003203
0.1587371554191512
0.1865042543514751
0.0364037738398736
0.1183642725333644
0.0884930426003834
0.0455148298624073
0.0592038333642274
0.1155611426042162
0.16310747273401
0.2091282123722857
0.2994137495961676
0.343606501914994
0.1289622522935436
0.2361599010332472
0.1577787523390924
-0.0211362839510485
-0.0995599773865853
-0.0602162113917296
0.0640422941089554
0.1423461691322991
-0.3843333410784015

1.1367281222639856
-2.4899814334586883
0.3359732478402079
2.5727415777431952
-0.8623892144336028
-0.8454401545335617
0.922677662439289
0.069807453202401
0.3681489327892163
0.3957854056314324
0.2833565885278219
-0.0828426649238153
0.741088426270494
-0.1979353081094518
-0.2907071475643369
0.2285828090817885
0.3022560679398902
-0.1818047997325217
0.3153438785795155
0.2146237174664422
0.3481659613351677
-0.0415669334354331
0.3124608166378414
0.1887394596979774
0.0126312870391643
-0.0286449344343645
0.1930922762808332
0.1351263971999671
0.1395344541771823
0.1591269926108813
0.1096399234675968
0.0297218085775205
0.0287520664883331
0.1084585508886006
-0.0288902109061569
-0.031900172680062
0.110912821037501
0.1458102593484239
-0.2233096321519675
0.2924327887100376

-2.662108618951667
2.008439322864286
-0.2911239707140822
-0.5426788861703775
-0.9442878054953832
0.1597618074984139
-0.4048810708661656
-0.751999838342274
-0.705812385131456
-0.8964564885602146
-0.566066785302306
0.0147726851282328
-1.3397216155231706
0.3227244292371417
0.68509129713607
-0.4797542121134884
-0.5743794204820645
0.4478863602585127
-0.5141081207513251
-0.3093914941184263
-0.5945197560408984
0.0686897074261073
-0.4901148559625792
-0.3416191263893575
-0.0631461986776659
-0.1023511770948667
-0.4459263497603668
-0.4048980034711225
-0.5845751928158778
-0.7391393292701063
-0.8503077946842975
-0.272163600483397
-0.5112093977467714
-0.6433527272846428
0.5081036664983798
0.2253776203557941
-1.078827808772217
-1.1648671295473358
1.8622433910943417
-2.351061565272103

0.0040622133477376
-0.0056168784026487
-0.001154498177499
0.003303866165204
0.0016258953868476
-0.0026244298671424
0.0003670145378571
0.0004488638320875
-0.000234323681475
-4.538249929734267e-05
0.0006514245169815
-0.0027805004453367
0.0042440826234006
-0.0007002345931209
-0.0021268489131037
-0.0003420996249235
0.0017746294356488
0.0004099989103406
-0.0031767993952201
0.0076100273280535
-0.0287676260599438
0.1546622223344177
-0.4058706101715147
-0.0055862808193518
0.708061444751064
0.0953581076478768
-1.7534247395744669
2.3081200843901724
-1.920285108383456
1.6562937369447632
0.1339814734857561
0.6100046165966441
-0.0410774966674172
0.5932536093818133
-0.2744799298512993
-0.2300244455694457
0.5834680719674061
0.7134942183296074
-1.0687804133184515
1.3261357143702726

