0.2219875093072455
-0.6120870915483891
0.3565841232789565
0.0609013661038844
-0.1372694143371393
0.0670852133869741
0.0010687786244935
0.040689618561195
0.0112086190448189
0.0072088957272528
0.0362658180869798
-0.0118994979178763
0.0327390343011335
0.0412683180687758
0.0278760023201674
0.0708412124492634
0.0736453628158068
0.1465731711498167
0.1962894845467027
0.2534178450662552
0.0708433479592956
0.119566579903302
0.1601489293537419
0.0333611818372413
-0.0288932992998398
0.0677680457954587
0.1771745842533579
0.1463302235754706
0.155131446256238
0.2915394286454859
0.3270809399033323
0.459503333228665
0.074285294769429
0.4252074984308399
0.1186932632742267
-0.1951393102674433
-0.0692456233864909
0.1106773736761412
0.0812818215651381
-0.1448991232056982

0.4114437195562589
-0.0194883881509704
-0.0521496917467993
0.1080313179534128
0.1734826687747897
0.1413133240028579
0.2212064377798047
0.2421177984269502
0.0895210642505649
0.13002681873394
0.0935535578623413
-0.0046091321163799
0.0537827833793179
0.068075179610813
0.0368019593108625
0.1656010087974459
0.2253650014388974
0.2775632062433924
0.3929984725408327
0.4508842961723568
0.1474794003403378
0.1918073412063156
0.1987662526330995
0.1076671230573714
0.047640663635977
0.0688800277143419
0.1338761374909753
0.177624149887784
0.1864918720988702
0.2202576254500481
0.2828617490590922
0.2691226238003795
0.1241449380713585
0.1321272227480517
0.0853240939835648
0.04263273109252
0.0870984660377439
0.1027081870332618
-0.0234510354073572
0.3883773053124914

-3.4493343204249767
2.426615664445999
-0.0414843553514909
-1.625191823982317
0.1397343701574761
-0.7614821208640461
-0.7267500854785447
-0.8694429241653556
-0.1817099891980255
-0.7097322148921328
-0.4917960656275965
0.8114959086905043
-0.377381903226514
-0.6078017698516532
0.5074849967377907
-0.6112101391861149
-0.2753381925793186
-0.4873722432451722
-0.6248582842114634
-0.8233389217036863
-0.2000966910856655
-0.2822078540375381
-0.6953048829819933
-0.0280583861455341
0.1327624713714932
-0.2631451051555183
-0.5538726739944847
-0.4161267519250597
-0.4302201449648632
-0.8610443663455317
-0.9524559762937728
-1.256102380627882
-0.2246964739161471
-1.150310849627313
-0.5635563815771906
0.8885095495731604
-0.382073466813538
-2.0319862947107925
1.5557089691123078
-2.214744842395989

0.0475408593556479
-0.0233723857141013
-0.0295518490803434
0.0022036497557476
0.0188903779006797
-0.0047900293828049
-0.0027584342817555
0.0059569495440444
-0.0076656252987237
0.0061964280746271
0.0064539829851537
-0.0047210887242233
-0.0069006653712432
-0.0009718369179046
0.0048414932955825
0.0033615862143492
-0.0026115535082428
-0.0018615763297377
0.0007448798112638
0.0049686023028448
-0.0094916251803321
0.0077443965274638
0.0066890259800652
-0.0045205973744148
-0.0070240658996109
-0.0014378487114424
0.004525027352076
0.0036462260402236
-0.0022496730042904
-0.0021927372837468
0.0007120431008057
0.0056659509099203
-0.0104468063839415
0.0011698347107441
0.0040418257138209
0.0030666747445165
0.0084898147343083
-2.480161334261834e-05
-0.0359392046697751
0.034764597894055

