-0.4807346639794617
0.043408405535214
0.0205661259860207
-0.1434326438485836
-0.1400466670086591
-0.1256486793605562
-0.1800479026768186
-0.1767198498516027
-0.0663558445605268
-0.1340292380691323
-0.0532558253686637
0.0408554708798296
0.048649568429761
-0.0153457372314845
-0.0490357863013814
0.0123854852382266
0.0365295360054198
0.0389891632289736
0.0820138738597523
0.1209648592111774
0.0350825179395253
0.0350412476832498
0.0687786982100884
0.0512885471611489
0.0378736929156705
0.0317286261337573
0.0556678105388401
0.0985517365050904
0.1259637598019936
0.1655389549841305
0.2392684960558549
0.2166296023388442
0.0603976771821498
0.2101095806567901
0.0830424453155721
-0.0988341419324083
-0.1553155911957301
-0.0493212345044442
0.1815951671407863
-0.5171321872107675

0.7919433100925504
-1.3596991172717774
0.4546947949734429
0.9979751931461937
-0.6092789142916445
0.5393972250894513
0.236225903149054
0.464509941089481
0.0735604694552271
0.5286942777965944
-0.130274159239239
-0.0868786027624805
0.3676945866058834
-0.061544179415339
-0.0305015724368618
0.1810535181735949
0.0970081297565305
0.1194412511400342
0.2623792127802725
0.3115998029404181
0.1641308328717713
-0.0759530865408789
0.296643699480228
0.2624604991390551
0.1170915926704543
-0.1948104101771907
0.0120006250109542
0.36814286214338
-0.0090352567398524
0.1630029867612081
0.0856994028121757
0.123736634304742
0.0213394948078327
0.107412569272963
0.0788718876312172
-0.0942480688553452
0.0317525215174102
0.2326187715732241
-0.1782559340605057
0.2537118483059921

-3.0234057169818165
2.6960264416091086
-0.5006045462395227
-1.9647120016099304
0.5412545550094604
-1.059470952502406
-0.7902655190739457
-1.0724405741195862
-0.2693186285927358
-0.8788066743367657
-0.2327585802474467
0.2655284489440264
-0.3034546412987521
-0.0493364624866421
-0.008389625119749
-0.3153324181573534
-0.1064251104340495
-0.1638421878657087
-0.3697307982017482
-0.4902105096190557
-0.2522108854615494
0.1101586590413297
-0.5046926569945547
-0.3345292175431822
-0.1813783454123936
0.0768222684295074
-0.1967102116025872
-0.6214483778907005
-0.2901019399147073
-0.6583065323382885
-0.6924058152547947
-0.933476605144142
-0.1830626001514438
-0.8221268073087188
-0.4837641665144125
0.6678708915274394
-0.3314734899125878
-1.72953651053506
1.3635942638424383
-1.9776288384079383

0.0047206835680673
-0.0080758349131299
0.0022643008562388
0.0040867461899184
-0.0040935531609329
0.0018793159484126
-0.0007075675782194
0.000486399573781
-0.0007903492713966
-0.0008343017954071
0.00561511316886
-0.0008476747518676
-0.0054344579144688
-0.0039929376734611
0.0049304670082688
0.0124985980259973
-0.0227167000358097
0.0206151339199387
-0.0198588318476698
0.0302428788994162
0.0294470620543223
-0.6582211988468156
0.8312166069709658
1.1384705895246117
-0.5623151831985934
-2.4948002888541745
-0.5216999749621225
6.786370386791314
-7.924080374124189
5.102120492071878
-1.3369412469461213
1.4081454421390769
-0.6121771938283769
1.2677757655936257
0.052917020757429
-0.6589000754994417
0.2594533794806173
1.166241825804252
-0.9214871907619016
1.1910982805445098

