-1.00053936629511
0.0405305179998528
0.3236765487203637
-0.2271044212570818
-0.4062049959497029
-0.1610443427647177
-0.3968761455225555
-0.3840228653163083
-0.1580313392584173
-0.2188421173732101
-0.1686610957663384
0.0207286959616495
0.0073784068972461
-0.0738683219760227
-0.1183919796653573
-0.0772585401823363
-0.0720614351394917
-0.1470203982164366
-0.1544473128675672
-0.1681544010341799
-0.0370254623972795
-0.1621440049412368
-0.0542627451139937
0.0632099025188074
0.0449483881018475
-0.0380058940398211
-0.0793542296820822
-0.047836145880992
-0.0249452542503123
-0.0774932690275817
-0.0707048302797789
-0.1452907631074671
-0.0956205477714392
-0.0119445363757762
-0.0484420994991884
-0.0903069409651525
-0.2564269482243795
-0.2753998647756674
0.3141742853792486
-0.9149479675370904

0.3688842318490199
0.0679103497439601
-0.0426837363533763
0.0611221149405513
0.2630455795478707
0.2592347200458271
0.3833721767670278
0.4611917172880874
0.2168434059158173
0.1903032867998782
0.1748543333631534
0.0916323428344357
0.0869483925366522
0.1318168597811912
0.1713165946844685
0.1777643078119022
0.1945381384745864
0.2822384361914222
0.3445098899481135
0.3465620704085461
0.1568038887364948
0.1502029212074462
0.1026939209261623
0.0430395168079879
0.029895043016393
0.057067427283061
0.105381809309327
0.1095306581604168
0.1367370703722176
0.221091936532681
0.3004725749182736
0.3308146319459984
0.1563572574000225
0.1580416550705003
0.1197618161021903
0.0705566296752812
0.0909108155699592
0.0978212321258929
0.0190634913571052
0.4122186894323941

-2.0900417220504357
0.9908443772886648
0.0097875046458716
-0.8078031639424753
-0.3801330822710808
-0.6320227921638233
-0.8545404927347878
-0.9737581525453258
-0.343348756205889
-0.4687152065001567
-0.7763413935153531
0.2540382573011892
0.2803924758856019
-0.3624628363384155
-0.6006439812379075
0.024742764404643
-0.3157391489580748
-0.5122909039207673
-0.5488035455163314
-0.7053602467350143
-0.1685638445173981
-0.3837125368782275
-0.3898683213629627
0.0779721632356346
0.0483064709088628
-0.2556242683969625
-0.5183401914950586
-0.2121898179022349
-0.4316321894460495
-0.7554419283469933
-0.8998803223912835
-1.155326544782321
-0.2092662035220637
-1.065189845163214
-0.50768119296005
0.7999584475147762
-0.3239020656078806
-1.7605556671435312
1.3133725592479055
-1.8652464230288024

0.0047353901380593
-0.0080793840389153
0.0022398110872417
0.0040800375933824
-0.0040207891420179
0.0017643451352808
-0.0005372416537597
6.794389306269173e-05
0.0004689393350708
-0.00160498096932
0.0017412444012284
-0.001325732605398
0.0003279745905586
0.002538896475842
-0.0011502917147462
-0.0057263799802724
0.0098628473787211
-0.0096741821350092
0.01064379240089
-0.0203756177946844
0.0305553368818444
0.1316846151626671
-0.3149096402902513
-0.258058606093153
0.3342811769443408
0.7262245951761425
-0.1972687924754579
-1.8661017190918237
2.726261983101385
-2.303063948848566
1.892966492025701
-0.0893211245705625
0.7492137716672412
-0.0833537305447324
0.4712971454545903
-0.2999437699184247
0.1279631106632497
0.9749916911784866
-0.7855275144487163
1.1613529169659162

