-0.3596661145668908
-0.0135015918157214
-0.2343797757769863
-0.2423770314388779
-0.2326592011490434
-0.0786274103566835
-0.1222605984050158
-0.1144192314656265
-0.0122703151751387
0.0424305179902375
0.0178687821458038
-0.0393789123484314
-0.0470739203833544
-0.0069412004018579
-0.0047235420194162
0.0012015542244903
0.0485857524710915
-0.0055723206572044
0.0191315261997304
0.07825518635553
0.0253244499607915
0.0273052476425346
0.0666713823050304
0.0928497055943539
0.1158079287343419
0.175683177714423
0.2133419446707433
0.2106604859981758
-0.0300207864211032
0.1205748950591379
0.2616592264507928
0.036856516820116
-0.0588141033555196
0.0645902905447433
0.0657614001577125
-0.0240189991523245
-0.0308811517935176
-0.1990113732452659
0.290334318281021
-0.5801344078960055

0.1142367319949217
-0.0202304146866655
0.2419931342281547
0.2769820936964842
0.3035938927783874
0.2546162495243172
-0.3989539578253427
0.4231685543667167
0.6174858061923145
0.0714962305833131
-0.6411318610346398
0.208461964294991
0.5877423077987719
-0.1914037250286557
0.2931358699373191
0.1672896348929473
0.2672988212313718
0.0299888920021728
-0.0655885893224527
0.4657822233103146
-0.053311077044986
-0.0307310348876265
0.2710000522175212
0.1640762775401147
0.2205915784691935
0.290227963110339
0.3387896569527773
0.1943571738900822
0.0072379328776065
1.0942368234789182
-1.0757902224967997
-0.2781365973045929
0.7777931827605222
-0.1380737022546847
-0.0102119678467755
0.1643467165149949
0.095238893855216
0.1581987274922442
-0.0528582905882778
0.207179992876984

-1.3321886650200758
0.2783628664443894
-1.0882786421984127
-0.8481994552178985
-1.1093476745870716
-0.2916601162411006
-0.307574711177062
-0.902025963603352
-0.2348936435362853
0.2227158999681642
0.3745348462984093
-0.5932555028462593
-0.6197627252028699
0.1649106390298316
-0.4971681974632935
-0.2934454340938394
-0.3884624947113471
-0.1541583699195435
0.3636915636785511
-0.6356500627313305
-0.1870617436437734
0.0096399791642185
-0.3134620221618507
-0.429404746528179
-0.4720842310064252
-0.727498670519645
-0.8801304112120077
-0.7434596059351342
0.1282020085364551
-2.0007626737299367
1.2466981268655102
0.2595861877661601
-1.2087882917858306
-0.272388029050998
-0.3635633631685634
-0.8878394538030198
-0.8877275802808215
-1.1272631104719049
0.2315867030191135
-1.4389652515057183

-0.5581792952146827
0.6193279554868258
-0.2955597695125685
0.1031486733681826
-0.0455435148450624
0.0409928672092121
-0.0361267658249481
0.0056645039074118
0.0087551800651905
0.0019941721002264
-0.0024850561713871
-0.0024905732221494
0.00070106994682
0.0004078958166619
0.0005926826373461
-0.0015761466852437
0.0033249160488231
-0.0020076441684467
-0.0426538911869116
0.079352750123837
0.0680620271158049
-0.1403613179265221
-0.1743203453355332
0.5287833258732102
-0.6151830726745766
0.6510369805671987
-1.1708797831655944
4.062733489957039
-13.88895855860681
19.18453504278512
-5.9181494796372505
-4.9075182156201125
2.4450054913820183
2.219227997449645
-1.449656683834494
1.1238269513751904
0.2910875900119181
0.8369480206745625
-0.5884394648903165
1.32610872875039

