0.3643078859511126
-0.3300247707688694
0.2807788145460589
0.025464259686836
0.1561500863243039
-0.017960725630171
0.1524709052003094
0.0352134434917579
-0.0913377263317561
0.0495897181872184
0.078678040029015
0.0377475876590764
0.0847172541446344
0.0771436355966982
0.1589960146049869
0.1894098148264831
0.2700442450751802
0.0605250335635064
0.1667262644218387
0.1878586762373594
-0.0048258488619581
0.030169620173896
0.2040901451481347
0.1934216520456047
0.2316013344601787
0.3698897671549575
0.4568735588602001
0.3426103108218572
0.2602708912445714
0.130990866426673
-0.3609108987467362
1.0059618013704097
-0.1865826005401544
0.0163348913093578
0.3807718536400419
0.173538009782784
0.3074496209889185
0.1407091206357814
0.281613743778777
-0.1147911729195431

0.2792420702212295
0.0670175434976924
0.1499348056590231
0.2362515459580993
0.215215370963353
0.1100372784127363
0.1302721105432473
0.0614390382452656
-0.0032415536517959
0.0239017809548197
0.0429136998139793
0.0588848458506629
0.1100939991369017
0.1196070398615893
0.1477405128069432
0.2636835033501989
0.3107657287027136
0.1632376580555358
0.176866160912679
0.1375943487632615
0.0348317866451357
0.0770665821748539
0.1607070294371579
0.208953470728527
0.2366793840196737
0.3291566342551228
0.3899149890660993
0.2722750003830435
0.1908353283736749
0.1529311069402195
0.0371832356213177
-0.016992561599515
0.0779914764050305
0.1511954774178661
0.1534264804326663
0.1892684350652714
0.2688643153915056
0.2349109443629871
0.0623616976823172
0.2786405223692057

-1.5733157698113984
0.2896818564240666
-1.0040889378770617
-0.7647000325796668
-0.9754432742918178
-0.1421115939273464
-0.8637264335638901
-0.3491777014958044
0.3642352974870718
-0.0127482125938613
-0.2241769269153202
-0.1559364131310152
-0.3353192739120545
-0.1476690812622492
-0.3298307276603395
-0.4609358251076738
-0.5598149937419734
-0.2402702180198946
-0.1867789096815219
-0.4467664202163905
0.1315870790294213
-0.1786547676281636
-0.4345281211844529
-0.3794280435795105
-0.519045288583883
-0.7941756421011681
-0.9624960105112772
-0.792425951815086
-0.2018454435937094
-0.7527355976851932
-0.1001935077098804
-0.0471926969027913
-0.4317488988495294
-0.5965042940089553
-0.5182000642314677
-0.9164178534411356
-1.0412459300200954
-1.218099364656398
0.1718172267048191
-1.522191611777789

-0.5543305318778248
0.6161649256832857
-0.2946533396777411
0.1031202165823837
-0.0460642075273455
0.0438303421991545
-0.0427742830108204
0.0018542747749005
0.0153430568966837
0.0143949069375111
0.0002764267751634
-0.0248432365791093
-0.0204478113215961
0.078526871205749
-0.1021641430863344
0.1369897226216867
-0.3252763382646335
1.1789185516335787
-2.219384723824726
-2.298873476792371
5.396167584660872
6.967354751781139
-20.728823744291063
17.95643977928068
-7.226382711531623
2.753474610959397
-0.1504400104047572
0.9133272984159074
-0.4724616415193355
0.9701901355588816
-0.0019292934250096
-0.2276457436628864
0.2922484084545269
0.4185947900264526
0.1561512008088414
0.5285377835271151
0.472011209561857
0.7597258582141665
-0.5231289954693815
1.2896352936110915

