0.3027570111756304
-0.7079269267077566
1.036075399916274
0.2184107412875022
-0.385621659106552
-0.5966973920521504
0.1525743965345653
0.4768622840734091
-0.0073177588542631
0.0077783761994259
0.2368899007967512
0.2456077306470106
0.0758285415567767
0.2827300080172328
-0.0804993052082396
-0.1461945898658378
0.3296715738302034
0.1064752401571695
0.1845680879015686
0.4103099848957415
0.4691900694068524
0.1575507361090987
0.4056432279504323
-0.1102338294308922
0.0869212661506552
0.2278340093866242
0.16282733959713
0.4314261155588209
0.5610297587384535
0.6629093826953991
-0.7671773135172374
1.9234805029617752
-0.0854136343613224
-0.7701726911304418
-0.2314428291059438
0.3857704037705209
0.1581671870258319
0.0720426033955384
0.0717075638448783
0.1166454226872324

0.4006235142739759
-0.3689455919938642
0.9474549548270008
0.0194359568824286
-0.330828338875668
-0.4980634567037473
0.1915757158637309
0.5638194329025574
-0.0201612113792986
0.0815315188084286
0.4027098523435569
0.4167141063315329
0.2216202831869952
0.3479332582693535
-0.1464692592590316
-0.4520609590648756
1.241075470742279
-0.4485353511825221
0.502458456450118
0.4891314860637885
0.6117613019934302
0.0432330360026529
0.8859980754813442
-0.3753334681581696
-0.2380887450584945
0.7525766178591831
-0.1498518996007573
0.4132627567383292
0.4078670765150783
0.3941008498755873
-0.2248451659944478
1.0091499475308832
-0.342382254051979
-0.6167984399166987
0.0971068283421426
0.5743945736196945
0.015672740834048
-0.0092343541164037
0.1895732996866246
0.3055865210471299

-1.608188329564048
0.9463854388993532
-2.538081975517408
-0.4464613060613184
0.8046939447423253
0.5217213776906772
0.2039768155350328
-0.5209728189650137
-1.1830216861835734
0.2141655142706803
-1.071543589886219
-0.9418521290508284
-0.5088133314991481
-0.5755515728497325
0.0779521301299452
0.3126042626031134
-1.0931342557983814
0.1422190326077463
-0.6100282845779453
-0.9126471124905547
-1.075173835092719
-0.3430810343636549
-0.675843763854338
-0.3281674167551838
0.3799932419442617
-0.8562038883935352
-0.2558700873262686
-0.9690975935021994
-1.2717087792045876
-1.1799174043082628
0.0198280450489922
-0.7668073180531316
-0.5791397065195164
-0.0580061780570266
0.3265360444653664
0.1043172017881148
-0.7309254796360148
-0.8089323577490161
-0.3473165139599357
-1.466900751679712

-0.162910262095495
0.3936048646805841
-0.8298608629431403
0.4159011539305341
0.4881512063942785
-0.3175188465534872
-0.1966547893791564
0.0755156766880336
0.0935824088403532
-0.0535113274759247
0.0142639292207705
-0.008702304780086
0.0360802291579695
-0.1189986819285386
-0.003834910715193
0.477675932127804
-0.6353564436272556
0.3274943702430893
-0.0955666337763454
0.0212163770095214
-0.0059847167243196
0.0112453061707819
0.065164448026373
-0.3205897604128823
0.4470597169985825
-0.1981777061114883
-0.0841392643255463
0.1602068646752002
-0.3580203936950537
2.282037757584212
-11.237913809606146
17.766310167719986
-3.167559735713356
-5.623692038468104
-2.0400990560559498
1.9098126057737552
2.514420515351952
-0.6608300739518107
0.1450399016865635
0.928915475393319

