-1.0324089123073434
-0.1832841675930659
0.4803369267251367
0.2504840548445589
-0.4093009340786578
-0.3870262691071814
0.0135561177612554
-0.3139592034553383
-0.3087609924136724
-0.3536187608793936
-0.0982009000326218
-0.1874702618157252
-0.1949587752467508
-0.0433051573495907
0.0313310957793791
0.036153919509793
-0.0551205235039981
-0.1579172825193848
-0.0513504253830889
-0.1097103090960854
-0.1393115981420729
-0.1349427173032472
-0.0534807940574242
-0.089217634308536
-0.0292244207818233
0.0182059416195606
-0.0146226106042884
-0.0630969377824465
-0.0577986361125533
-0.0424557354151864
-0.0812813368194399
-0.1376774651636712
-0.1894709849132179
0.0333778332956677
-0.0567284552555264
-0.129806072828071
-0.2807328535004271
-0.2199278372627645
0.391128446029962
-0.9696930219052854

0.3977278388429995
0.1007426373624791
-0.099901190401154
-0.0994225367729022
0.1565431553310365
0.261384447072272
0.2027039522125626
0.2759858555308113
0.4233807162629192
0.4746407216619251
0.1819283001106059
0.2035479998729418
0.2123862057238993
0.1383640590877448
0.0942719700032704
0.0695292872551207
0.074150831668674
0.1604133179660325
0.2082005617822352
0.2293895938440973
0.3005766396874064
0.3157931640926044
0.1393804412194959
0.168747913351922
0.1221754044024954
0.0383824788756743
0.053508701667062
0.0928733324044914
0.1471280341704717
0.2022102877774924
0.2823718068548508
0.3518345239558124
0.2609917029552184
0.1191113479472667
0.1607537627378255
0.0996392913357419
0.0806776156163268
0.063394524889313
-1.3460473335770491e-05
0.4247621280682578

-1.891738990407408
0.209075976711553
0.4802020605524947
0.391952432848745
-1.0570981367205028
-0.5531965056111193
-0.0348948141347814
-0.8421727613164894
-0.7033364538854643
-0.9451646878109028
-0.1885406202873622
-0.4985721842677051
-0.5739154937572597
-0.0445591391546458
-0.018888169796036
0.2289844975769292
-0.2300414485182961
-0.6437965401752819
-0.0307175315079069
-0.565852089043778
-0.5479338227048964
-0.7317265167238274
-0.2232219441419644
-0.372696280357696
-0.5120635474152049
0.1430602136098417
-0.2022522501897918
-0.4568242291576074
-0.4291929959097109
-0.5982930739692914
-0.93685342930682
-1.0928271407184391
-0.901717409202172
-0.1453206601742753
-1.198166798951189
0.529699615213839
-0.1226527649309615
-1.480384708510353
1.2294885483350189
-1.866233826908404

0.0044380379018592
-0.006546873838608
-0.0008616075084232
0.004302603950373
0.0011506582672871
-0.0039079433203993
0.0021145569632785
-0.0005239188827403
8.499483693839e-06
0.0002449861550506
-0.0005669229808241
-0.0006691751605665
0.0033323460396473
-0.0004686797164719
-0.0022968254932332
-0.0016920801186638
0.0008093318409752
0.0047963538021837
-0.0044899490269909
-6.305969666195587e-05
0.0055186920140868
-0.022867656831459
0.1430939313755687
-0.5634028358201826
0.3735795931406208
0.9003320248034239
-0.5751725657501814
-2.006883295796751
3.603073664779469
-3.167445323809945
2.2768105747992604
-0.1123640066601699
0.904051485411676
-0.428348369308594
0.9602780403038088
-0.2827476049022983
-0.0087060346837637
0.8789246343022439
-0.767773965555123
1.1719381229395085

