0.5548837158811899
-1.3672669165258684
0.6398924422921436
0.4114135356913583
-0.2377898835852375
-0.1723235733019374
0.1757097077149622
-0.034684923102299
0.0532877205336586
0.0516870603593791
0.0405227716676975
-0.0401370384539175
0.093865535280368
0.0242766616920741
-0.0237379029475094
0.079169693666452
0.0209006324145032
0.069824773049571
0.1495921326340013
0.1495438328831611
0.2311516149725096
0.2854373385374253
0.0855535591759639
0.1747992215068858
0.1882515827384574
-0.0672234595585874
0.0751961038592943
0.2163508756252802
0.1575163696288355
0.2364950738300316
0.3335449262575367
0.4476556264297514
0.2878021081619742
0.0822225884252389
0.4793512850303745
-0.1792774950713312
-0.2155877470367583
0.092654099197147
0.1797138274172222
-0.1962369720122872

0.4712458822647396
-0.0419808063020529
-0.1056528557064176
0.020816490527119
0.1139043865483943
0.1390194137953364
0.0947683153512765
0.1521233905021863
0.2019756025328093
0.2432988966062147
0.0682205580250252
0.1169331427674878
0.2106523182309272
0.0113463991169887
-0.195453427174486
0.0776105419778349
0.3006063256324014
0.1945057472056945
0.1312006804002523
0.3421854185239612
0.3740696284492065
0.4640466473950007
0.1639545627455092
0.2915260488369706
0.2105315752537681
0.0214445076039968
0.0461451916086862
0.1810550805109321
0.2159367233314735
0.1723997049236688
0.2771862643491083
0.2784541419571585
0.2214858696012452
0.0788305339085523
0.1325576851810904
0.0580010532920156
0.0860448384382764
0.0966410493887236
-0.083509335451336
0.4232106146393687

-3.4191647646908283
1.7692077407533624
0.7746534267348669
-0.6247973490328793
-0.9744030378793228
-0.1449840286070818
-0.1716411579602623
-0.7150552204546128
-0.560964614218491
-0.78321174684902
-0.1295784068434172
-0.1197992182459966
-1.3734952470891566
-0.0373088792371728
1.801031391559259
-0.4472463510608259
-1.4827233482422737
0.1867941878652301
-0.064850226388178
-0.7924623998112665
-0.5887527837765794
-0.951943100581015
-0.2422650306007605
-0.5207247123235096
-0.6578874953534646
0.160472990269345
-0.1305980696822962
-0.678594730944318
-0.4693873971548754
-0.657380335788825
-1.00210396474856
-1.18373843464482
-0.983002871436465
-0.1594677364175672
-1.2899292238055753
0.5912185930515516
-0.1899289089258862
-1.7141444677712752
1.489088411748828
-2.2319423157253526

0.0472820161790418
-0.0137263874111591
-0.0290885450351996
-0.0151578214521679
0.0081769819833304
0.0170738227356936
0.0009611073627993
-0.0086769520711734
0.0018006515050508
0.0050778735168546
-0.0096264808777668
0.0077188278501632
0.0067068281955983
-0.0044606068833951
-0.006955200116403
-0.0014105909810648
0.004468940636602
0.0035305210030331
-0.0022642168319197
-0.0019632815486331
0.0006804861856453
0.0041582954242399
-0.0075865232639213
0.0068798781769374
0.0041759874126904
-0.0059550358124168
-0.0042839357291957
0.0033994170850073
0.0036331461930637
-0.0031041603903072
-0.0007936518847371
0.0035123151471787
-0.0015732616521763
-0.0097457483940398
0.0089592820911765
0.0083029494134565
0.0063783897271057
-0.0066523830572881
-0.034534255261548
0.0373845323719961

