-0.3730014909274718
-0.0733327681083259
-0.0241669324638067
-0.0275704994870536
-0.0280474619686501
-0.1313122152869157
-0.1153168164079583
-0.1322847054797994
-0.1493682421396096
-0.077333271045126
-0.0858239893249815
-0.0365741170385391
0.0193378990421737
0.0079681307272996
-0.018333410053666
0.0052205358962251
0.0261715463944866
0.0488398326600117
0.0891872846662036
0.1167354748908376
0.0200908414976455
0.0676891625224563
0.0588056430042991
0.0423124423994928
0.0562347058368259
0.0802905105519125
0.1138517593992672
0.1581481081673804
0.2258735828925854
0.2625335787478664
0.1127062634542802
0.204428045230861
0.1320605441118703
0.0067071277017831
-0.0480212498109629
-0.0543770929167748
-0.055881228145669
-0.0453897895182505
0.0620377468359921
-0.4507128144161807

1.0086421620815562
-2.09217418116889
0.4270666941137009
1.9301083918863893
-1.0023723708958927
0.0599009008393742
0.4678478819065941
0.2262733404533697
0.4151548466078121
0.3166076594283762
-0.0651763570084855
0.4054325613570004
0.2451607388333773
-0.3019097496033705
0.0655710702849591
0.2990329302803951
0.009924835894633
0.1875148328689422
0.2578689383989117
0.3410111966648287
0.0030833130602199
0.2778023800152856
0.1573993874781341
0.0095031625544015
0.1423881734498084
0.1268576272495081
0.1584399205477872
0.2027070755431846
0.2311487539783116
0.1945723333930448
0.1216135654382803
-0.165744547071143
0.2110645971816523
0.0997618949970327
-0.0520797614920153
-0.0737680747594052
0.0598192975484317
0.225231506441216
-0.1493447027295748
0.2419091396872409

-3.1464373956763985
2.9113763214067023
0.0019643003970242
-2.223846962779014
0.2784705148795805
-0.1054190215206344
-0.8651034603034057
-0.6975628684140444
-0.9134643293556493
-0.6459843734365227
-0.031152658208904
-0.8865496966925523
-0.1902155495593608
0.4543542594950117
-0.1158079440923904
-0.5425423057034076
0.0291607033463566
-0.2668422666551829
-0.3609618627984272
-0.5380062790930943
0.0151911823165964
-0.4271993772488833
-0.3028657651183666
-0.0404065039002498
-0.2958187948378871
-0.3693601568730619
-0.4096995760871428
-0.6469345904586373
-0.8157771743617767
-0.9388556226401208
-0.4338411984570438
0.0448303687900739
-1.0083804397042186
-0.2099599133420446
0.2905296590528078
0.172138282177094
-0.5256372263259509
-1.4594175454009104
1.0277371515179203
-1.863543704424964

0.0121420988422349
-0.0118277336948375
-0.0069570063517719
0.0057865680643478
0.0064407789100543
-0.0056618521803174
0.0008136520481354
0.0005765975894829
-0.000612307032678
0.0011067791300389
-0.0032134656282236
0.0050720662691141
-0.0017609183297892
-0.0026841899737643
0.0015737748374164
0.0013520293890009
-0.0014932278234644
0.0001797317593286
0.0014867051207238
-0.006471870055939
0.019441769446504
0.0064363908127346
-0.0548768952248343
-0.036260718145981
0.096428229852599
0.1242174792594518
-0.3914297793820724
0.4988819204481011
-0.64144718143992
1.1947922793158556
-0.2366109908428222
0.6893919886969211
0.339347712778551
-0.1084319632601598
-0.1773622973034196
0.0789449743692998
0.429410566635446
0.4825442940454074
-0.3456589732863591
1.001911039736226

