0.5726880838500493
-1.365410952131612
0.653077497011609
0.3543152265690739
-0.2855946573748104
-0.0313944706463854
0.0900144151724
-0.0065803420417876
0.0514973109337471
0.0433900568683099
-0.0121062525963669
0.0343887834717003
0.0598602100805664
0.0150417602423163
0.0099971077313948
0.1098300581539714
0.0689919603872285
0.1646642342271004
0.2113055761597866
0.2591285042195999
-0.0006154058177258
0.2727079808527872
0.0480883620816356
-0.0284995486036927
0.1066753867365224
0.2230880375556901
0.1052076955672505
0.3067079700024526
0.3077317138147739
0.5077135552558462
-0.1419301727241903
0.7373561098984671
0.3967134195321594
-0.4082527611796768
-0.2568262453383595
0.2074460534830927
0.2546313068140705
-0.1784863464724529
0.0866444888576209
-0.1008231291769695

0.410396550755546
0.0140730705034627
-0.0762234818120457
0.0094118183586918
0.1132471798103201
0.1501489462927997
0.1215695144446493
0.1869412160118527
0.2227828716781977
0.1604868183581764
0.0866351151867304
0.0812564773088387
0.0922432249189805
0.0569821043619596
0.0274331176432111
0.1858963752266959
0.241810964875605
0.3097278400428542
0.4304302689979793
0.4367291496564717
0.1254992209512849
0.2400367729163807
0.1604836435237139
0.0849789169890629
0.1066005164580774
0.1891026389949939
0.2374424701158591
0.2734787235778392
0.3624735018755444
0.3477223999927499
0.1983841059676189
0.1358529937439731
0.0770073378614991
0.0068178634648164
-0.0007888713470622
0.0644985974741774
0.1462548304415193
0.1383305894811185
-0.0461818598740907
0.3987495636040974

-3.585711655929537
1.9117336257209316
0.9183681652720403
-0.8533393298864905
-1.1097350291307573
0.2163507807389513
-0.6612597962405969
-0.6191201297713648
-0.7129221908361315
-0.503200132777468
-0.2255674559801029
-0.2764051351242894
-0.3206958145451802
-0.1110102528213774
0.4356188870587634
-0.878499451234907
-0.140066653644074
-0.6044983795620695
-0.6592225005370701
-0.8537213500241498
0.055386111276782
-0.8330343194690427
-0.2565930915544749
0.1374952884235775
-0.3460350223130597
-0.6541870588730679
-0.3842452049631795
-0.83681538122597
-1.0000671133138197
-1.2390252607269996
-0.4549398664138072
-0.3865540319856352
-1.1970944767413445
-0.0042881271868082
0.4188110804913943
0.0689384790784242
-0.7046535008160207
-1.5549203129369151
1.128083398156344
-2.088648290700072

0.0495054161657851
-0.0128844083052212
-0.0309094040252416
-0.0158639918799093
0.0107687405552836
0.016774343165601
-0.004982109185276
-0.0047414136333806
0.0054894852647189
-0.00248068326425
-0.0007338029083973
0.0070817570870012
-0.0033483504579616
-0.0056794260820165
0.0012950929028428
0.0046786904402771
-0.0012000445799288
-0.0024966534666692
0.0019940857385324
0.0043449845416122
-0.0087921097759866
0.0100113233888291
0.0007816404198329
-0.0068146064166016
-0.0017807275549788
0.0047284071513265
0.001494761661557
-0.003648702430988
0.000653444129962
0.0055497994741619
-0.0061224393228482
0.0049342952212114
0.0026047870183359
-0.0085283897335565
-0.0070457211843355
0.0057188309934634
0.0169731530123101
0.0047376148741376
-0.0419976682573471
0.0349636382287353

