-1.0174055043173236
-0.012900398099051
0.419736927087305
-0.0934089866306746
-0.5231052142445914
-0.0287465431768989
-0.3023111225774552
-0.3399987321062586
-0.3831863626806769
-0.1422658437626685
-0.2120877395294362
-0.1633218360385865
-0.0009839728556885
0.0111635929281612
-0.0650495663014267
-0.0784236712837145
-0.0636849473372931
-0.0998526362150495
-0.1219434507550037
-0.1468535243727464
-0.1562138313185035
-0.0319623531064589
-0.1481977284687039
-0.0437779050585529
0.0633731135421045
0.03644883868204
-0.0409011087713455
-0.0835199446198531
-0.0564551513733232
-0.00379754370125
-0.0671197493369118
-0.1265907915703258
-0.1939354923169705
-0.1349710038808407
0.1333796985363086
-0.2341928558472903
-0.3987921439675397
-0.0915698300664496
0.6147142495928929
-1.1401282286942012

0.3687794120625829
0.0816556289713829
-0.0518882180326636
-0.0043515937357671
0.2051529849639761
0.2473511892689779
0.2634396759886552
0.4121434855935083
0.4788773595541721
0.2315053533299053
0.1958858256179373
0.1777254750294121
0.1130074702300619
0.1016062842606238
0.1231307464201817
0.1343296870951826
0.1421800439372048
0.2047400302927373
0.2629843560319117
0.3232328981045319
0.3307213502676855
0.1321802167993079
0.147260407421592
0.1237334088876377
0.0538726594513887
0.0261755790136221
0.05320170906617
0.0703387782921932
0.111915773430783
0.1761800801691028
0.2261217426792006
0.3027681399974731
0.3300396189241225
0.1435165089362449
0.1892055246062755
0.1601255519609203
0.0539292891420436
-0.0217482541853367
0.005385796179709
0.4274069931442827

-1.7253360129374076
0.3514630166006733
0.2089921725086223
-0.2215916558214735
-0.8506321372674112
-0.1884474986211829
-0.7296565999887734
-0.8071702355695486
-0.9629420684146994
-0.3428658849771955
-0.517062056646214
-0.5297903988122855
0.1259675103690106
0.0509070340634552
-0.3211311615427235
-0.1917168146888498
-0.2016033774706458
-0.3414127761348021
-0.4672953908823185
-0.5779837495799507
-0.7078461084339409
-0.1821492213256304
-0.3263995752678498
-0.4505346822388161
0.0022801428649459
0.0671648630838419
-0.2921473652110911
-0.3680513843400177
-0.3598320770553684
-0.4300421862591894
-0.8101936151286037
-0.9150044488468868
-1.1069908721271848
-0.421416039406889
-0.4617602721123301
-0.5622766330342414
-0.357984119977829
-0.2376017554279674
0.8353764317065749
-1.898824707385448

0.0026361339225355
-0.0047825982933881
0.0013783391257965
0.0026292436269564
-0.0022210847039787
0.0004362767113933
0.0001782547781755
-0.0002037860511029
0.0003146428163654
-0.0007006906854001
-0.0008148215144628
0.0055191620581706
-0.0008563189972799
-0.0053883494494321
-0.0039642357817255
0.0049142445434354
0.0124827697107598
-0.0227201933152245
0.0206342292380058
-0.0198776489543126
0.0302470777770238
0.0296823830542265
-0.659325972773077
0.8314079767749096
1.1398479479721142
-0.5613596952690655
-2.495832717867255
-0.5243066628057841
6.786797950796316
-7.918012438593513
5.091745992089794
-1.3213228218583135
1.368780605156369
-0.4545165715981655
0.871440275426106
0.0347610029696735
0.0894578485300865
0.4089633204822383
-0.7427389260554745
1.269950349760048

