0.2312939074021781
-0.2305194313118158
0.1867224542161583
0.0981897167510472
-0.0214036348401151
-0.0219323200914934
0.0366343225439315
0.0582319576609913
0.063462110354279
0.0912298918528624
0.1284955514328091
0.1680348945964694
0.1203846373114075
0.0590619072974444
0.0954289489511641
0.045838640027548
0.0196513145597927
0.096992850263713
0.1791361126694358
0.1575103635815058
0.2702507157593658
0.3492223960410025
0.3673424676685118
0.1062124308357956
0.2445174278910026
0.1213952478455316
0.040939346287806
0.1204052660723122
0.236188694809616
0.2481872568263074
0.3351882004788901
0.5112994205747361
0.49840826568372
0.1878618544649252
0.3278398100070875
0.2097705968985645
-0.0388842603449039
-0.1159698373126757
-0.0298659613086253
0.1514058718139878

0.3639784478417303
-0.0554456964659279
0.1308900360052209
0.0865574057147306
0.0071760938436412
0.0268288938567546
0.0852895935475426
0.0671325641840209
0.0732791649888057
0.1481454750021651
0.1753496843845802
0.2061070095242554
0.169736623192005
0.1089350325720543
-0.0202223156219237
0.045547417545103
0.1618158542644715
0.148778633885701
0.1249158294435681
0.2130053742979449
0.2801624023744184
0.3827632587576152
0.3748938001823984
0.1415034267815475
0.2462870265543351
0.1199049164176094
0.0307428987598124
0.0812626760150636
0.1607956950220312
0.15893583008644
0.192416498720499
0.2465130791535489
0.2811673425364782
0.1055791890951426
0.1939937069459941
0.1498398196160049
-0.0237346995755678
-0.1205770673554728
-0.0220077537803867
0.4386867467766326

-2.0114819270858995
1.870034637543193
-2.7096285848588324
-0.3994250595870145
1.098765056045068
0.3303973931035283
-0.9411194121913624
-0.5371058486041077
0.1794561103427952
-0.6152209219418708
-0.4258879879492541
-0.6103876220476572
-0.2067075161806549
-0.8355858032101339
0.5984827358524286
0.0949148428116523
-0.8419019302540637
-0.0695371135129426
0.0835722598995163
-0.6247270928462442
-0.4424450410358888
-0.7322413011613307
-0.8469042781675034
0.0376648773006992
-0.9613518739317464
-0.2019325504989016
0.2559948264473297
-0.3906889019288745
-0.6870470262982367
-0.295620766480896
-0.8161561502298542
-0.9481476820690486
-1.1670087091464802
-0.5271692130529708
0.0424881791370947
-1.584903426128878
-0.5545124188753874
0.9679301983510852
1.5252963170125238
-3.043087183373708

0.0014528805704643
-0.0059671121766903
0.0087323542434483
-0.0012090359593225
-0.0045498087581605
-0.0003178016296916
0.0028327214331589
0.0001007112338388
-0.0010975636910451
0.0002429260639825
0.000256108089067
-0.0003169532211585
-0.0025654553213597
0.0303157886736767
-0.0672308739376702
-0.030911621472405
0.1252397525183536
0.0766527474390601
-0.3668068378146926
0.4424743275831204
-0.4087808083294861
0.5434944376505013
-1.3605593787393468
2.8677945107530585
-2.391429990796493
0.875438947142314
0.6798600184380923
-0.0395725781748767
-0.0318086233124569
0.4896215410629414
0.3347952793247428
0.5308554150939581
0.6014304412704794
0.2772148108154935
-0.02259349150592
0.8239475420843827
0.2995619796986645
-0.5205806129154266
-0.8874218084873623
1.6822772587740094

