-0.5048913538791342
0.3804151349235719
-0.4596457596530208
-0.3597050605916207
0.1798133557220877
0.2156845883765027
-0.0686764336547059
-0.2342673451341935
-0.0197506048567752
-0.0450682465523856
-0.0984658359490254
-0.0736329351305362
-0.0296189917304126
-0.049217977040875
-0.0615130897955124
0.0562484140483142
0.0399115185214748
-0.0130927816165748
0.0612829948477119
0.0655706917516702
0.1014510581672084
0.1427851334325805
0.1720227728164127
0.0108631962396852
0.1652582542701929
0.0574477306032627
-0.0214095753659974
0.0704098401796405
0.1386132464158094
0.112828484962119
0.1959668116828732
0.2044808434029433
0.1783465624190214
0.0745851426446076
0.1679212399473066
-0.0779393841134797
-0.1095512049814318
0.1486050977897712
0.2655984062119413
-0.7510997996737846

0.532577153640946
-1.1750699562321716
-0.0078046633347008
2.2454639015974225
-0.4757683786117699
-1.196475483695947
0.1367047810034436
1.031423184282791
-0.2177335873377239
0.2681985369231591
0.3212839585014689
0.3225636601452017
0.2779545385245571
-0.0095118452325816
0.2792566312829621
0.198993679514471
-0.0393668733369912
-0.586048090840684
0.8544935222698453
-0.1294471168473393
0.3538464301237787
0.3215469323944483
0.4322274112660742
-0.1036217679261862
0.7102478756858404
-0.0206835771286348
-0.3519752992797709
0.2501367637461952
0.2872120656857909
-0.0574983347078376
0.1053377544374706
0.0988981425038758
0.1305949342718745
0.0616057812941825
-0.015409197047454
0.1964153721198406
0.0676985936254694
-0.1178638184717835
-0.1857039965355496
0.3595466232771426

-2.113949059494564
2.7839332144694096
-2.2502591277231785
-2.607884422042894
1.2883322062743792
1.506077070401198
-0.7098674414123952
-1.5661907941363775
0.3330585514232299
-0.650101882971515
-0.649183194194436
-0.6927221935345116
-0.4908283691588253
-0.1714167521328644
-0.3149992068936036
-0.3563114171463829
-0.1319846960429368
1.262199215999211
-1.414865047385957
0.1731684517868102
-0.5675823926770006
-0.5850823775196334
-0.8109727803566518
0.1406426496023745
-1.0891029571225723
-0.1537018455258194
0.4344232742097434
-0.4583626424065872
-0.721948288551942
-0.1703619483436897
-0.6618562999194818
-0.783683659937586
-0.9786637800092434
-0.4737736079575227
0.1316633641097098
-1.412680695292014
-0.5764535561743104
0.8264425188620516
1.451027842114829
-2.759348850449484

0.0014006441626491
-0.0058778594684547
0.0088871704522673
-0.0013067932970036
-0.0048526169759613
-0.0004610067206215
0.0032398197766726
0.0006381247015044
-0.0022719219402903
0.0011052999711636
-8.830550001241433e-05
-0.0006438300694942
0.0025218652129694
-0.0057313459475435
-0.000362829801154
0.0044526155935657
0.0096808670933818
-0.0055511356235324
-0.0303276865092001
0.0583489449178936
-0.0704516261901514
0.1114221822750039
-0.3370220402448337
1.2417568086023054
-1.4665255713509642
-3.0495545748775177
3.485167350114463
8.19778962852253
-17.232527044373715
13.268677353339395
-4.824676297611463
2.1302765592275508
0.006225524161851
0.7584583785117578
-0.4906473764067768
0.9429924296621912
0.4281147987231291
-0.5248448755370386
-0.955490110272278
1.6956446003732824

