0.9780806526660089
-1.482094628936595
0.4903591451307834
0.4067750076040791
-0.0744663490926236
-0.1164890067478161
0.1566378326885401
0.0689078751188143
0.1197358351103073
0.1504947905557758
0.0660010654057088
0.0234175789809009
0.1687481590935512
-0.00709896698191
-0.037915934852192
0.1769782555873585
0.0980888467281233
0.1613928827509295
0.2727748790822423
0.3149513259208676
0.3210560105650363
-0.0756810450516582
0.444385969818863
0.039895072546713
-0.0908111548539254
0.2093665618188714
0.2770013991392265
0.1870455481043626
0.4036352692572977
0.4644211449595663
0.5199138757925664
-0.0211247089855028
0.8123856160188317
0.1337001462900236
-0.3809486303412649
-0.1402304002597603
0.2998694160371918
0.2903151102357178
-0.2391181380579934
0.1982653260995962

0.3825530879684842
0.0415535321214351
-0.056253265625638
-0.0110490438956878
0.0679194345197271
0.1336773443916329
0.1207096317302742
0.1194331329730684
0.1907278903240935
0.2118207017301061
0.0920079564967424
0.0946486819002136
0.1274011579855611
0.028428105951781
-0.0475100372069938
0.1317464109140891
0.2214179540639634
0.189625067046755
0.3071356096629714
0.3878682032921615
0.2780867618068227
0.1231207445608607
0.1985479091864533
0.1166613791352847
0.0640177390976981
0.1103588258941836
0.1791461740819973
0.204099518758344
0.2582162200725366
0.3065962154947855
0.2886324245846445
0.0741296630075772
0.1301552778860785
0.0791430287191268
0.0309791620824202
0.0525072079065241
0.0946235854176651
0.0667822515120794
-0.0319135750687678
0.3880631366567033

-2.957460367063426
0.990131235979392
0.951439902537749
-0.2912182932951646
-0.9889722957531056
-0.3343556191896024
-0.0351895811878699
-0.6991755639652282
-0.5279239253250645
-0.6882885844543296
-0.266733177372451
-0.0398080460210771
-0.8962033352758499
-0.0521117494771903
1.041196001674986
-0.932809681175068
-0.3490951333497938
-0.1436207943869521
-0.6025585479845332
-0.6113204915402387
-0.6595755974105336
0.20833040370928
-0.9399711007233604
-0.1092375832264262
0.1338375350024981
-0.4156557674727598
-0.5813255623195761
-0.3980645449500508
-0.8533931383633299
-0.9359441840722444
-1.164184988046404
0.2506787396267668
-1.5985111941826953
-0.4125563140184072
0.9215357213166036
0.356326363247312
-1.2657566869894967
-1.560256101405296
1.9652255772106404
-2.425828087378337

0.0045176043379709
-0.0063762574405691
-0.0011152495800677
0.0040443109861732
0.001334214606308
-0.0035964523149796
0.0019039429996476
-0.0007601083277523
0.0007555022483243
-0.0019312596736458
0.006937621266168
-0.0117927205980054
-0.007762511835581
0.0124728156980138
0.0236768668751328
-0.0142567089001685
-0.0554636482082898
0.1099744134828306
-0.1524846909141089
0.3264836635682823
-1.5022118693315645
9.033004718948442
-25.87761861185944
26.142441600689075
-4.271071597854726
-6.900882480375174
3.884926908014443
0.177248299141817
0.1262528443190918
0.6809095229782255
0.5504889182371243
-0.0509176139637126
0.8336456054458815
0.1975193168201095
-0.527018624775401
-0.2060440993948969
0.6897514274106287
0.8508016624095444
-1.100625890472858
1.3084852858059326

