-0.4051791929131113
-0.0324883733874633
-0.0309245659281605
-0.0474784787745665
0.0110120632927039
-0.0974400391546248
-0.1255548596350388
-0.0890323169010067
-0.141053348251236
-0.1137881891756266
-0.0554467952928586
-0.0776621022276878
-0.0060721526825288
0.0141924963698908
-0.0070332785060953
0.0109157189312821
0.0152920909264385
0.0402378839383485
0.0817515695654415
0.1155620488146845
0.1092109207025957
0.0102560091487886
0.0884008901908843
0.0610411118777362
0.0411756240853179
0.056243941183098
0.0961445121276939
0.1344567479904913
0.1838896532598531
0.2530918632459694
0.2467349049096877
0.0629813904385216
0.2399087686219708
0.1109003733917295
-0.0486430342396166
-0.1268164650314343
-0.1134296069572751
0.011787362184377
0.1805672658852402
-0.537351573150364

1.0635459278207058
-2.321440541741408
0.3716569368670033
2.3064877271273008
-0.8369391109597807
-0.6416861513764119
0.849116883058413
0.0589060066005733
0.3974791674080318
0.3966167947686683
0.1038127770326012
0.1678728093988913
0.5158412355180032
-0.2834809240769461
-0.138674000183367
0.3156307885063822
0.1039899844398461
0.0327515593172727
0.2963062579517753
0.2885227809181468
0.3472838056667864
-0.1374930269602168
0.466692138532404
0.119632979278361
-0.0181760085941019
0.0341137143985997
0.2430701462850708
0.1174371573959714
0.2047837784713191
0.1790913062401184
0.1487381998952831
-0.0635820357113942
0.1733590389952253
0.0784564521764753
-0.0887276302782424
-0.0577332318794443
0.1285034147455706
0.1928987962441343
-0.2264696560013289
0.2783645176807476

-3.117783601311148
3.046750044309461
-0.0266690431982434
-2.4178681789448
0.2485589814521956
0.3050304066707964
-0.8887927245558963
-0.5744462066782258
-0.7905290152450519
-0.9035601031464252
-0.1864552273391973
-0.562582272559475
-0.8065180186024866
0.5026987833192287
0.3362053730725043
-0.6490468042393797
-0.1497240738964805
0.025505201013811
-0.4529561232350851
-0.4354777203552482
-0.59429874777192
0.2676810109698927
-0.788251550667304
-0.2201709051918516
-0.0105280391121397
-0.2159071149492146
-0.5422389125625758
-0.4078671811191245
-0.7463512210283649
-0.815282759443792
-0.956608811397498
0.2381710820016001
-1.2750281127986052
-0.3914247590626146
0.7291255350141136
0.2962157089394762
-1.081309810241402
-1.383989314885419
1.7417046008667971
-2.1773816610397256

0.0050821520178489
-0.0068812509512788
-0.0015596642901623
0.0042334517299533
0.0018670834136132
-0.0037078100214694
0.0013732027987894
-5.154673503408058e-05
-0.0001491267042715
0.0001972620190138
-0.0002994974288633
-0.0003182995697243
0.0016940930982864
-0.001181001133224
-0.0003492684521822
-7.219838335124081e-05
0.0008842280848463
-0.0003480293008687
-0.0008680526504741
0.003700862240362
-0.0216643224202217
0.1291904487639841
-0.2397532471785675
-0.1311088927710574
0.4265900610964655
0.3131214691510596
-1.2809869105321594
1.4689606269816224
-1.2702866533826065
1.3714559935723465
0.1873063248965181
0.3709486410164292
0.4497086802900905
0.1843282663502667
-0.3734318706838066
-0.1229722789951695
0.6182710863230674
0.7330508783713356
-0.9776843305594028
1.2688670895759653

