-0.0268338568795541
-0.0647770143922031
-0.0123406768348805
-0.0049910426734345
-0.0385531100677987
-0.0041845958145286
0.0652246068384014
-0.0200348758358279
-0.0376023374453957
0.0608021416758497
0.0389387750803919
0.0142262327513817
0.0724839729532995
0.0968387219760801
0.1174593271222529
0.1427322199508247
-0.0542430447986858
0.0551522844329499
0.2198719961849347
-0.0129464949430116
0.0515711032749657
0.1566414950617643
0.1499136740079945
0.2492117231230171
0.297737635299956
0.3770593259025337
-0.0655222576529958
0.4160467423380986
0.3259171463025436
-0.303784270658662
-0.2819337709630232
1.0878226402998872
-0.3650680768730013
0.3780382361816982
0.1722687021277549
0.2263602002165947
-0.0431042071194514
0.2973013752638316
0.2586232059589906
-0.5308553931769089

0.3443803547702819
0.1231554397980873
0.2699272225026946
0.1474153168984953
0.1036655770245959
0.1059974345303511
0.0565906772581275
-0.0018456847687403
0.0025817769782711
0.0770585804929381
0.1095008019166297
0.1096236378478819
0.1621016857274646
0.2351095753224894
0.3021005160138698
0.20562900094093
0.1299139842155733
0.1735329442977675
0.1383033273906708
0.1062649126592855
0.1040063766189652
0.1982043624650588
0.2786177460302838
0.3552704236449194
0.4620241385449367
0.4107031768334824
0.2111590541547932
0.2217501986018078
0.124858091062937
0.0395295482081045
0.0460212987842456
0.0857323109224175
0.1623604551997463
0.1866196453533032
0.2423942616007857
0.2851909205445484
0.1290973872642914
0.0429643234231555
0.0912136730789964
0.2360350660259737

-1.5726125665449668
-0.4224954873460854
-1.232472090905943
-0.4960944160914685
-0.2622271897499919
-0.9919606910116489
-0.2494244016455705
0.5711035260440933
0.3319230139604884
-0.7913859566136324
-0.5090823915979596
0.1786632750953003
-0.5801902788972804
-0.4371533469006243
-0.5959036998207644
-0.3966558856073529
-0.1762840361053251
-0.5686572223255051
0.1975536841131941
-0.2793482833003863
-0.2150775129514206
-0.5002198749293862
-0.4353008497829116
-0.7936149878798466
-0.9451500741833572
-1.1045058992090764
-0.0111282954219187
-1.121477364489207
-0.3385933820573227
0.3139865456722991
-0.312637342755477
-0.8975248822859941
-0.3765760001674608
-0.8744679795558555
-1.0976380012965958
-1.1939256457318028
-0.7161740895102717
-0.3368094574378265
0.3259081296135581
-1.5459251109480685

-0.0483052204561318
0.0328820162216589
-0.0149422703518613
0.0120321341116639
-0.0162658761222616
0.0125979003694457
0.0029840330682183
-0.0063147776983688
-0.0049862865330192
0.0033309634703519
0.0076571747290469
-0.0074602875712526
-0.0005413104484707
0.0085757681609191
-0.026369070228757
0.1293912806905902
-0.5951587122521845
0.784697163502147
0.8044777486312276
-1.3652037852757617
-1.8623628707443056
4.9551116356305975
-4.785288384673684
3.152046796388666
-0.4631446265153432
1.0899201238793654
-0.541083822645452
1.1665646304131028
0.0021510480947641
-0.3590343735243601
0.2648745278792457
0.4821060063718274
0.1164924480825424
0.4420838517932756
0.519267994988513
0.5724245330826824
0.3453551909949984
0.3260254359895783
-0.7547470250350704
1.27279497138072

