-0.4451319540156512
-0.1241985399993743
-0.3013954772564833
-0.1078483835552176
-0.1052083971403539
-0.13739645952934
-0.0382859751966065
0.0256817946402686
0.0001791218391951
-0.0632019321134098
-0.0937638216206645
-0.0522209308296895
-0.0784249927415558
-0.1033925122735493
-0.0957456892664077
-0.0552213864838461
-0.0380501332055246
-0.0296730991399796
0.0033921488591349
0.0161286373102619
-0.0097584411498687
-0.0047345343295669
0.0244462693936073
0.0264073699856866
0.049932785674017
0.0445930757669572
0.0529571992094509
0.0292601358697464
-0.1017962070363274
0.0162341305558467
0.2757150038132406
-0.0428084173933995
-0.0444130495795135
0.0419492886587417
-0.061589457375904
-0.0752912354202577
-0.1800326941603993
0.2914231394037214
0.1205591196752245
-0.7390924463884772

0.430397528210005
0.1717471159260962
0.3657277615413961
0.1799292103627678
0.0927368848187121
0.1599336968589006
0.137986552527297
0.0823380589541549
0.081121321002767
0.1394589498220368
0.2028200106665014
0.2481119263559432
0.3230235539487076
0.4349219749504902
0.4813189620968838
0.3166313322212005
0.2116599917483463
0.1503740698184109
0.0488586370676421
0.0258432880165411
0.0635574082989648
0.1227413736386127
0.1471107432677128
0.1819493370547088
0.2447429960406061
0.2251122636732989
0.1187293235060836
0.0971466372860017
0.0312984950858769
0.0439699097521946
0.1081392193973581
0.1414793214233948
0.1584568277130486
0.2200435896831051
0.3024284613078788
0.3523600476249626
0.1646288488938968
0.0504457218239942
0.1154872340776208
0.3110941914076683

-1.416189223391641
-0.4823462508863889
-1.171482083166124
-0.579047569326706
-0.037709091965868
-1.064466266546577
-0.3382591998282842
0.4090586187733937
0.1224410288833945
-0.5924343017650128
-0.5628912714177872
-0.1185941900468813
-0.5938581304451576
-0.6331353567713542
-0.7112747763753475
-0.4892386391672391
-0.1214046504374602
-0.487234777787832
0.0176368177136074
-0.0098686678714209
-0.2136819946154414
-0.343271168964527
-0.2694064559920484
-0.5364838307054924
-0.6436808864231119
-0.7550267503535725
-0.0343987144088177
-0.8279580790064222
-0.0490181511966017
0.2435215427565964
-0.6298129570294919
-0.5367934169002652
-0.3408869985286326
-0.7994670357165187
-0.9657966760436943
-1.077005117944796
-0.6713247479476124
-0.2852535855402589
0.463483762717979
-1.6510043090923188

-0.0473089874230594
0.0322706436395824
-0.014831815243447
0.0122980928530499
-0.0161142968952581
0.0103875802829897
0.0026552356691292
-0.0035831597552603
-0.0020392654639372
0.0013299373901359
0.0009915412845546
-0.0008998349915796
0.0004417976927341
-0.0004325509825576
0.0009044925164304
-0.0029233057677403
0.0051553580683551
0.0082494423550058
-0.0134988165655626
-0.0166862031653661
0.0167446580989896
0.0410230277887085
-0.090611359591728
0.1146878879483928
-0.1881012053886473
0.6150543374029609
-2.9336225337213677
6.685420068122397
4.16493616068194
-25.993779591284547
26.382387390645697
-8.2139236979193
-0.7765059718511924
1.8762570731405692
-0.0535603417573906
0.7999672763705958
0.1565542986499482
0.509498481592813
-0.8158955097096767
1.25541431166247

