-0.7751166380509009
0.0770126749628471
-0.0018114818348567
-0.4238153568778705
-0.2752722655990849
-0.4209370758787624
-0.2516598389754497
-0.1037920808491183
-0.3591469263363743
0.0617549600930624
0.0450489853078286
-0.1648114663514232
-0.2007539444720316
-0.0845634725854808
-0.221445409998931
-0.208048434574096
-0.2138803473107548
-0.0062341466314838
-0.2515106328234238
0.0181788722287026
0.0586498968237351
-0.0719539140549718
-0.0847033676139438
-0.0186918907427033
-0.0986843893989132
-0.0772192455906452
-0.1596152793702791
0.1481501124262872
-0.5349145907831581
-0.2569979304584242
1.0692042184885708
-0.0421417762216384
-0.6831863753884847
-0.1746040641356182
0.2710494192290935
-0.3577986476007794
-0.2005587133046512
-0.4403429057416736
-0.2967461588681943
-0.5749423117005314

0.2352868244838978
0.1092262789467217
0.0683418719625313
0.1840105337049407
0.3027191415067063
0.3767524845423642
0.2748667562036355
0.1632857682320268
0.1595113374501542
0.1181984071794682
0.1158956961745707
0.163937041577919
0.2336988122024311
0.2932427013041166
0.3773957557684336
0.4682643212104008
0.3969511130286295
0.2054669204346159
0.1969591484800313
0.0967205935745408
0.0252053046614036
0.0534641870246323
0.1379671812440088
0.1851201584456511
0.2085601148544826
0.2852509054638358
0.3175716893272857
0.1532368642324649
0.0894006490320381
0.0977340172669377
0.093058622254627
0.0698201333482849
0.0685738824414849
0.0962950380910962
0.1327681769111617
0.1670809755002926
0.2143572411847877
0.305097470715809
0.2183417718234143
0.335393839888499

-0.902789155950388
-0.2504677721256194
-0.1777203267523106
-0.6513047692092088
-0.7447909755733001
-0.9157777467137614
-0.6024848350700596
-0.3912165011486857
-0.4315906523603622
-0.1444514162760733
-0.0865335075173532
-0.2715655147869739
-0.4116722189640143
-0.4056214081644757
-0.5551078418231926
-0.6716622935417544
-0.627178296735913
-0.2080174704018062
-0.39948658574493
-0.2051787422805474
-0.0303065379966502
-0.1358635244886574
-0.3561279882024027
-0.42141391533102
-0.5374135273912204
-0.7804582613536982
-0.9185068604164656
-0.4663725602354056
-0.218053614724275
-0.3165141524371621
-0.4300481761634098
-0.249292416563869
-0.1230490843974604
-0.2584240457904041
-0.4629203728237691
-0.5724102984535062
-0.625653333186379
-1.010799048101776
-0.6785617690446663
-1.0903576798413486

-0.7901708646917515
0.960866635258011
-0.3817621664916349
0.0417305925570568
0.0125978907969109
-0.0094409533518457
0.0098602792022982
-0.01571278371014
0.0130721906411222
0.0003640011166388
-0.0052080773540427
5.760259755905555e-05
0.0025250445860162
-0.0014030228759292
0.000382114886283
3.375245654296053e-05
-0.0009270860158452
0.0082453555350992
-0.0273947087929663
0.0040668565533693
0.0472695308510783
-0.0004657995877214
-0.1114093279992593
0.1521688132335848
-0.1288542915855986
0.1273944397283578
-0.2317476016513208
-0.0570735231794898
8.00376778548113
-29.37574044315619
28.670987279746104
0.3783115412804063
-8.428535195086543
-2.1405504556511654
4.635180597909874
-0.7406116878261699
0.1650564131644829
0.7697585647874956
0.2120165915318839
0.9167254211024224

