-0.3242945115206647
-0.0544002211455056
-0.0633343704179173
-0.203203318380901
-0.1832965421870734
-0.2110883631978965
-0.1127753363115603
-0.1159167623397904
-0.0891627987512302
0.0003524279803676
0.0221507610625891
-0.0192246643011334
-0.0436214328221653
-0.0174935102383498
-0.0074637268440616
0.0043411215104538
0.0483291896851082
-0.0323258596617572
0.0453239727154547
0.0693733289017149
0.0261653214201432
0.0343289783779617
0.0707423816205322
0.0988941559287626
0.1365658755944989
0.185215174356166
0.2328481750400019
0.1145728570159122
-0.017819800784591
0.1020644376348228
0.2516985463652206
0.0944044320250852
-0.0569424534462336
-0.037933820577427
0.0429637684681873
0.0192751353747125
-0.0440163341100928
-0.1444830279053102
-0.0856791574182944
-0.3353870126427705

0.2740229146654311
-0.485165766034869
0.5312833127686742
0.1005333659281124
0.2728518250421919
0.3149995417899842
0.3218906582468269
-0.2600951500411134
0.7509567149466151
0.2463278413903909
-0.5802479022625019
0.240461411306055
0.4695102007823724
-0.0987007331921157
0.308782792023397
0.1801304046062409
0.3070696355056442
-0.1322554319308238
0.114502389353325
0.4205657593543582
-0.1358830816501408
0.0199640379240835
0.3405297236719221
0.103925959497515
0.3027660754931795
0.2834886891265898
0.4140326897160523
-0.1475338933213359
0.6180978294490823
1.1029434210985567
-1.5866353616780997
-0.6778531970930366
1.0746110184343671
0.4694319363097861
-0.5835479961540442
0.2287981422300616
0.0910502861762462
0.114614814999318
0.0918905492737536
0.1480938292287648

-1.618228891463068
0.9967853473284446
-1.020069063625631
-0.6305191674895841
-0.8150118666619787
-0.9959888038644122
-0.7159456269813756
0.0563284597777262
-1.358752114758942
-0.0187193704915566
0.690513153466556
-0.5326600441660181
-0.6723168544805854
0.0537706934435106
-0.5089766985028159
-0.3289156519755606
-0.4376428114439376
0.0286299790014383
0.1889080395950387
-0.588078896344114
-0.1185600230022227
-0.0430635894489884
-0.4004169055904653
-0.3781430133649128
-0.6042946607399339
-0.7406831901912427
-1.0097927714524182
-0.0863889718933827
-0.8501974632147031
-1.6369713178924197
1.796344137198513
0.6099258074410777
-1.3958196687916289
-0.8311358024085587
0.3982319686299209
-0.7480924761472255
-0.6120838422999356
-0.9923452706460052
-0.6981826683831872
-1.1108419888281047

-0.7669874091083532
0.939046525343866
-0.3787918844187666
0.0448110129976455
0.0107946112267527
-0.0086939677094859
0.00935433241025
-0.0152291358282167
0.012969150705781
0.0001558079857982
-0.0052942968250087
0.000251163225006
0.0028220361604412
-0.0021512769756489
0.0013395264845531
-0.0014842374873395
0.0032140101729314
-0.0003043298179863
-0.0419025249986775
0.0382474238694614
0.0835515140964466
-0.0576856225084171
-0.2128055222348929
0.4210747623068923
-0.4651004644327108
0.5897684860595368
-1.4827932622048503
6.657461375573007
-22.89391162391738
25.69531462979534
-1.3879386751927782
-7.552180956640332
-2.445641375689415
3.4494034287029733
1.997055271245458
-1.79683999783487
1.119298604018958
0.4007212434612426
0.3530882252795578
0.8568056461558715

