0.0313994226123528
-0.2652282377776008
0.1295236275690348
0.0816657239252264
-0.0517348173212028
0.0029610194002082
0.025883302454907
0.0278512648666613
0.0288565502155926
-0.0025948843237785
0.0267424459439372
0.0102017414094462
0.0228623243366747
0.0301815002350733
0.0352966958640051
0.0595472720704508
0.0688769513626082
0.1255903375959354
0.1878468959959613
0.2400449165640185
0.1772146906156692
0.070288977742648
0.146096186627425
0.0767094291627749
0.0413319668547252
0.1057840532576958
0.1756065555875196
0.2049880405739564
0.2849394132878862
0.4013299751980866
0.331082436221512
0.2291259487089232
0.3597493861388007
0.0391844892899916
-0.101514056656917
0.0140235700354184
0.1132650433844278
0.0105950442625172
0.0123329346476395
-0.0685838857620231

0.2865545260507217
0.0840946176554807
0.0355799852989337
0.0213557315690052
0.0894611242415424
0.1732928088940198
0.195209090187962
0.2283941505424073
0.1370134179825833
0.098264614881708
0.0879299563614175
0.0385118805052914
0.0368377311043084
0.0404886317760136
0.0546100142705978
0.1381798987856635
0.2052049894023379
0.2536073636466765
0.359917449505739
0.4439861268510567
0.2868616074703684
0.182766426214236
0.1787947921964418
0.1256698503065069
0.0995374583292573
0.1306663500116446
0.1887706017361671
0.2361971521719663
0.2885699153799294
0.3446160558779678
0.2984891503280154
0.1277348901628288
0.115022511637506
0.0700159916838519
0.0420455930717858
0.0651645303327931
0.1168712518737831
0.1526128163262151
0.1154910921884048
0.3657808852663143

-1.7659468974999195
0.6330011940965234
-1.0743857829955838
0.5110681402432196
-0.6087513037465991
-0.5953899331910325
-0.6518971895051693
-0.8060814559334939
-0.4232051200988043
-0.2304499512943552
-0.7943939267290514
0.5429369213280415
-0.3101659225075526
-0.3926828548075202
0.6146178666072882
-0.7120553174354387
-0.3259300909734074
-0.3131543848395619
-0.6496933237758997
-0.7265545210827338
-0.6605169654989613
0.1648287564340364
-1.0023151889165878
-0.1225630085074352
0.1379946997581878
-0.4636762108771267
-0.6477661425135907
-0.4543810086704542
-0.9414306525575796
-1.0540100560031282
-1.228604046745413
0.0024043489414298
-1.3229411217525897
-0.1713511641808262
0.2016479735981094
-0.5093735323629686
-0.3226849127091901
-1.0277168498772746
-0.2345891958793563
-1.6560803044388912

0.0344007054027703
-0.0143261074745709
-0.0132010321204442
-0.0103517381731754
0.0085053446768882
0.0079324830488086
-0.0072860176571792
0.0051283293826193
-0.0031787327786026
-0.0006839618336487
0.0087658672942721
-0.0014142385545568
-0.0069873397067439
-0.0033536178091205
0.0032433502170198
0.004855927807437
-0.0006649379827345
-0.0032647486695276
0.0002578182488356
0.0034973871104467
-0.0023456515184653
-0.0006380452348442
0.0071043272774886
-0.0033188675013221
-0.0056539958919879
0.0012723384280144
0.0045982847960947
-0.0012111569921588
-0.0023659183611932
0.0017401566628483
0.0040285722967497
-0.0079051882524259
0.0108053044676132
0.000184342350131
-0.0091747778362667
-0.0041931552727821
0.0077839229615249
0.0130769363747517
-0.0269527182790078
0.0208850674009366

