-0.31101375792488
-0.1087248936999706
-0.083356694425827
-0.0307021113690652
-0.0544500745361029
-0.161563553402373
-0.1538871082339044
-0.1650954797443759
-0.0972084926620782
-0.09276981430465
-0.0488896857616812
0.002361101109517
0.0193524811038664
0.0013987843866742
-0.0144418245683361
0.0035035896301693
0.0201793609688355
0.0415044919398657
0.0769270828116194
0.1158933815972562
0.0824645729823226
0.035148858393415
0.0680209529331556
0.0541280898788016
0.046891507285361
0.061107516446332
0.0930700733076028
0.1318140479336406
0.1836357379834203
0.2537723484217298
0.2318207310981728
0.130274132489721
0.1537531107704657
0.0397880566691247
-0.0354701316946496
-0.0334710534335071
-0.0249679252773236
-0.0776761928283066
-0.0725179838560946
-0.3855482252352226

0.41523556559846
-1.1543183098323273
0.6229643617345035
1.010893385298343
-0.753161459968489
0.5509411113571553
0.2101365477040531
0.4242207378678149
0.2208104011388492
0.224821580721711
0.0862552280678108
0.0730538199956303
0.2434785192085875
-0.1253219567349445
-0.0494926667965681
0.2033651713718606
0.1254269200690572
0.0405527022977029
0.2822128617497841
0.2819966543715121
0.2948650472869272
-0.0873505075686162
0.3767167261133948
0.1523106718500508
0.0105535726985662
0.0229262677380416
0.2141562350577258
0.1428667426804306
0.1914462517057818
0.1835858886872915
0.1388883509123167
-0.0297147614271239
0.1212822223709084
0.0523372048988847
-0.0061339573716008
0.0286159190378879
0.0369522320037877
0.1230514607925184
0.0217685617819093
0.1897147877444601

-1.7132021263980928
1.748868885317456
-1.6682883395048296
-0.6638204386915022
0.465038603134591
-1.11275281395913
-0.6487316147839804
-1.014597591726636
-0.5442247935985577
-0.3134613550021544
-0.626994964987125
-0.0371096613945421
-0.1929359182859057
0.2055508784890781
0.0692774218306496
-0.483193980270534
-0.105706089884803
-0.0251776920901048
-0.4229627943192838
-0.4205026806096124
-0.5334340025270345
0.2711554402555461
-0.7457976572207914
-0.2512762973610372
-0.0238667711006843
-0.1891871190157598
-0.5379871343807305
-0.4182754945671518
-0.7313662431629029
-0.8219320636056302
-0.911817491156474
0.0301420041227588
-0.8900409409857409
-0.2273858445190957
0.048215402582478
-0.3819254764854196
-0.1926107933888702
-0.9732417268366718
-0.1721559154156775
-1.483049414473562

-0.0241737216112007
0.0327115639019367
-0.009461944002488
-0.0092920536562056
0.0082808916735916
-0.0028796646616565
0.000781571547591
-0.0004715847432291
0.0011192132588128
-0.0032330059244147
0.003761914743269
-0.0003947135150089
-0.001455429617467
0.0006256995193425
0.000281406735656
-0.0020773012155451
0.0033841482861888
-0.00265530201578
0.0012489503303562
0.0008052809497871
-0.0175460343028094
0.1332520334435534
-0.2536740993295917
-0.139875356388762
0.4504030843110664
0.3375574420583005
-1.3556318720212448
1.5426848190597504
-1.3211615316662964
1.4012691193029658
0.1486143234631774
0.5002128160862599
0.1859585309650006
0.1372113006815349
0.0481593979604396
0.2248920492564804
0.0640586745718775
0.5847637911069757
0.0808456447387178
0.8764160092244377

