-0.6517676538652095
-0.2543330756100846
0.0318815692744451
0.0915203724860189
-0.2346870842612941
-0.3102600960467409
-0.2887643798977068
-0.3853798786624955
-0.215637379928985
-0.1539864606566555
-0.156182974439097
-0.0585309583174159
-0.025418649275722
-0.0381234199870225
-0.0661864993014186
-0.0781139608424245
-0.0862941450749893
-0.1151673412649162
-0.147113742797832
-0.1630559394119402
-0.097646939100877
-0.0954888795762739
-0.04977716027726
0.0060342507048079
-0.0008073175185653
-0.0404921689501515
-0.0590975640075332
-0.0548020393744345
-0.0789340537586048
-0.0932396183161938
-0.097546502101569
-0.0067894443485708
-0.0425913241405151
-0.093691570656155
-0.0921851681493931
-0.0885149546133632
-0.1502338818112931
-0.3036359939853878
-0.1523848707014179
-0.7317056754654259

0.2893111137484124
0.1024169628486952
0.032103903925754
0.014994188083306
0.1611409540278067
0.2790803152343806
0.3433279000869127
0.4380588062490326
0.2808296923499766
0.1651411898002558
0.1680250220480415
0.1197963827062222
0.1012284582820409
0.1168894852436782
0.1430417977061467
0.1605819132478874
0.1805187081510596
0.2418701179816799
0.3159765829061048
0.353592854106646
0.2317628508108585
0.1387304239102046
0.1155686849758233
0.0690539474928916
0.0582680576392009
0.0900872852867338
0.1384947857083918
0.1648087041867918
0.2233182399328581
0.3205649499131212
0.3092925773678089
0.1552211297165608
0.1543572415078889
0.0951517759560804
0.0567436937722203
0.0803123883677614
0.1401055595405932
0.1837565630199597
0.1394857355368809
0.4052733437660047

-1.081095448692981
-0.1912539657664164
-0.2929734898827741
0.1408848500954626
-0.5410301720600489
-0.6354946710011535
-0.7232880417774806
-0.9337863316582136
-0.5249147537886621
-0.3137255557622825
-0.5589759555629084
-0.124257826350273
0.0640948180825735
-0.1064707574725053
-0.311257789539636
-0.2279219910664307
-0.2338573242001307
-0.4251472801698769
-0.5345355988969467
-0.6580228541827119
-0.4682947901439319
-0.1784791896641931
-0.3653676417040413
-0.1554339948536814
-0.1123984872973072
-0.279181471561855
-0.4452890083765163
-0.4684436201323268
-0.751358664601439
-0.979497306255912
-1.0649000149492405
-0.2357714276614551
-0.8317954563897744
-0.345866740407071
0.0092473861685491
-0.1725387436699953
-0.4606648314201766
-0.8064354870344518
-0.242028615331446
-1.393194817767236

-0.021551967288275
0.0247760499560922
-0.0025345284646168
-0.0089208084297054
0.0048888782718415
-0.0007851627582934
-1.5776522724516242e-05
-0.0001277204273403
0.0007774081802134
-0.0030112191317079
0.0047990209370393
-0.0009067243344927
-0.0030724103449046
6.585217711591359e-05
0.0025220518340121
0.0001575649398628
-0.0027405327897921
0.0029272386581551
-0.0027335121054935
0.0041822940194424
-0.0089948283837516
-0.0040626656156728
0.0676255671819087
-0.0123064425077082
-0.1280447974331957
-0.0157017536174275
0.3433880060822835
-0.484388698735091
0.482632333770833
-0.6469385681175166
1.3179586443789677
-0.7439001325467564
1.1892471375757128
0.1087540761207999
-0.2580249417317888
0.1376817437990946
0.2939214862483045
0.4914495479365436
0.0928631998870721
0.8770699777301052

