-0.420982911593139
-0.2616341881473412
-0.1078118542041929
-0.3442668713894296
-0.1082306290452999
0.1696582700263942
0.0948537270588406
-0.1446160500683242
-0.1361429033306762
0.0009916856130699
-0.0154008284194652
-0.0777174903625074
-0.0413485311700205
-0.0426554151156982
0.003523850902557
-0.0449623196724594
-0.0530426024221622
-0.0181744965371598
0.1442509275162527
0.098240149982823
-0.0427116871986627
0.0254598070252001
0.1303089663371538
0.1087416193410184
0.174288078892745
0.1992498847444313
0.0972501979794885
0.1197990743945505
-0.0103001795540435
0.008724754775533
0.3115700485321495
0.0102805995310994
-0.0099534134908101
0.1418575763263015
0.0185382509603774
0.0441980038493863
-0.1385591939049293
0.1313027244916404
0.4206815494267787
-0.8830420229913484

0.1374955733581045
0.2208299222062834
-0.1877312324038829
0.7370011194672388
0.1849384137111191
-0.6438422532930408
-0.2253607336347776
0.7471585924103895
0.3556881318179657
-0.2404582415402724
0.2372971421515068
0.296283846192244
0.2439784594752494
0.3896359978589155
-0.2820437117329943
1.1520269806345682
0.1840823679894868
-1.9790488431994069
0.4858947815740148
1.324113127415912
-0.0935724027175627
-0.4640362076211874
0.5381424152700639
0.1884013523844204
0.3340770801994014
0.3538752512971614
0.139380374506126
-0.0693293386907152
0.6279654715174372
0.2847476723608968
-1.0220916062773775
0.3971816436740176
0.319215899444774
-0.1465227904049487
0.1931759369500786
0.1006980174851624
0.1198765112006799
0.0597066420505257
-0.1063587585516788
0.2428348531684441

-1.3362205266992244
-0.9241058647244804
-0.2912464433057224
-1.0487880518690358
-0.9422670526339528
0.8394143822703465
0.5315569285576971
-0.9229090093915115
-0.7748934887425788
0.0931566526700034
-0.3219874140228184
-0.6420812312837075
-0.4639591864790452
-0.7794859470631236
0.6346355933696678
-2.120329930646619
-1.023741777149011
3.868923638975593
0.1185995688529798
-2.562516191999003
-0.521929053812376
1.0917444839251036
-0.849607028613412
-0.522696726437766
-0.6798125759372875
-0.8884831383918317
-0.322895207664983
-0.0616997216457351
-1.212853353074646
-0.2459754726888146
1.079606593548769
-0.9401904018204676
-0.6482908492008782
-0.3226470112323074
-0.9268752671921674
-0.9529730642059716
-0.824158451669173
-0.5422420916125369
0.8457114947699391
-1.8826306466476543

-0.0009721015883099
0.0004211621239099
4.0340199415247685e-05
-0.0015747746799336
0.0032299113861789
-0.0013919113715346
-0.0015251053075487
0.0009481480637446
0.0008824390243646
-0.0012175792472645
0.0009433815526959
-0.0008517769529978
0.0010879228888632
-0.0023855954507214
0.0054496847867479
0.002998516684243
-0.0216392218767768
-0.0137535383445904
0.0269140711745823
0.0466661227561211
-0.0214082959921551
-0.1147434052762562
0.1733595657410644
-0.1460441802236813
0.1337010860365676
-0.1878710642961084
-0.4922717249957865
8.799774611110852
-26.691442022520327
26.62090685165086
-4.436155533295612
-6.964442206983337
4.650535188784348
-0.5979963231674903
0.558804561308685
0.5801138028340479
0.4291935555754079
0.4326067190917948
-0.7236913048830135
1.2405496023813305

