-0.740864814996531
-0.4106642802902508
-0.3080351631978145
-0.1461432781866012
-0.2483854606399508
-0.0093984037428109
0.029144788730846
-0.0635675487316963
-0.1719352552977983
-0.1521929267667313
-0.1264612538569233
-0.2348174190595119
-0.2621517817723533
-0.2824687456770424
-0.0631860820976893
-0.2801809869210744
-0.0211480558602703
0.0814752854111399
0.0177680005105883
-0.0659810266643485
-0.1119421811698471
-0.0391476280616649
-0.0186398641036806
-0.1057385103989334
-0.0791450880823151
-0.127451496826066
-0.000226028997232
-0.0260823371036953
-0.2848711909438225
0.0133162258620621
0.4168928986487531
-0.2852370117228182
-0.1948969270632439
-0.0385016356782726
-0.3052138587916047
-0.2985648686306731
-0.3921432801747647
-0.0340500590207401
0.4323569926738588
-1.1263297582261933

0.3871977805061283
0.2476792523013161
0.1971617692572045
0.0080737990333918
0.0875869850735571
0.1209393700135299
0.1283366260436098
0.0966521252342722
0.1139670729055787
0.1900627783182119
0.2653366214230134
0.3472337775329012
0.4731276090550572
0.4906974522424023
0.2149302892349005
0.3244966706727934
0.1657072414738031
-0.0062915813661602
-0.0219846039825598
0.0574233675636862
0.1223487728456536
0.144089071099439
0.1492090006490525
0.2071819666034921
0.283629976231681
0.2894770213095899
0.1674009612044406
0.1349532582930561
0.0409394252024978
0.0484243978236112
0.1275269963488421
0.1370879294228032
0.1457847699703994
0.2048592684393656
0.286503429505512
0.3309010636104222
0.2805454602579844
0.0511780710266098
0.0758346918320571
0.3149615603008638

-1.290947538651994
-0.7714014082010336
-0.6324209847067317
-0.1667861089255088
-0.5340487541882826
-0.1578395940803766
-0.0579132631068419
-0.0981116914365344
-0.3239002577688101
-0.4377783735901496
-0.3447956928525928
-0.6061209065248127
-0.7084370108293967
-0.778811715690179
-0.2032809133555957
-0.7060701327352508
-0.1015623548127341
0.2296419863525546
-0.0001570982417882
-0.3259382750302629
-0.3144257428987067
-0.1794128993485407
-0.3288647038441874
-0.5645315004432397
-0.6814435389865692
-0.8503179258844007
-0.3141719247478444
-0.5793491683322055
-0.2047591873778574
0.1007148538713462
-0.6047547469958733
-0.4560351028679194
-0.3647633163142213
-0.701803944563938
-0.9040218031808248
-1.03968742077468
-0.9013316096230568
-0.2958696178486334
0.2154309168673455
-1.376417024755544

-0.0009580129626264
0.0004149189430605
3.1058330867781415e-05
-0.0015165504816103
0.0032369393494845
-0.0014691036758566
-0.0016150786088364
0.0009726829455538
0.0010915353538447
-0.0011180263789435
0.0002648547179062
0.0001819452768246
-0.000454463252514
0.0014118207569105
-0.0061547825764244
0.0119345511410332
0.0115485225429373
-0.0129730501039376
-0.0274317350567563
-0.0082761311145472
0.0456831949615337
0.0491926046509006
-0.164358284809647
0.2104572046072936
-0.2814385087468301
0.6813264910589608
-2.703637058417758
6.442146060037701
3.975768762436014
-27.06011502938633
27.25071348636441
-6.167081816438212
-3.8150149751239866
3.41250650274534
-0.5956833538993426
0.926036738188156
0.249426343226614
0.582906920541763
-0.7854098768192648
1.2335156865745582

