-0.3230560118502518
-0.0631814827193579
-0.1597477810035291
-0.2494397342722299
-0.2278552040082418
-0.1296498896204714
-0.0954339886151682
-0.1122196050589675
-0.0376932657339672
0.0209484380365065
0.0235910487971496
-0.0133915127466821
-0.0399785194211598
-0.0253346407763085
0.0035286658315691
0.0036124470834906
0.0403964289950116
0.0315244169414402
0.003344788838787
0.0647013349874548
0.0361054182536641
0.0315428389115468
0.057543177667713
0.0839097366528964
0.1083650891559049
0.1582469670371966
0.2065419469059767
0.2377390517359536
0.0178281652343315
0.1213465982628957
0.2233996707774804
0.0580417483758371
-0.0361042658479281
0.0301792815348071
0.0636921208183183
-0.0140491467821437
-0.0426098197354814
-0.1702591140728136
0.1020960335945747
-0.4373324533814307

0.118550885830164
-0.0584633724977514
0.2447082562815032
0.2690382786728723
0.2769051674036435
0.3842163889965018
-0.4466513875147444
0.4478807600407876
0.6375464812812817
0.0598112577030877
-0.6468332012012347
0.1631865929635197
0.6044862813191365
-0.166204284828446
0.2189304312200999
0.1937620043562997
0.2179990288491606
0.1796324909211712
-0.1792993411883062
0.4903367776446962
0.0096958512366175
-0.0684063371236995
0.221463064425029
0.2091454183141537
0.1631828593245378
0.2829555296585033
0.3006200951573973
0.308988185085678
-0.1488939652653753
1.2010985439078674
-0.9254904075646352
-0.4420708397251542
0.6885568006321402
0.0868026343241471
-0.1765251369696408
0.2137604785813944
0.0733938993910107
0.1623703482829218
-0.0010031633764938
0.1801311385397412

-1.380590743814293
0.4430897127081516
-1.050679154897397
-0.8157303276060275
-1.0244862959861616
-0.8033356739922886
0.3654188102050633
-1.3386640514050192
-0.5370920559565422
0.3729360648978891
0.6428014419914583
-0.5805834566022404
-0.8427515129071391
0.3050978090025358
-0.4465891324259811
-0.3098019321396128
-0.3298189057343849
-0.3135806398877802
0.4032823188423214
-0.615312484689359
-0.21742268289077
0.0359779473823402
-0.2790853896946887
-0.4399360904504801
-0.3925783395756342
-0.6892608579008872
-0.8103795293732814
-0.9644986101832302
0.2253273855968036
-2.079595547214365
1.0136863060160766
0.4978992873667772
-1.0847075974367022
-0.5307357650382238
-0.1158494997737208
-0.8848813986429628
-0.8213907205436629
-1.1501628688673975
-0.1294518259000732
-1.2557890143339268

-0.7115041242025567
0.8574769679585561
-0.4245890469253875
0.1416786098480971
-0.05196527023826
0.0365525819664246
-0.0374185388994805
0.0151270209847831
0.0087196692759305
-0.002672914448635
-0.004489857112281
-0.0003647540506451
0.0020755394670467
-0.0010194261604576
0.0010320056134915
-0.0012939224078476
0.0019154287846252
-0.0012864060429178
-0.0294416311171234
0.0935390197208707
0.0151134453952663
-0.1697912875317748
-0.0638742488818882
0.4765434774511101
-0.6256082006174407
0.6131617168095759
-0.8592668433174137
2.4293857939233923
-8.297975235263873
13.7158969572847
-6.339950774667085
-2.852645556171616
2.580639069961848
1.538323523491231
-1.3326463255351253
1.0790880203220028
0.2799156505338351
0.7859734188500037
-0.2059127847495984
1.1038149685490128

