-0.3914845608383849
-0.0592977143719719
-0.0086650177996218
-0.035648129846995
-0.059519416687417
-0.1470605084453221
-0.111320570136165
-0.1589952619547584
-0.1378084325648474
-0.0641435604734497
-0.0935480119709384
-0.0262435478853822
0.0251443934909338
0.0100026887527055
-0.0143463027778791
0.0081313009399201
0.0155205607652563
0.0292940002720281
0.0735154589144074
0.096152685712262
0.1358885480808925
0.0496790179420804
0.0631247670184479
0.0806188337430121
0.0454689069487579
0.0356118283970323
0.07369427165012
0.1199246903479121
0.1465713096353059
0.2130803417679223
0.2723072460583327
0.1587172677898097
0.1325708755231038
0.1302935118100307
-0.0034575092673828
-0.0619717612167755
-0.0684171491642348
-0.0768324201539895
0.0454264359350287
-0.4378388586906357

0.9448455513151008
-1.928086241415226
0.4905635815535414
1.7161130352782057
-1.1004049977085733
0.4068463162337244
0.2926596955798983
0.319220131852953
0.410835051316114
0.1824728952565474
-0.0079394911094988
0.3584924471023208
0.3805285089224893
-0.3465140587087625
-0.2483457115700256
0.3183845072165752
0.3102193712818143
-0.2446069072353243
0.379361589439686
0.2097608461787145
0.3815823166371744
0.1103537259043669
0.1076779088689045
0.3731821352968373
0.0839706739848239
-0.136682906732299
0.1420151890588172
0.2503640986168143
0.0720898233788348
0.1911196992773717
0.1090587534231346
0.1110071097200637
-0.0513118482550198
0.194081144509004
0.029350463750021
-0.0789266470674736
0.0172221079545888
0.2237424963025981
-0.0997132614652129
0.2245138013287785

-3.141216620909667
2.840841995246497
-0.0438925899343343
-2.1506315130041034
0.3449946104320743
-0.3619238077507739
-0.8508412869773643
-0.7710720559431842
-0.9697620569493796
-0.2458227304490473
-0.3764873864734815
-0.7242585946393776
-0.367575126751124
0.5928555359284983
0.4735906138135372
-0.6832054577209675
-0.556410660589276
0.5922713734324244
-0.6546701330007418
-0.2950026802777953
-0.6473988242453015
-0.2114124415279437
-0.1294618954608738
-0.6369628557308366
-0.1735155551975913
0.0692633566798016
-0.3702195875123278
-0.568158648101737
-0.4449641916074595
-0.7949986215152001
-0.8142954782655895
-0.8353104836841092
0.298089135367549
-1.366555386753422
-0.1630033868719413
0.5251874150424385
-0.1814949734061817
-1.662368502258302
0.7395085444032253
-1.743062654158828

0.0050612315149017
-0.007129886810302
-0.0006944715366415
0.0045393171093947
-0.0005878530855626
-0.0018064952973259
0.0012938002541649
-0.0006254527225113
0.0005195987525861
-0.0007806479407857
-0.0005650283392443
0.0034009785806766
-0.000493547962771
-0.0023493247270623
-0.0017075577595978
0.0008408233514566
0.0048116382963231
-0.0045154822807019
-4.114258771033922e-05
0.0054839031264282
-0.022764314623351
0.1426734044305541
-0.5625266861398052
0.3738411843249504
0.899247053961868
-0.5761408920371506
-2.005445639421533
3.604856249284552
-3.1723335192584523
2.284095634613206
-0.1277854539712744
0.9637308930923456
-0.6597587857604851
1.2141429057433384
0.0702824312789858
-0.4722434748546741
0.1048877062110931
1.0520870585475215
-0.492482559786238
1.035971601582738

