0.9946527480819513
-1.471131294410187
0.5190751001850531
0.3655281089718929
-0.1505643611496747
0.0307156227483726
0.1340545186577212
0.0922748759229606
0.1510051360226485
0.0327443120996496
0.0775634775011859
0.0659747223380985
0.0477296058747729
-0.0120188137613626
-0.0132953817610662
0.1633448164281904
0.0860100969927557
0.1047552745119625
0.2416835597925992
0.265264122022662
0.3605262500341115
0.1104074404020331
0.1743451694139892
0.2886972141150055
-0.0859880542607741
0.0434688516741351
0.2960917201962958
0.1796856216253505
0.2858906252603213
0.4256975773691988
0.4973947556258637
0.473118734852959
0.0015379999986738
0.7187731998411053
-0.1557844211859226
-0.2383716954742723
0.2179732993691654
0.2520758438362151
-0.0877692689811249
0.1790642672075396

0.3956968206032497
0.0247959547766132
-0.0693218042072575
0.018321251204634
0.1259688676320096
0.1472557603707506
0.1318570348349609
0.197257881509936
0.2016952180730369
0.0810588292419502
0.116782964522012
0.076707538323027
0.0712704224463742
-0.0062497989002596
-0.0736524449552472
0.1228711660436015
0.2261751664356824
0.1515573750686097
0.2303327875569288
0.3401607582901562
0.3605510269996369
0.1564793645454358
0.1981594854395673
0.1769565508049244
0.0642092935149233
0.0584825378799666
0.1383667415463125
0.1913050089008192
0.1985957409695788
0.2599374877624799
0.301131226799597
0.1996395624381007
0.1093001477478942
0.1340753164685179
0.03715385851662
0.0208068415030199
0.1104044506268217
0.1733895279841729
-9.198672159139111e-05
0.3819880990934084

-3.1478513696186723
1.2932393761769991
1.0307143750887713
-0.8000796643323972
-1.113780279458607
0.2148245416424113
-0.7907823132732983
-0.5866072010688882
-0.7325846404812766
-0.1791028036163792
-0.4176294904180238
-0.0910716436992342
-0.6950536383744653
-0.0006270051753977
1.3470888094318536
-0.84832080439791
-0.9383718148255792
0.4272852041627175
-0.6806084562786063
-0.4849186918753043
-0.7343356274090518
-0.2339497984311636
-0.3099622527171459
-0.6086820136279024
0.0672954207855596
-0.0898584898367757
-0.5416653016430999
-0.4447508814908599
-0.5673744717409742
-0.8959382542608019
-1.0179288710481855
-0.9974040425466636
0.2890518165802075
-1.6129205003511122
-0.1082100908150591
0.6223815854032606
-0.2545519525981513
-1.8430664582066556
0.8266567150968688
-1.9389563575263704

0.0051503441850888
-0.007093354825219
-0.000788563040063
0.0043569511019266
-0.000532752508161
-0.0012734343555331
0.0002582771200897
0.0011180626603858
-0.0041690689845755
0.0158779805477031
-0.0227071756221003
-0.035265312866547
0.012970602577815
0.0741424516696937
0.0540922695007542
-0.1095717179389085
-0.1893298985619146
0.475199336666751
-0.5572549929814143
0.7116213920174554
-1.70047345894366
7.022043933935013
-21.945545075497343
24.772593816396533
-4.205566903345695
-6.927855478507517
1.941685664638844
2.6819366101789543
-1.3260495167475213
1.0631317489721963
0.372757619506941
0.6246892067685182
-0.2240115290094207
0.8903267997726544
0.043397524571686
-0.3514323591110685
0.1242488915114524
0.9808585962586234
-0.4585438193885979
1.0283167096142425

