-0.0376568355469294
-0.066567183240234
0.004120017819222
-0.0158074808671672
0.0001727329156962
0.0128900265991961
0.0181525579974784
0.0166598573830521
0.0343604187952205
0.0606518252762058
0.0430083096163831
0.0016529716412452
0.0440490646444802
0.0325674292058986
0.015677731414124
0.0255096618007001
0.0347118618893837
0.0768778173937647
0.1289604689364444
0.1374456231516217
0.2177174073196842
0.2751410002749576
0.1877843025136533
0.1107308328298699
0.1388108318307163
0.0677065498803125
0.0600337591942347
0.1213694261790546
0.1890724483620687
0.2145950275838114
0.2929177187325629
0.4414540745600188
0.3243446699326329
0.1815625232554033
0.2153814663300064
0.0157850481670939
-0.0767704604745258
-0.0036335858466755
0.0657077822350348
-0.103958753818737

0.39085295102018
0.0307847971996749
0.1083913672814252
0.2161844766791995
0.0475100237634786
-0.0638298775544128
0.1476729653787354
0.1559721318425488
0.1702694948301902
0.2509316100045951
0.1432428837229103
0.0254664578241206
0.3092527555728999
0.0536557016620636
-0.2921172080558625
0.0443470745066894
0.3514794945126308
0.2137870509314137
0.0674032830246793
0.3263823436668789
0.3460418435404797
0.4616346209633655
0.295724485406648
0.1688968799768845
0.3132629235349268
0.0557017327658321
-0.0023448804206216
0.151678131615924
0.2299941822036867
0.1395233060029096
0.2574482671133716
0.2611735624843848
0.2763457924135662
0.0586566941335743
0.1685687105166595
0.0876783198767904
0.0761854942696723
0.0694054558195013
-0.1203864828476515
0.4517704711945167

-1.7278340854682923
-0.1145896979980195
-0.4010739034133098
-1.2793379161164582
-0.0562063970997922
0.7972885312803958
-1.0399001363414846
-0.3052539729667178
-0.6401753523634381
-0.6813325987747277
-0.5434056378995115
0.4573049365155517
-1.7580398113934008
-0.2932233944902389
2.005300774222245
-0.1709516330955156
-1.59580668787135
-0.1056468790391448
0.3123088947274158
-0.8839910333882789
-0.5275411772883676
-0.8906096846684483
-0.68269474767146
0.0735425446630974
-1.1272767374520276
-0.0174614585152421
0.1699952639146351
-0.5527852580875006
-0.6729089815845611
-0.4464188850415256
-0.9728405243339484
-1.103846865936566
-1.2179798904530754
-0.1487010699386565
-1.169305924949552
0.1886611776620564
-0.2366375760398333
-1.2776409782717946
1.4335139076853598
-2.2817725358985137

-0.0044278401950486
0.0049968517917368
-0.0059741507842903
0.0042596788787985
0.0015091560686079
-0.0036295128927129
0.0009582851776123
0.0014528724599322
-0.0026650847280094
0.0054520054951893
-0.0156526995618174
0.0161382276193845
0.0693006791392251
-0.0336478637544413
-0.127118727903973
-0.0540287841756369
0.1989262850499494
0.2212752310249238
-0.6637863065770592
0.7309799016489917
-0.7393692966924074
1.2424058956673107
-3.4237224118974874
6.723885816505623
-4.699991528827177
-0.3363971943979186
1.7857282146536555
0.5721301390308712
-0.732387293061371
0.7326355605839701
0.3474006404253273
0.5610400430851928
0.5701333751052493
0.0888232196447392
0.5464741823648159
-0.1338721070703577
0.1483418381591536
0.6922490439964096
-0.8273128330687652
1.235849434464013

