0.1711060849517321
0.0430993015021691
0.0806131795877495
0.0537711509968782
0.0296827138944831
0.0075765637508395
0.0115967268841216
0.0209815693200118
0.0450114305920201
0.0708236061890895
0.0756141730008864
0.1109431599621705
0.1637814138776685
0.1930727046341325
0.0918211800683586
0.0864758845875103
0.0629688156207272
0.0530452270725825
0.1026302755338208
0.1243014505297969
0.1582661190328061
0.2189710841938922
0.3187329770996764
0.4080924780589886
0.3115892765903761
0.1486965633722412
0.1897565872946662
0.1207740751567871
0.1005677001340624
0.1259458883734225
0.2172677881188729
0.3665023998711325
0.3330065593247575
0.4423210985412816
0.3373831034103557
0.1845540178891907
0.2240104581590755
0.064964153077784
-0.0558141713232888
-0.0326498666270999

0.3613337860076085
0.1812563933020013
0.1303459628456872
0.1244850324297228
0.0825258611812873
0.0346778487683975
0.0310216096016608
0.0043842994640376
0.0366448982231334
0.1283123632369681
0.1080613615849869
0.1312569775954441
0.2046460224512293
0.2502021885978359
0.0689866769382495
0.0649054153687718
0.1593277710319672
0.117874716920375
0.088426933910428
0.1281059164753363
0.1468746726113007
0.2573880750074176
0.3306820252212698
0.417655185311043
0.3011726941957803
0.1659601996867822
0.1998520260569122
0.081523681008916
0.0360631084736857
0.0764022279191772
0.1486477291492224
0.1330342954528613
0.2084185785382639
0.2638393045604995
0.2469585213775102
0.1311077705371715
0.0993574702187803
-0.0354406769217385
-0.0084479611988938
0.337759718084837

-1.558503576312636
-0.7888274532177828
-0.5119552024452584
-0.5403999267014482
-0.6531556930328518
0.2157592279084904
0.0165041985132131
-0.0629695484122582
-0.210955512382982
-0.5706109558907649
-0.0201583143867852
-0.4848956247031151
-0.4344255010628636
-0.555728283459536
-0.1540892928278865
0.0630939406446179
-0.9682448595784724
0.2340695314348306
0.4834997123921034
-0.9667024743828876
-0.0493330711665951
-0.4946484855777606
-0.6933960188614509
-0.8330285186625792
-0.8104765031476547
0.14847621044769
-1.1490249834370885
-0.0180106118448028
0.1588769917353656
-0.4648442228802628
-0.6478503952436577
-0.4336102684565541
-0.9156068016244006
-1.0256954827349936
-1.2047300304483746
0.2869970061617207
-2.4965346763061254
0.7716205688853158
2.477572899063329
-3.315389654574083

-0.0021662031395868
0.001250281420541
-0.0008612840689018
-0.0001871522909695
0.0020364406757934
-0.0018607808333068
-0.0009172392418349
0.0019511763463899
0.0007943025299813
-0.0032137907727711
0.0026945337711818
-0.0010298314160409
-0.000475558206963
0.0044006843869434
-0.0361819579755236
0.1644632125465336
-0.1367133392972997
-0.2525924479957102
0.2249147923674763
0.5391446907860085
-1.1021722958961528
1.0696160164856825
-0.9619904976619772
1.2771860100748629
0.0162155771713968
0.563249601520442
0.2945438442995458
-0.1135983854983061
0.0182987963440067
0.3673925818922566
0.2452615102680942
0.2539932025289381
0.4778492255647177
0.5268227108985363
0.6190657080208648
-0.1725020397281418
1.3824938271170155
-0.4560812358120868
-1.4687625429289477
1.9027439769114207

