-0.7412643457296347
-0.3582496953260385
-0.2946580357235174
-0.0985277266931672
-0.3350076192871209
0.0349797464283123
0.0745669891929236
-0.0688334276251224
-0.211601026207021
-0.1371151742281945
-0.1094497817506515
-0.2429502995189014
-0.2496298734908959
-0.292062441725939
-0.0486665868271424
-0.343675425794161
0.0621836211354483
0.1046931893417207
-0.1088677264981408
-0.1264788919928305
-0.0174695537434999
-0.0964628852157673
-0.102487806034574
-0.1185884007754249
-0.0824900895276039
-0.0614595469139261
-0.0246271606211428
0.0721220669315218
-0.1755455329057539
-0.0935159754949008
0.2424879273019141
-0.2802547762231718
-0.0879273026867048
-0.2497349097287619
-0.3114875191482828
0.1232020152556855
-0.9001104858806097
0.3960086206852875
1.1901377227326926
-1.7641072160401507

0.3849055805381106
0.2249758076446859
0.1714324956333224
0.0088840587600789
0.0827028940546359
0.1202308157836158
0.1286437453970741
0.0956612591995146
0.1109359019058596
0.1862661904714501
0.2609919681232082
0.3400309844778502
0.4657026371560224
0.4894068097798188
0.2440256817347337
0.3168532054858858
0.1424787186045455
-0.0057376001483577
0.0384696038728492
0.1563690894864474
0.1829445233367083
0.1755953787198874
0.2719177951831565
0.3284619680194694
0.2306403164244473
0.1472998312293764
0.1729835467479962
0.015350822109912
-0.0168388649113435
0.1258921508484339
0.2087772107300256
0.1685931045516527
0.2597171617460967
0.3383960048599596
0.3122240217896043
0.1539268369575697
0.1368040889019343
-0.0046906590467301
0.0054215513823218
0.3252343733518543

-1.2917454088397884
-0.6707365826436703
-0.6181827638556262
-0.0312307457905271
-0.6950977233478886
-0.1243378080799843
-0.0128036740978333
-0.0366999501897801
-0.3624300230087044
-0.4891515162999041
-0.2650128171704236
-0.632873947601744
-0.6763033539874751
-0.8008601143466009
-0.1802589487129774
-0.8255363648763275
0.0216021255133617
0.2884829259425158
-0.2931397194477746
-0.518869596440493
-0.1126774631955341
-0.4697513761701037
-0.6229358327056729
-0.7518244527585802
-0.7538637118107592
0.2404742693883186
-1.2640056720999455
0.0423924143627168
0.3637685830236267
-0.4966840441435943
-0.9293959490850404
-0.2468143537403236
-0.9872352742058764
-0.9838904416238958
-1.165913877144192
0.2629553383373537
-2.283300993024825
0.6109374783085054
2.1576221001782043
-2.7472567061510547

-0.0021605906213869
0.0013069472601337
-0.0010389284251283
-0.000185430349314
0.0025730259353373
-0.0016242797813812
-0.0015237987242462
0.0009848946652464
0.0011495587695581
-0.0009556730699686
-6.58057821905173e-05
0.0004286653409055
-0.000539843736171
0.0010398220453174
-0.0019013552217573
-0.0041456236846893
0.0142309499994685
0.0058871505396775
-0.0237187103076183
-0.0213941044123487
0.081594411553322
-0.1001906129044032
0.1079855708747366
-0.1920160699713562
0.6047792511423502
-1.176877357295162
-2.54951769472695
5.929665408467882
6.061145083772551
-22.34081160610743
21.050600842020717
-9.001163213491754
3.1516669769084933
-0.2166820364311784
0.9384365785036748
-0.4629928589645711
1.5666684487044815
-0.4298543833863449
-1.514721695156827
1.8933691578014231

