-0.4354232793438745
-0.2123155995672088
-0.1227216273764377
-0.3219325979599893
0.0046231858801218
0.1093800384788006
-0.0499986876238841
-0.164544199084424
-0.0399556858675233
-0.0790355150040263
-0.0969995410740401
-0.0812908404818567
-0.0216192510558895
-0.0580390842328523
-0.0459321038154432
0.0287390970821629
0.0245702278543566
0.0080691640717896
0.0660826491170801
0.0423216145278969
0.0491659054924848
0.1181495359072885
0.1419121555427631
0.1869027065881394
0.0460635715201147
0.150484942277535
0.0922510483793941
-0.0541088889520469
-0.0668482355393515
0.1116145833040038
0.3025744026998956
-5.978101454012381e-05
0.0117743598328175
0.1328280329150413
0.0353757131459343
0.0386522952342503
-0.1502542447350079
0.2948978997995326
0.2156513707992329
-0.7953845117635268

0.1353948934310798
0.2452789291320002
-0.4306824151485764
1.0767623583791357
-0.1607277703167605
-0.4794935767870844
0.2447154742883929
0.5610152904196943
-0.0900242164016288
0.3781785608881498
0.3044980856772823
0.3783569841176064
0.1803505017906473
-0.0287296167569702
0.429620905160508
0.4380825054152603
-0.3043869990899495
-1.161823499031477
1.0476240447478045
0.4501487721074889
-0.3444603508355419
0.4877760681698374
0.2685836577653906
0.411970153514318
0.1042533967713114
0.3893256670582234
-0.2199240164871812
-0.0597236098660295
0.581155159109827
0.2909042807579128
-0.9639729671555112
0.436141997430679
0.1853381802462794
-0.0428024464519559
0.1656006120825377
0.1005193782848364
0.076943225520566
0.1108478933547316
-0.1912977443982375
0.2769154875170608

-1.351689500414356
-0.8926088347779011
0.198861727740259
-2.006528397338539
0.1403726035004716
0.8333750341247652
-0.5560941874224715
-1.0478369704409705
0.0453323808952965
-0.7722489932095783
-0.6743837431191677
-0.7711135465724818
-0.3623418834137443
-0.0538522215784889
-0.4948811448878715
-0.9969723157439914
0.1479194165428913
2.5314750688909595
-1.4723785649686318
-1.2457388349949037
0.7744519235447579
-0.8893876472025675
-0.5109878026309695
-0.8441294857697061
-0.2235644110742608
-0.5478703641219508
-0.0178482135225858
0.0435609457774474
-0.795263573724672
-0.4505795089091999
0.852044816601931
-0.8671538746202287
-0.5084818478253245
-0.5330814640955256
-0.903173027293332
-0.9274022320351452
-0.45848167913638
-0.949440482373294
1.4669737562534246
-2.1237284593561614

-0.0004010752030928
0.0004098191811231
-0.0009704093244543
0.0016350084114211
-0.0003612003333152
-0.0015973007077893
0.0010823875265245
0.0006159404419295
-0.0011155738977952
0.0008243161189599
-0.0007325346327619
0.001509656159891
-0.0046283831550108
0.0028933727812681
0.0185265735744558
-0.0017904360552123
-0.0280763392994415
-0.0249487554233929
0.0351049710362314
0.0791026307984689
-0.1713994767965553
0.1891559845143313
-0.2356587064140563
0.5423732016368734
-1.6940601028401738
1.092904444288321
8.37549268195541
-1.6012375958546088
-29.977565045582462
31.607318220965567
-1.8232632598444425
-9.495952977076932
4.884972283503019
-0.4832108396987248
0.5894538573728568
0.547136021936881
0.2217875508324792
0.6662375416850578
-1.0611701040830734
1.360903633320943

