-0.0486978
-0.01351
0.0288985
-0.0266632
0.0109633
-0.0317823
-0.0941106
-0.0775167
-0.0591035
-0.0826363
-0.237293
-0.259675
-0.111407
-0.117339
-0.0471306
-0.126154
-0.0198766
-0.142431
-0.162206
-0.367268
-0.37703
-0.163899
-0.200136
-0.0892117
-0.0332164
-0.0894031
-0.200988
-0.298805
-0.532064
-0.259666
-0.182832
-0.178144
-0.319263
-0.113711
-0.0160611
0.0247814
0.0996723
-0.0770266
-0.218469
-0.133075

0.247991
0.0881359
0.168788
0.035735
-0.00668228
0.0429457
0.00342784
0.0306688
0.0837447
0.123465
0.246939
0.23602
0.11493
0.169798
0.0224576
0.0525756
0.0178851
0.0257088
0.14818
0.178335
0.184509
0.118862
0.069502
0.0505987
0.00861658
0.0405856
-0.0277281
0.105049
0.0442877
0.238564
-0.505586
-0.484865
-0.0342929
0.609548
0.454317
0.193812
0.0504378
-0.155244
0.101692
0.42404

-0.852655
-0.323925
-0.410659
-0.218038
-0.0850448
-0.00106267
0.00543223
-0.0762981
-0.302878
-0.481094
-0.742228
-0.83181
-0.349245
-0.49693
-0.255407
-0.0475528
-0.0592555
-0.16565
-0.469831
-0.682901
-0.701738
-0.310439
-0.425765
-0.180662
0.0095215
0.0119272
-0.247805
-0.404364
-0.431677
-0.635253
0.24647
0.330315
0.420115
-0.271158
-0.513504
-0.505479
-0.401747
-0.153992
-0.202988
-1.16135

-0.00867366
0.00675285
0.0214979
-0.000247154
-0.0448564
0.0221283
-0.0135943
0.0145167
0.00524234
-0.00455825
-0.002544
0.00746009
-0.019863
0.027586
0.0105524
-0.0481036
0.0236761
0.0071527
-0.00819432
0.00417836
-0.0039067
0.00722809
0.00345167
-0.0017998
-0.0251754
0.01181
0.0209114
-0.019987
0.00940585
0.00674641
-0.100992
-0.0351995
0.0608123
0.120419
0.0548465
-0.00197374
-0.063389
-0.0467126
0.0358291
0.00542144

