-0.9852433902831114
-0.0523082364488584
0.3894610803392285
-0.1196528105803506
-0.4737914255974893
-0.151279338426626
-0.3816008860261223
-0.3654842436699888
-0.1170463311125304
-0.2317747131662159
-0.1572043679908209
0.0130874871379695
0.006196484648046
-0.0644479777493569
-0.1108211269594662
-0.0823853604015464
-0.0722643884295912
-0.1400262895537161
-0.1549134330542639
-0.163602843638233
-0.0581342223835959
-0.1366880858539474
-0.0338475754694031
0.0437167733816793
-0.006293684462366
-0.0718828851083883
-0.0565528255430394
-0.0505832207974561
-0.09402709375028
-0.093913191065046
-0.0933878544933381
0.0630096529342686
-0.0676042372491714
-0.1260219076895965
-0.113460712449035
-0.0807042925697265
-0.100099486005928
-0.3854186293686175
-0.1797347128014325
-0.7428670251512867

0.3505482114822483
0.087625844081732
-0.0474883889277526
0.0362451787531389
0.2587120666671047
0.2668329874031491
0.3677956266442594
0.4346751001208218
0.175175085973117
0.189309922587233
0.1701467196433387
0.0940127873352696
0.0881984132719669
0.1280516966606699
0.1655344516269769
0.1748816584577979
0.1920227595387272
0.2749838685935433
0.3399898304566676
0.3447595198861855
0.1744167400761551
0.1544495962996386
0.1002711467526363
0.0483625183041641
0.0609478855649621
0.1115982281757944
0.157780898575425
0.170303221545131
0.2516263576831712
0.3306599058155896
0.2528915052153883
0.1425353028204411
0.15740696265825
0.0762184812075242
0.0490086686516221
0.0919327921593479
0.1520369790484529
0.2108020921285737
0.1593109637248717
0.4117968885713809

-1.759736686076135
0.2990121008810461
0.3551328335225476
-0.4426027130550696
-0.7566965494520792
-0.4708874574303797
-0.870386479126779
-0.9215897596196974
-0.2012137960040752
-0.6456388741344183
-0.5244891097807349
0.1430451542796781
0.1655000563455826
-0.2592061705151157
-0.4848058672036314
-0.1339177019356348
-0.2320969064559648
-0.5195165690502707
-0.5424706891445148
-0.6876905550113215
-0.2460115893407417
-0.3632922834770205
-0.2884081455264404
-0.0279436522428325
-0.1682628134730169
-0.3805654657502353
-0.4347295313495443
-0.5158482387801675
-0.832277397595707
-1.0188123230313664
-0.893053124746189
-0.1524843986225653
-0.97179449281184
-0.0709710047888106
0.0254789721080733
-0.4682322642691214
-0.3817506318611677
-0.7591563430532464
-0.4523413168698976
-1.3652226621903711

-0.0059749022243259
0.0013330656567183
0.0039499919806293
0.0001088105951844
-0.0028410356531232
0.0018250463243198
-0.0007487851085923
0.0004086398082738
-0.0004259250782211
-0.0002891994857812
0.002222344798476
-0.0014878246789617
-0.0013875842008432
0.0007847998620392
0.0010441281209356
-0.0003163526076548
-0.000747368148781
0.0007017703310195
-0.000303088756921
-0.0006840484110172
0.0113620249717809
-0.0624019728235147
0.06176987633781
0.0929330766217161
-0.1003803685977368
-0.2041980910658647
0.4528337911220361
-0.4599888910867062
0.4380783891820008
-0.6990073233633602
1.5395889213338416
-1.410112514263831
1.7516826214494616
-0.0447476687437264
-0.4487107006301504
0.3612763578697976
0.3095310194125789
0.3824798746890323
0.2656098875802065
0.8402824526175846

