0.955242747457056
-1.4044609994348334
0.5911810677608126
0.271855897443001
-0.1946657997833905
0.180307791714429
0.078736784698574
0.1514718646309337
0.0062417582990878
0.1078668450423554
0.1023529528753962
-0.0944227123627539
0.0444605562864013
0.0916674828010399
0.0381289226799579
0.1171158246799084
0.0950320538263948
0.2078241546093342
0.2594299816397095
0.3336102677882926
0.1188806784690517
0.158969273054497
0.2289133546633672
-0.0149446963750382
0.0368794588835582
0.2515973384104367
0.1863855135938508
0.2831630011610028
0.4000843799704232
0.5188785407650852
0.3415665281484809
0.1815433295982253
0.6801854274364607
-0.221151375205462
-0.1703351353651692
0.3043888467507374
0.1482109061895969
0.0534356447542838
0.1333624000556805
0.1353345979377783

0.4008095386391873
0.0069113445106313
-0.0693129627781547
0.0766100062144185
0.1785993505061724
0.138606763248425
0.2015623737051129
0.2168953691671231
0.0561655518171876
0.131272225484337
0.087321276523328
-0.0059488480913333
0.0516041076037795
0.0442447451731251
-0.0018819038275504
0.1504374176681047
0.2031149972105306
0.2162127340241771
0.3233779531396525
0.3744923632841474
0.1402062491169907
0.1742012276932972
0.1681702324055648
0.0873346664079752
0.070220210191519
0.1356977931823587
0.1953798276477856
0.2138172756487313
0.2873631586737094
0.3176341011989904
0.2385697501270884
0.0831467875372036
0.1288705552295654
0.0642473182294951
0.0370319693790785
0.071739035664355
0.1172730099215011
0.1861461233762079
0.1243197920065053
0.3676426501439253

-3.136839142890523
1.5988454458366366
0.6575259284758648
-1.4635622426746997
-0.1884017271469443
-0.5803716413489708
-0.722314329180835
-0.7922366899288988
-0.0317021759037293
-0.8697060178844107
-0.3179047465224309
0.8329349814560206
-0.4931544173559863
-0.554555309061444
0.7006273046793893
-0.6780103373459575
-0.2206009620507794
-0.3679656012217146
-0.5215506954134634
-0.6752886458695446
-0.2272979629139733
-0.2442509868422431
-0.555487274597884
-0.0022800510007961
-0.0928175029069568
-0.4878767423835145
-0.4451844423082828
-0.5587633245778063
-0.8743975333330238
-1.0066519874961652
-0.9291122777445646
0.0833152631014008
-1.276634930472213
0.1088894399339261
0.0842361916863589
-0.7314111112667492
-0.2160808715492288
-0.942982633338636
-0.4788262059825068
-1.600258746714752

-0.0058839518687937
0.0013517048656851
0.0037706076454693
-8.006428092718181e-05
-0.0021500822761802
0.0009349570382899
0.0004076100593097
-0.0020847269425515
0.0052216772642491
0.0030896364593046
-0.0215462693500524
-0.0137755706835017
0.0268524899340849
0.0466493570410987
-0.0213728504109671
-0.1147413810360684
0.1733500809542892
-0.1460264997779829
0.1336521959247934
-0.1876975526932652
-0.4931417389621108
8.802400969355144
-26.692386770968465
26.617273660313472
-4.435324782210791
-6.957877322204853
4.643076323314696
-0.5948090097075198
0.5595304941332021
0.573737839207911
0.4765710928643821
0.0259164112108858
0.6453125885284241
-0.1025271097672818
-0.0423139557667828
0.4064939163729905
0.078349250752944
0.4997440635594979
0.2343274580684864
0.8470045426293366

