-0.4323210530636462
-0.0222121987625541
0.0250891659198751
-0.0886011448246573
-0.1486128870742853
-0.1350580867328693
-0.1695320863508588
-0.1642957248481996
-0.0632750623469172
-0.1253698112625673
-0.0480398668106688
0.0340368072253226
0.0431110908253148
-0.0101778267536729
-0.0415521131576978
0.0075516871680241
0.0343255996713348
0.0401403819159308
0.0807954012361042
0.1187435083625212
0.0444609127008925
0.0479794312472289
0.0684348440663273
0.0465002013198148
0.0482768870230269
0.0694130048883876
0.1035884322635161
0.1420004603315335
0.2030377806030534
0.2634906743491918
0.1851986486270745
0.1588311799760512
0.1491654601294074
-0.0177509906136632
-0.0600622089449053
0.0065127531750527
0.0176700448438178
-0.1469275608706299
-0.0608502537849209
-0.3982090595964316

0.805393668208951
-1.4746941794098365
0.4946589330107473
1.070114150702047
-0.6700333904378191
0.5615303997095497
0.2099198113680639
0.4632474749371295
-0.0175507115216291
0.6274342380420302
-0.1821033996854734
-0.1065562182549027
0.3747606682164051
-0.0549578533950187
-0.0342370077529305
0.176693416131442
0.0990707112960612
0.1124345034749351
0.2605474407589876
0.3136577499149208
0.1505816746880673
0.0534712948170969
0.3034286306163785
0.0732069344820889
0.06265852252377
0.0708758786237591
0.2024601904317771
0.1522635583362543
0.2196551130733149
0.1862212394827727
0.1379108510360708
-0.0944316207370313
0.1887504838216568
0.0205980856787806
-0.0279829563678136
0.0665806898196334
0.0395504553602241
0.1055096220788071
0.0546220739688665
0.1850044142127817

-3.0293473479076645
2.5944793390395327
-0.2320901470377084
-1.9658118060780212
0.4366248339939631
-0.9973260403716482
-0.7685035426984597
-1.0418554280672243
-0.089924392065633
-1.0675702004571208
-0.1340879974461538
0.3015108647776799
-0.3098767498650652
-0.0546053781314693
-0.005640320647263
-0.3167684395290537
-0.1027526234946676
-0.1537943744263923
-0.3688319527946566
-0.4883260302326379
-0.2556533544952736
-0.0309234596149895
-0.5384815888298626
-0.1505892415028146
-0.1533041667309929
-0.2685448764023938
-0.4813922587011261
-0.5062504585804903
-0.7852699804530295
-0.8664643339324604
-0.7864574799991513
0.174394545367731
-1.0766618667378969
0.0136436995681667
0.0491205665239507
-0.6012258242839267
-0.191686037047002
-0.862269244992737
-0.4200655340258209
-1.443427276675329

-0.0006920226420032
-0.0054380944550841
0.0028721259866183
0.0053426142118415
-0.0057002473025647
0.0024971187402977
-0.000877632882203
0.0005853278028838
-0.0009682706015423
0.0004363524679944
0.0024188868129781
-0.0019397022489866
-0.001659847891007
0.0010178036544005
0.0010342822109673
-0.0010504287427462
0.0016231285768955
-0.0030113333932754
0.0050595681721367
-0.0116568732481973
0.0260236052922552
0.0177347491822131
-0.1144807810923989
-0.0521679784905245
0.2150067108901726
0.1833737885628606
-0.7186633347875235
0.8693555099228134
-0.8877872855891775
1.2461566148947252
0.047492136272334
0.5244839409501622
0.2628801501163749
-0.0470998714860585
0.0675610631748165
0.3003456587780814
0.1543678127296349
0.4568303667703026
0.2508984899215614
0.8423507803618243

