0.3502456629963827
-0.3119246405956754
0.2714687632286083
0.0360658320375827
0.1543258502796661
0.0071653491052852
0.1392391623956476
0.0456570088232052
-0.1145918502005219
0.0700663441357773
0.090924617581335
0.0201009673034122
0.0901041945080786
0.0798066007096623
0.163092424068734
0.1895804609660542
0.2791064540533423
0.0257819434412748
0.1563113595420799
0.2610370619384443
-0.019685751339151
-0.1085950764028695
0.1144060837261401
0.2657444414832833
0.1149951303078936
0.1685883732967309
0.3388185462569486
0.3913716837131278
0.4700035456697311
0.3451370891156665
-0.6271055869493456
1.6545186920983277
-0.3429101062959072
-0.4951477317384207
0.4420601907868269
0.2631331850948932
0.0266544857671883
0.2385095603055363
0.139493608632711
0.130466147287042

0.3665132415844069
-0.0222121331178075
0.1921354919574448
0.2302320036262845
0.2373392520850561
0.1122158846401472
0.1575553575306026
0.0638370466764668
-0.0312697563149747
0.0321614346792602
0.0555389752684537
0.0536668297090532
0.1169573514839036
0.1179249117890691
0.1519912511794429
0.2667483297410501
0.3177899152400265
0.1224730022253718
0.2047665966790357
0.1638060199407785
-0.0286433894837141
0.0131463907057948
0.1181352411407228
0.1739774050650203
0.1569781590995851
0.1697275616428906
0.2584583816635784
0.325361823365326
0.3198718337547976
0.1691354467546378
0.195588312850889
0.0286430532847848
0.0011612997221045
0.0639365429448285
0.1246385158987582
0.1355295736541468
0.1310014931997731
0.2482421095979499
0.2052823921442915
0.3403989957801639

-2.010545375695875
0.7359196800818023
-1.212174011340065
-0.7352788267153928
-1.0361333553712953
-0.2541535607232695
-0.789439306047124
-0.3754952181142893
0.3501108286392843
-0.0285688254236566
-0.2367920503155307
-0.1509644894799117
-0.3250240196899263
-0.158744931940618
-0.3420391934737365
-0.4624814254220994
-0.5699747840568533
-0.1871319208338255
-0.2224830888415595
-0.457456458002322
0.2174490438916297
-0.0226550974022195
-0.3444536570238973
-0.3936454819138302
-0.2735872243702418
-0.4034981680541708
-0.7002861037469501
-0.8243588067551905
-1.0307907358318371
-0.3357111084301751
-0.5863400644946217
-0.5376306527098311
0.0053023130786616
-0.1161089592655471
-0.5332553254711148
-0.6517149107055018
-0.4924926753445351
-1.1013967490714751
-0.8769934548901923
-1.454849805289418

-0.1418061281075437
0.1573072011257428
-0.0747752436520273
0.0248157254758869
-0.0092755122247847
0.0080702184990808
-0.014606863783804
0.0130261006699133
0.0092824723354895
-0.007495417013992
-0.018543093143623
-0.0001365074667396
0.0401760445080933
-0.042011799260961
0.020257495396002
0.0012765907716495
-0.070409539943464
0.8484771580403215
-4.390839827963832
3.0253468048461998
8.57343700460786
-0.1084252223146643
-28.28171189327727
28.810488162273124
-6.456945364405284
-2.904777742060127
2.76327571136368
-0.4040743441305424
0.9703092859130114
-0.1568361877284245
0.6564806397307639
0.2949800685282022
-0.2261412991902598
0.0638902544523305
0.3912385926154493
0.2872515756907211
0.2343154395225406
0.5860284929643337
0.418769592086001
0.8238226440764611

