-0.8679065806070864
0.1999340876384183
-0.4480030751645752
-0.3629132730451325
-0.4486650423775807
-0.1611217567860979
-0.2683073367456747
-0.1887337965720333
0.02601890744809
0.0412210245526636
-0.0812637755165544
-0.1539344322691123
-0.1401434422845323
-0.0955651809222898
-0.1886238268749254
-0.1972415667087597
-0.2056630124698605
-0.0589327917936938
-0.1266423027702858
-0.0869804636729193
-0.0178189549354922
0.020209101350373
0.0191674654492091
-0.0446621690592212
-0.0755553114809968
-0.0383216049013844
-0.0659838713823481
-0.1036619785604579
-0.0748726943650488
-0.1478277465819568
0.1647122277773523
-0.0130431315722491
-0.144422405351372
-0.1072130975849048
-0.0763244905192272
-0.1714607967902728
-0.2074129796557783
-0.411100217277464
-0.3515535831429561
-0.6774143780069873

0.3448681267387434
0.0493099797812314
0.1975818572612672
0.2930815301139226
0.3600322351540528
0.1788395117691058
0.1771665205847399
0.1461623105083043
0.0656737713039888
0.0693225313229342
0.1215474672780564
0.1742925153492916
0.2156309824384683
0.2548141582470465
0.3399996961640036
0.4310503157590842
0.4101454251562262
0.1880071707628817
0.2331794431628331
0.148979786874444
0.0016107274677298
-0.0388123384914593
0.0420848489113631
0.1369137618048899
0.1553805853015109
0.1342421530493644
0.1975065942968898
0.2664122945570105
0.2916643907899335
0.1294221663610423
0.173104718177582
0.1353070041051033
0.0544589517389929
0.0581103622827318
0.1224566156882641
0.1715162360937242
0.1807219434268222
0.2886080619446266
0.2496024802775063
0.3853745238406418

-1.4999332652053403
0.3852033103782842
-0.9690293317788916
-0.7369092547173768
-1.0248283690743196
-0.3248175292278062
-0.624325474180927
-0.4959387225900628
0.098338068997142
0.0808675771442812
-0.2372103169828706
-0.4283282723667137
-0.3244044733528402
-0.2779532806972399
-0.5646590206016563
-0.5759879515328601
-0.6901885112333387
-0.1358188254396191
-0.4531441888859815
-0.4206471961651106
0.0859279730949648
0.1972408795477716
-0.1753089808864694
-0.4765570920122404
-0.3456267991973863
-0.2651754595445048
-0.687140277996746
-0.7463694811985341
-1.0245462187889367
-0.2192533260801976
-0.7103929935940737
-0.637960501851812
0.0649385778163233
-0.0503030124751363
-0.5323177704980886
-0.6352048087844611
-0.4354828843294998
-0.9938434739727968
-0.7756847792881245
-1.2536137872531712

-0.140876679797501
0.156674255596959
-0.0747615966369823
0.0250183358528366
-0.0096865511690289
0.0083442783912851
-0.0094559733106521
0.0049467307639186
0.0008150806226465
-0.0014915214392679
-0.000194424530541
0.0008510786973574
6.341482539048884e-05
-0.0015160204900622
0.0023797505398606
-0.0034403946187225
0.0080087815307612
-0.021542945587979
0.0028304795564799
0.0830176312532253
0.0200125096781477
-0.1189931755515263
-0.1459942704468628
0.132411825095171
0.4085922462382724
-0.7721266150043203
0.7876232642870284
-0.9052198889427572
1.926593594849144
-5.871726057720618
10.61454819117672
-6.042331369467133
-1.7066337396753948
2.3762256243970814
1.1510479052399003
-1.0985973945733327
0.8308715208291823
0.4268949729072812
0.4611923548716198
0.8110380902321286

