0.0125704818560213
-0.1218796553701562
0.0457924751053612
-0.037087961904606
0.0151308010449465
-0.0345470735263542
0.0458202347189785
-0.004599035925424
-0.0324703374549425
0.0685667361552278
0.023877090646517
0.0315592306208898
0.0779113815143121
0.1074044047734696
0.1267837468806133
0.1215738727165621
-0.0661389646933736
-0.0149206210287685
0.284289361436477
0.0112404345544819
-0.0031584079948938
0.0560320956490595
0.1672662002429245
0.1415213238939071
0.2265710288852062
0.2978777878051044
0.3640391317990441
0.0311129774758496
0.7576761802123627
-0.6434502428444383
-0.9203831037947452
2.164959815289372
-0.1032307198662017
-0.8686497464912739
0.3166407928018325
0.2835776761042156
-0.0550423993991029
0.0906238909712982
0.0278424612087957
-0.0756379141732516

0.3991183540766967
-0.0662006805121029
0.2614124700274297
0.221916433619542
0.2367157803898258
0.0551285275266896
0.2370909527334477
0.0173580944222752
-0.0896584385126312
0.1239955059247965
0.1576150821148909
0.0752635901930699
0.2104087741072447
0.2535603737549129
0.3305919755711749
0.1322122438173177
0.0706428733859437
0.2347791679828084
0.1856739555958646
0.0774573748849487
-0.0670568919740669
0.149373694132797
0.2713575235738958
0.2169534928496862
0.3113692837268123
0.4077547887652484
0.4416494173566693
0.0894876748751768
0.3679214210510687
0.2673707658881706
-0.0428139386980442
-0.2769366015477436
0.0181026372384835
0.25874647901845
0.1618141782183128
0.0501475764242254
0.1784282717883018
0.2651977700667177
0.1646548857732758
0.3271310688935595

-1.949856631755448
0.5750567915572888
-1.2772372194331028
-0.7805109427993993
-1.0475779414099906
0.0986216485622881
-1.3753656216363213
0.0413970822839778
0.6803781077787179
-0.54471255391535
-0.6183785572368174
0.0272466297617498
-0.574703742221432
-0.5042735602560758
-0.6614164714867844
-0.1657598356009443
-0.459217209465208
-0.4365825543939868
0.3400589743970381
-0.2155212102122975
-0.0900026008224958
-0.4902176804324294
-0.3792325511338559
-0.3652256082124392
-0.790034540297143
-0.8759062160191591
-1.1442593136127153
-0.1990837803725476
-0.8384518487595123
-0.5653719293006558
0.2948879421501982
-0.0877035774318163
-0.4167280917586359
-0.5220136438359386
-0.3286167866253076
-0.6370918996834922
-0.6929104218602944
-1.167566230011507
-0.7391208559806764
-1.3957987676799055

0.0348208051198289
-0.0380509404952083
0.0077259681961897
0.0051818054614152
0.0032059299365343
-0.0082319221549102
0.0100588369478821
0.0006036399203017
-0.0070472743966641
-0.0018667778768957
0.0049172881756151
0.001681993801864
-0.0039805727180603
0.0011935689951603
0.0064830099200953
-0.0075914917250253
0.006307029284969
0.0063941799654554
-0.0049986717257754
-0.0072143206678264
-0.0010671229174034
0.0051431942635987
0.0038768952233804
-0.0026733984709003
-0.0026722903587167
0.0015939377766439
0.0063346575590224
-0.0097435309571896
0.0077148617029996
0.0065733418486642
-0.0048210836497055
-0.0073168137179639
-0.0014035133550639
0.0051550383581981
0.0045951161930378
-0.0029171473578807
-0.0064155799675221
0.014062399354094
-0.0207157119347587
0.018202380476301

