-0.4159972433558831
-0.0026312008284811
-0.2628058401218195
-0.2650688585148012
-0.2194270831827104
-0.0985358985541192
-0.1157104318576005
-0.0579087539274771
0.0001608346122895
-0.0077773491964527
-0.047581947008599
-0.0494357344266003
-0.0281521015087033
-0.0396796069922386
-0.0144677396242866
0.0076439589660082
-0.056621199836689
-0.0147811871891447
0.0736897759851969
0.0773333585357015
0.0236389596598304
0.0223136595303908
0.0617664925727098
0.1027748229370844
0.1375546628915373
0.1747746938450698
0.2282307961997093
0.0794517820190835
-0.0176839254291394
0.105197776914633
0.2632345126803075
0.0962847973318686
-0.065236002081289
-0.0453643086411829
0.0432288071911584
0.0225293680496528
-0.0415815611165807
-0.1493294821515753
-0.0725970115510491
-0.3718290071947387

0.1529423496792152
-0.0280083643040013
0.2605299614861673
0.2919149728092333
0.328300035679029
0.0962322300740188
0.0113338139974803
0.2569308849847506
0.2079597978951181
0.1016590086535314
-0.0637843398200258
0.3458983048029875
0.1722825150090346
0.2839868976471663
0.2859139374235548
-0.0003755012792056
0.9286765925991712
-1.3314836586885337
0.1518029749427337
0.8809737502658469
0.0462056555021174
-0.2319835678076525
0.2091436167125307
0.2626177851144413
0.2432442815954484
0.2780510576393006
0.4247888709620239
-0.2953859739918491
0.843398078153057
1.0466510570068
-1.682997082426218
-0.7150472850730412
1.1092696113710705
0.5247541267074127
-0.5916240180881437
0.1870744081740747
0.1161096296681451
0.1040350283024432
0.0913172233520654
0.1596555269740718

-1.5538859867112644
0.3594973850236061
-1.214038620975198
-0.9126731545562816
-1.1368196196062976
-0.0100734523906478
-1.075898180900834
-0.2009675687413878
0.2369551318404977
-0.374975491819874
-0.4198352264363514
-0.2783808878977836
-0.4908793923703328
-0.4855040580847297
-0.5786201469664864
0.2518420394035613
-2.34960585915798
2.4341187808572067
0.7511646962931443
-1.5217498510723442
-0.8274429499668201
0.3507440029803966
0.0707565128335971
-0.7427299251946021
-0.4947049974767019
-0.7190316717492137
-1.011902266857953
0.1950739442920439
-1.2108623232142883
-1.503072280745255
1.9198761295335305
0.6321845786639829
-1.4423672275373416
-0.876521837382392
0.4266882180437027
-0.7247519970112531
-0.5953052850963266
-1.0013943013344169
-0.641789751353245
-1.2560647409163035

-0.1593941986065702
0.1631490559789553
-0.0739827148974351
0.0254376539840683
-0.0120643765677693
0.0120096286138492
-0.0089790288585905
0.0002099898456913
0.0018934555877981
0.0011347246030678
-0.0014150532746464
0.0004325492514779
-0.0004666631160996
0.0011130321778773
-0.0033090420637014
0.0120157216430407
-0.0161951769732085
-0.0311920789820115
0.007277975048897
0.0634897857228818
0.052006660073485
-0.0917825352375147
-0.1751390949472021
0.4240843850156457
-0.5017187147746679
0.6691230184436319
-1.719727942954159
7.740226652768255
-25.1889577311613
26.61704637193497
-0.3969342037624242
-7.593640987971875
-3.0973780871322893
3.189533034120755
2.4700119594706726
-1.9030979961671632
1.069360962471953
0.4147311649130514
0.3752288342963616
0.7960243621001771

