-0.7136028306274469
-0.0904850177209069
-0.4920794740844103
-0.4004962777697036
-0.1302074874407479
-0.2826493074629613
-0.2265904309333452
0.0373960783642356
0.078731189998981
-0.0699468168147986
-0.1965556404839586
-0.1347357130479703
-0.0978214504332795
-0.2072912615442301
-0.2160513725113184
-0.2295775867652542
-0.0701534590515083
-0.1496557062260333
-0.0762862349562395
0.0316282690993152
-0.0191353270762687
-0.0797269882889955
-0.0542746155792448
-0.0620766205620528
-0.0933920235903487
-0.1131536270786929
-0.0744869873612327
0.0078641262449124
-0.2586967497903676
-0.0015400465757453
0.3466574780369846
-0.1851859144729865
-0.2382176607461315
-0.0194739328099272
-0.2805667738550694
-0.2934937789247528
-0.4425400348192378
0.0016010084891705
0.1711561215103943
-0.8918281499948072

0.3336436924786269
0.1210778686608484
0.2749982266285055
0.2976375576123049
0.1312911811676045
0.1376924604470614
0.1396615866350727
0.0873291545863213
0.0705393321787781
0.105910699334515
0.1582336702094331
0.2056611399056088
0.2598747367871963
0.3435260031844113
0.4500042257954076
0.4438748889460105
0.2443638957935378
0.2024133850686751
0.1269749515042652
0.0516659764174998
0.0427720691900826
0.0993567288146562
0.1668777427718148
0.199468040653153
0.2594383134392115
0.3189075566059348
0.2411402790719203
0.1150309986490126
0.0857228716783502
0.0730455960153188
0.0958509641682565
0.1168807509340446
0.1466805144422258
0.1898268141138429
0.2541366961081218
0.3336458481424811
0.3097750817543814
0.08587340658809
0.141322393096136
0.2326848541978187

-1.2133862852243085
-0.2360432825353562
-0.9602981498978144
-0.8621890081966218
-0.3263219607803207
-0.5088187226237935
-0.4395288698550611
-0.0773573438292712
0.028806244233928
-0.1471777925374775
-0.3377684734703566
-0.3775998725619496
-0.3534171571972372
-0.514837609789712
-0.6523586617919174
-0.6687444874500232
-0.2839493476360187
-0.332435244375131
-0.2473809884321117
-0.0867136345024085
-0.0929566085162758
-0.2548246002732362
-0.3936894419565306
-0.4516588762826201
-0.6811135193882553
-0.8556695337809731
-0.697447108163134
-0.2869924768565318
-0.3362403422793149
-0.2076742950852622
-0.3753990158352049
-0.3721330154665104
-0.4127920897407405
-0.6177135815354676
-0.8276380304522193
-1.0145248227142698
-1.049434754251291
-0.1665770187024228
-0.4622181648865623
-0.8224886802264927

-0.1511332514362516
0.1257125562106411
-0.0537965496867012
0.0254283777818974
-0.0243745554358856
0.0230010346716229
-0.0025158684553776
-0.0085197011747649
-0.0020955794272584
0.0042769887406755
0.002660979457703
-0.0030060207114127
0.0006802594641124
-0.0002457511659988
0.000626960892857
-0.0015324122560679
0.0019217707465142
0.01329232177077
-0.028330656888556
-0.0246391648258756
0.0537547669599466
0.0618030393526293
-0.1957041598223942
0.2295370338213009
-0.2425129586205721
0.4303519297859495
-1.391684999667011
3.0725121656202896
6.064557350394193
-26.719596541462906
26.99931831511819
-5.50373822495685
-5.323577981106733
4.33237674329818
-0.90609232936425
0.9448080051657076
0.38313142103117
0.4747714312981689
-0.7177150073604888
1.2837787784985435

