-0.3727836105423272
-0.0824769118724956
-0.3055250562582502
-0.2568328326610438
-0.0867946942766255
-0.1789065760002107
-0.0575850212670964
-0.0137681205723508
0.0244035830875261
0.0031416663844437
-0.0546267626628064
-0.0517624967790997
0.0026238729837248
-0.0350845349374064
-0.0122820227797485
0.0058077295366636
0.0453801204725675
-0.1425200559275715
0.132419564782012
0.1271960973084805
-0.041673350559626
0.0245550543791553
0.1262953967452274
0.0940370564534769
0.1702840540828369
0.2042489223382878
0.1793170091753672
0.0720076161719274
0.0352338897270276
-0.0210152165917279
0.3785202930926247
-0.0255091486755913
-0.0511551341373564
0.1678229558545317
0.0046141500031889
0.0301479864618521
-0.085310607507781
-0.083017399159525
0.7466558968488023
-1.0404501128549448

0.1305289207612137
0.0533457300055182
0.2500622638214923
0.2973912396713893
0.2004925386761841
0.0157893117393867
-0.1353986116085206
0.268082529842378
0.411337922829798
0.091488851328185
-0.2943942286889555
0.25027568479052
0.2832807617414892
0.0950232412571566
0.2886990848853291
0.1676466254379688
0.3364734509900787
-0.4490186009742424
0.277316631783553
0.3974214075969707
-0.06890041061839
0.0171739335487921
0.30533367935099
0.1981949505088605
0.3260971319783379
0.3443476940072184
0.3000497697566096
-0.1582207214019915
0.6803669114061998
0.2513945295109377
-0.8563556471094318
0.1277261760472661
0.5098063699476059
-0.2209547425979875
0.1935113785696446
0.0968228321081736
0.1439089428690203
0.0190166586846653
0.0083833546060692
0.1643660241857506

-1.3011482967801578
-0.1983443534760119
-1.1235613169138738
-1.0360199913718575
-0.3530139234953762
-0.6857304219781084
-0.301630576998164
0.017005693968836
-0.1681733841744828
-0.3118115354784761
-0.0265830029738898
-0.3783939854475331
-0.3410650270634687
-0.3081805219526374
-0.4885068278406862
-0.2602755604782066
-0.6380398923369226
0.6889160474323159
-0.0447630857420713
-0.7861541347284287
-0.0570947070315218
0.0537993677634065
-0.5627388972917836
-0.4120690649705337
-0.7314492165970042
-0.811880708219174
-0.8848989850932286
0.5450465093731165
-1.727918207342052
-0.4510579302481806
1.4517080855173885
-0.7528218908075743
-1.0445808778132908
-0.0098381434708231
-0.9532419077785168
-0.879750947197787
-1.0561268101097956
-0.1758991426965947
-0.1130542464523921
-1.213583267343321

-0.1530703776831308
0.1272814392783326
-0.0544431295519765
0.0257095288935075
-0.0245995196142844
0.0231155136725346
-0.0023846206078996
-0.0085270509139111
-0.0022526004421587
0.0041253452769915
0.002794158770972
-0.0026234509648662
9.574605428111267e-05
0.0001548239444307
0.0004498009975342
-0.0018237837108918
0.0068961394062504
-0.0118287216898767
-0.0076943142578387
0.0124746843691849
0.0236342290914403
-0.0142500168789629
-0.0554249739637729
0.1099082943443256
-0.1523885770219143
0.3262758071990812
-1.5014620724223078
9.030765622983456
-25.87663783439951
26.14564293894699
-4.27164007925709
-6.9061133535485055
3.887402908572832
0.1822531485330129
0.1155529172839519
0.7020770323867908
0.4716961295941794
0.4201419714194053
-0.7114842369008884
1.301912145243863

