0.2458018216780106
-0.0917089119789878
0.1704110251170226
0.0899366039126933
0.0459905261272144
0.035043658690037
0.1789036885069194
-0.0951783454812386
-0.1149081990770068
0.1543472561425306
0.1185992369960877
-0.0192141670029048
0.1112621721370443
0.1395063443725847
0.1779613893191117
0.2339953421000347
0.1185051006399742
-0.0466987054607669
0.3634709660969785
-0.0184405617326018
-0.0033577475320163
0.1842358912166319
0.1997369232009796
0.2186281319696049
0.3592507188038424
0.4271080657893429
0.3888632726320308
-0.0957081330468663
0.9389825176504596
-0.4389861392066668
-0.5260267332483155
1.4232514193724333
-0.4617639704780596
0.3645030143271638
0.2961043051861101
0.3056781429659349
0.3010913982691066
-0.1156854489549735
0.8244170279559634
-0.5606367027422405

0.3220568351647581
0.0855526246790047
0.2368290209352128
0.2326404093372189
0.1077141395666488
0.1184180867710912
0.0886259728306223
0.0134584404066909
-0.0077251374004058
0.0439340685121064
0.0755352867296014
0.0858587633466824
0.1194712109814774
0.1547684350927933
0.2192195933046898
0.2743889309724938
0.1481786121437554
0.154211696270823
0.136882553461698
0.0848883224898168
0.0563233295512814
0.1328337433519627
0.2067545097381306
0.2505842531145256
0.3334200086995023
0.404003198382598
0.2870372895266256
0.1869411638070647
0.1611146272812882
0.0629345863058628
0.0213526111356927
0.0443398343720922
0.1325214711462921
0.1667237859828074
0.1937230594690284
0.2659778503129622
0.2567601143924342
0.0485563760393443
0.10988940413621
0.2326086071129954

-1.554373843152732
-0.1437232640601238
-1.1144616824253877
-0.923794381822743
-0.2132289966477108
-0.7565632773679483
-0.7173844100624649
0.3782885941674628
0.5347325102670388
-0.4603702016930733
-0.5666598052299986
0.0237888804258002
-0.2322507973224242
-0.405936412955619
-0.3838076465691142
-0.5354349810496878
-0.2060518976124691
-0.3677363009669938
-0.0608058779450885
-0.2275988849771979
0.0365491045647694
-0.4271716772659487
-0.3964447461309312
-0.4771802213613933
-0.7727359767860299
-0.924289900882077
-0.7966532989035398
-0.0796518392226593
-0.9513272245398166
-0.03344659803228
0.0976315678587418
-0.513846530614286
-0.6233667147492181
-0.466138708711874
-0.931377434187859
-1.0428223781016568
-1.1829779503868658
-0.1452945294853576
-0.2947866447255521
-1.2153077046416911

-0.1522262541278084
0.1266429891658533
-0.0541158356346223
0.0253729015603818
-0.0244496175840062
0.0257248457376318
-0.0046941398306775
-0.012677443910145
-0.0025967301639408
0.0098659872124473
0.008256686142128
-0.0109154817341722
-0.0072268443640301
0.0236805657494789
-0.0427432550284159
0.1207711413367618
-0.5636745450736286
1.7055158667293155
-0.3836629491620337
-3.113274667211163
0.1823084115696964
7.882024838323049
-10.512589236270582
6.90303099707456
-1.959820413702956
1.4066728565468072
-0.0117989886072206
0.5316968845660055
0.3751873607705553
-0.1390187653225811
-0.0214499279842394
0.3756270838754401
0.2768437411920161
0.2308812721832729
0.4817292410931855
0.5380203945324438
0.5563755725252468
0.324540138758326
-0.6180613166541535
1.266230324967751

