-1.0589410042256062
-0.2277628701471239
0.5490025233260318
0.3270174247437198
-0.4360190741151691
-0.4403765170127318
0.0584601100868415
-0.2566055354473809
-0.3061408211246123
-0.3325964267626599
-0.2322509404528981
-0.0865778887979391
-0.2568472283124235
-0.027530535971024
0.0316442158855687
-0.0627094034537267
-0.1234685693764781
-0.0930803576699138
-0.1363997883183213
-0.163280909284236
-0.1461063524886342
-0.0452631151552896
-0.1420695223151144
0.0156377239104816
0.0442468406985825
-0.0491157522322637
-0.079089910087709
-0.0321756788105311
-0.0762830670001393
-0.0904730439980023
-0.0902062226450242
-0.0991735544224891
0.0283117646530361
0.0006001108278732
-0.0102705794211102
-0.1737597949990137
-0.3514477334742563
-0.156465625918452
0.5513845557187207
-1.0725644172376845

0.4162204897108967
0.106323095228543
-0.1191539834519994
-0.1337978511413096
0.1474134254266952
0.2725935522050532
0.1961169952074204
0.2191921197745162
0.3956143192450255
0.4742716285582999
0.3247095540041624
0.1760711404972659
0.2477329122871198
0.1442080270631015
0.0960233566864728
0.1277335836301796
0.1760894624269137
0.2356042278013456
0.2848423229038759
0.3548054801446113
0.3226339116255064
0.1174373910919912
0.1768803020300254
0.0949843432682791
0.0328801385632559
0.0655191839682685
0.144043894134934
0.1503786430899618
0.1995153167867653
0.2991181421621698
0.3524372952052443
0.1645472005156507
0.1500846174671151
0.1283014007434235
0.0599541075884534
0.0610206693805467
0.0890457932734632
0.0545902527225168
-0.0211591065908776
0.4278806249721542

-1.828828860450836
0.0874543548247486
0.4719756697111903
0.5638505972474965
-0.9947091719626812
-0.7622931951806485
0.1612588857395835
-0.7782812176561885
-0.672490262014453
-0.8713074545705108
-0.6213515924134058
-0.0699730315013475
-0.9154704391227292
0.0624258888635754
0.0686304601440747
-0.1949152877244085
-0.4520897482968871
-0.2566696464928193
-0.5513119225527449
-0.6190502294678092
-0.7262297427598662
0.0033095027301275
-0.6990273396479456
-0.1876183262317422
0.1396320709249887
-0.2695951318341576
-0.6123622175993464
-0.2748547720233292
-0.7479734173761148
-0.8980100610053448
-1.1790812361696537
-0.3570641481604628
-0.7861358188022447
-0.8287385925874302
0.6497439154792879
0.3622394416360641
-1.0678518224256617
-1.2000776861299471
1.6997351509537693
-2.0947800482213426

0.0050756304189343
-0.0064813538090146
-0.001949695811032
0.0035148934775231
0.0025155492610699
-0.0024861019100106
-0.0006426186873114
0.0011602924251544
-0.0005169458184792
5.491582365694868e-05
0.0005268164475359
-0.0021517459606183
0.0035271294711004
-0.0017554549949725
-0.00108648880854
0.0017870003963377
-0.0011906846676039
0.000687673280429
-0.0003424178257478
-5.220090614180324e-05
0.0023780826770763
-0.0286944881651099
0.113138591291836
-0.0391408734506616
-0.1907270115521297
0.0420915282897109
0.4467638661317291
-0.6934795173920357
0.6541212121261067
-0.7112127772984372
1.2570620944928363
-0.4006113905948831
1.0957201150305202
0.12738827120327
-0.5254400012180448
-0.1134302417050843
0.7106923721754262
0.6380607831684896
-1.037474024844964
1.306028870392901

