0.5440140484950886
-1.365666344994584
0.6339665145549223
0.4312980436877937
-0.2150869189641167
-0.2138726291262773
0.1795659439311129
-0.0240141945554941
0.0431329625662953
0.0507883784085884
0.0697741152493179
-0.0569138276725093
0.1220080849262279
0.0293799245920308
-0.0387098733811019
0.0958498481013385
0.0724387708338724
0.0966465859018099
0.1922965243580633
0.2227086444448767
0.2858785367534918
-0.0164710772865629
0.2874133864457464
0.1099261920851168
-0.0943391454947122
0.1130907640356583
0.2523787947374497
0.1163933357425847
0.2941382017751349
0.3522139912099766
0.4239315407533757
0.1610397803854946
0.3772348261602332
0.3406365193399177
-0.1927113645201112
-0.2232230293739845
0.0299725600552333
0.1452534145154293
0.0898812914014741
-0.1869047929047188

0.3908161939692961
0.0315383099343686
-0.0573531678013624
-0.0102355032147505
0.0612366950329122
0.1295655631621176
0.1266185276253365
0.1072716250979096
0.1915268761566754
0.2374882226360258
0.1588968005666332
0.0726406960333335
0.1562707432474027
0.0593714062867819
-0.0361698827682499
0.1260704976943974
0.2375151158489695
0.2211322921151634
0.3305862693541651
0.4441269561846024
0.4202550078541751
0.1446613112978385
0.2587174501213524
0.1681880406920579
0.063703963739755
0.0958279891929681
0.1884536543568505
0.2262673276047175
0.2549257210523939
0.3207123676360492
0.3319938471500499
0.1348400805692967
0.116381655361942
0.1001503981145804
0.0437152486041551
0.0481261378160644
0.0748194523894165
0.0428634920337363
-0.0261511591648645
0.3897656185369257

-3.3075253900870347
1.6061507337470853
0.7514089351513948
-0.446063966596407
-0.9212058288702872
-0.3496913149038353
0.0513124706164241
-0.6888998310836333
-0.5358677651747721
-0.6884527058020987
-0.5786936812699863
0.3212855680326611
-1.251795135092148
-0.1986926768857649
1.205689442867958
-0.7601726644126671
-0.7328176703075686
0.0399582811199274
-0.733928016812421
-0.6796281115236016
-0.8987288649468035
0.0650921513260631
-0.9326886565045768
-0.2836615299926923
0.2200912121244984
-0.3705380417251405
-0.7050128395056049
-0.3731410734223668
-0.85796306564845
-1.010925291502846
-1.265149195196896
-0.3870322475563963
-0.8466593007058028
-0.8824157100237314
0.7217717192555682
0.3800646615347419
-1.242353543334343
-1.3720154011114636
2.0191603602903765
-2.4988190775285792

0.0478580536758301
-0.0125789677368673
-0.0287342519663787
-0.0169434326399902
0.0052577804426734
0.0173223193402023
0.0056331208317161
-0.0094774065365939
-0.0003990077827784
0.0042507204479417
-0.0026194737506797
-0.000666581909325
0.0071397282675373
-0.0032535058447227
-0.0055999811805406
0.001264476961393
0.0045228074802884
-0.0012288018466289
-0.0022674884101886
0.0015947678068441
0.0039335200653286
-0.0087142391328703
0.0100542493927618
0.0008426207100827
-0.0067374715811536
-0.0017665061347453
0.0046185558639899
0.0014054703496744
-0.0035058986446287
0.00046876617245
0.0062589938517471
-0.0110353535482691
-0.0005715393312543
0.0060484763016897
0.0037377646397879
0.0062597619937925
0.005834959821541
-0.0106161736586792
-0.0341175708899909
0.0401422714460439

