-0.4241942989033919
-0.0005710069456211
-0.0381336393372124
-0.0682866198989461
0.0284558930947193
-0.0780411470603635
-0.1309275402997666
-0.0753335159950479
-0.1284659118864232
-0.1209795786461876
-0.0621548038871457
-0.0721240273629212
-0.0228927645671788
0.0085458598445969
-0.0043050093629707
0.0188044062235903
0.0121370620200615
0.0321171613279533
0.080703676200466
0.1065143804914845
0.1373059002802701
0.0138668710256186
0.0919089270052215
0.0735948022550428
0.0352109713513136
0.0426073506672965
0.089937281127279
0.1281606948617722
0.1646629162889293
0.2344064546648736
0.2790869548100587
0.070832098453748
0.2299122609267991
0.1617837641362152
-0.0394236143331606
-0.1572605389484832
-0.1392874934220392
0.0394016847591316
0.2419983527415271
-0.5884137947846643

1.05737028382722
-2.355353298760176
0.3623840282276632
2.403422494448582
-0.7866202412238442
-0.836068918946996
0.8968428334727592
0.0627055102137251
0.355057568530493
0.3809451176086767
0.2768734765010362
-0.093381690211238
0.7414876126923223
-0.2013330908483276
-0.2974549801988201
0.2592593480071889
0.2584610112995322
-0.1037114973753761
0.3303177283132787
0.2596518957652134
0.3923443358592894
-0.0417125368699102
0.357209433583841
0.1975740533725829
0.0002701770673658
-0.0168834463457788
0.218902678382036
0.1418233264307254
0.160925002727207
0.1805177012666623
0.1339011117596972
0.0294347855789049
0.0615737994061513
0.1117271504398973
-0.0549942052065983
-0.0460302884500392
0.1218221433250291
0.1567085850927041
-0.2256295202922641
0.2850412485218727

-3.046879126369948
3.042798486596332
-0.079498608829258
-2.477244012115031
0.2613079290337851
0.4452428993669017
-0.8694246371860199
-0.5390101948360423
-0.7324732433234135
-0.8550297156557917
-0.562898367847824
0.0391134872911748
-1.3416908705630164
0.3265625697537086
0.6952263775618968
-0.5305391615327945
-0.4986648673268418
0.3139771486145979
-0.5364783650215573
-0.3843200150445451
-0.6660710479976968
0.0679368194710709
-0.5655138049133094
-0.3501919650643827
-0.0411739274314615
-0.1319235135331733
-0.4927401503755828
-0.4226323144473468
-0.6373758409606475
-0.7988764432061799
-0.9235749628718428
-0.2900763615163765
-0.5630168756304743
-0.6820148016667326
0.5240187384250545
0.2493667101049094
-1.0539759027546494
-1.148956361942812
1.7774675370214357
-2.240798491592819

0.0040622133477376
-0.0056168784026487
-0.001154498177499
0.003303866165204
0.0016258953868476
-0.0026244298671424
0.0003670145378571
0.0004488638320875
-0.000234323681475
-4.538249929734267e-05
0.0006514245169815
-0.0027805004453367
0.0042440826234006
-0.0007002345931209
-0.0021268489131037
-0.0003420996249235
0.0017746294356488
0.0004099989103406
-0.0031767993952201
0.0076100273280535
-0.0287676260599438
0.1546622223344177
-0.4058706101715147
-0.0055862808193518
0.708061444751064
0.0953581076478768
-1.7534247395744669
2.3081200843901724
-1.920285108383456
1.6562937369447632
0.1339814734857561
0.6100046165966441
-0.0410774966674172
0.5932536093818133
-0.2744799298512993
-0.2300244455694457
0.5834680719674061
0.7134942183296074
-1.0687804133184515
1.3261357143702726

