-0.7106294519290556
-0.0140090262039018
-0.4723049831426629
-0.3869625198461815
-0.2953736420198835
-0.1114025742191281
-0.339364479073625
0.0076033047531156
0.0575313165831486
-0.1582056164525587
-0.2195605303500543
-0.113578267580449
-0.2514371470995469
-0.2655765155649566
-0.2472099814361441
-0.0769745643652005
-0.1785332853304725
-0.0210033492538279
0.0334146450109944
-0.0469700516682015
-0.1129222929699895
-0.0420566116389092
-0.0900569397942085
-0.1046530247476233
-0.1162852179259305
-0.0702959984103935
0.1111041421193441
-0.1806494628540761
-0.3290514265653953
0.1045123754002424
0.5585874028067892
-0.2815059936201504
-0.3601579736551817
0.0924663801695649
-0.2802939298885137
-0.272916719879509
-0.3971161711872388
-0.2053067042703518
0.3789747677719313
-0.966326007669722

0.3331095440500626
0.0789099456460689
0.2570281360267322
0.3041325159280753
0.214521960585712
0.1211247387393165
0.1947953506103063
0.1058710028078918
0.0754391635526692
0.1552012665063132
0.237640247312794
0.2863528317086331
0.3926576250170283
0.5133697833156033
0.4552439980037274
0.2363336818505474
0.251709711089041
0.0877311642686597
0.014932316999027
0.0790207327390262
0.1532227729758528
0.1743193863225602
0.2094186514578477
0.2999574652707921
0.3179685408305405
0.1643476370855837
0.1916613892677879
0.0669780882501727
-0.0472944892715736
0.028461210102357
0.1436382346962717
0.1447534038881295
0.1160332577931318
0.1517091207462809
0.2401204058587414
0.2921953451241091
0.3264637860043631
0.1005722068552997
0.1395764964362734
0.2392656070569673

-1.2561000462015297
-0.0283055228892961
-0.9705006646617348
-0.7981855651994475
-0.7598651813596856
0.1445019224007757
-1.321797581615438
0.1465489112392388
0.3586891626767291
-0.5935078787887116
-0.5447740658491892
-0.265880183168054
-0.70308709382792
-0.7146343759671275
-0.7571842238087501
-0.0856312915012827
-0.7408910608338215
0.0310116157594348
0.1863575289024309
-0.3751249706513593
-0.4038186312186357
-0.1990249310513219
-0.5861318715961021
-0.6650962988411834
-0.9033056207017678
-0.1985374244897941
-0.7442590190240296
-0.6939183742131949
0.8635962009624718
0.3344421238179299
-1.4921918485528625
-0.4673989082944168
0.2851879056683055
-0.8410659557040684
-0.6971986474923016
-0.9206872504764252
-1.0513164320815795
-0.3291198815902779
-0.3388834327851331
-0.8737220623716137

-0.2793436837988817
0.2598954024822915
-0.1147005477190543
0.0459695560314215
-0.0327622668239934
0.0349643360430459
-0.0162765367522912
-0.0083584985231088
0.0055290562388992
0.0053687945847934
-0.004620993319305
0.0009252050967443
4.436767458460312e-05
5.004875557696456e-05
-0.0001146946770612
-0.0034690275357341
0.0201343307502547
-0.011933124054461
-0.0333656585838099
0.0158539921911356
0.0762783314897559
-0.1331268092549644
0.1342384439267397
-0.1567357683060816
0.3559097722003585
-1.0961767818195756
0.0636217291696049
8.553814425419722
-0.9934736915464156
-29.75290623188285
31.2562482323622
-2.2301784221148124
-9.214055082701686
5.045809425884237
-0.6637830419148891
0.6952503043326382
0.4715568839618355
0.5095068523893995
-0.8185639219979028
1.4074918893950876

