0.0691526288950657
-0.1610594642129749
0.0532880535459078
-0.0443456627820748
0.0315874337899238
-0.077040092790647
0.0797960761546223
0.0008957360092497
-0.0397892030971263
0.0643508429684055
0.0274711139231279
0.038403346788674
0.0844069184756861
0.1097547485312554
0.1278991310999095
0.0520371330216958
0.0476963102865221
-0.0424953678802475
0.2317569467264984
0.0062261160690956
0.0904678551085951
0.1577485116364831
0.2050719094579993
0.2793729773968995
0.3518261465451755
0.1443342901395266
-0.0275978412434714
0.6135163224698392
0.2223895303291264
-0.6992446546319336
-0.4856963645648705
1.8211019067340075
-0.7089442818756932
0.1524029897283217
0.2746515578415072
0.0973161139468213
0.1813742378248408
-0.1952322975047603
0.8220207756694903
-0.7296438093631197

0.3104061559684463
0.0671510132371341
0.2116670291935033
0.2477174133915831
0.1518611355449553
0.1146116927919394
0.1090922469038561
0.027334923041014
0.0088363091048926
0.0850484522660168
0.1249355500686164
0.1336766126329971
0.2047065053259132
0.2855977211578273
0.2810755449439291
0.0947132391449022
0.1585029899000839
0.1542469596016038
0.1246304346043595
0.1253402609408106
0.1455961255738904
0.2458724217529789
0.3283074907284616
0.4390166876647003
0.4735232787786632
0.238181420572453
0.2233557246534582
0.1809578766050036
0.0841168779694647
0.0175829035392192
0.0144612329252655
0.0364093301065178
0.1290095689612436
0.1598985409183482
0.1691226788175794
0.2391735706370881
0.2671770794551865
0.0714556492038582
0.107180554966197
0.2335857832941768

-1.6808497661248676
0.162132102941772
-1.1665415228064222
-0.8459946001702188
-0.7364633722689515
-0.0108327073759772
-1.26618480068149
0.2599238690131313
0.5678805601275306
-0.7361068511272517
-0.4374388854119435
-0.0863970352347835
-0.6087008447429267
-0.5233737287814731
-0.6659430645053521
0.150773388983206
-0.9512677959572606
-0.0718812506376662
0.4927662672331651
-0.6845737871623848
-0.3401645841520203
-0.3460171069270723
-0.7042219534399721
-0.8670294433749541
-1.0928378079829095
-0.4323714574845554
-0.3494680337986046
-0.9739446243393686
-0.0153074903780724
0.4054504950986268
-0.2180103326334979
-0.9254371280757216
-0.3488438524035218
-0.4190335192251299
-0.9465579411185292
-0.987563010712736
-1.208653124324934
-0.3835052638689423
-0.2910228335582872
-1.1157316285145482

0.0344798766076491
-0.0378500103188944
0.0079439034433263
0.0099217451353377
-0.0030703383917502
-0.000307906487958
0.0070421000635358
-0.0038942847736772
-0.0062971837129429
0.0011948470245316
0.0052937906542283
-0.0009435871881466
-0.0030261893939905
0.0051263132259973
0.0075679356409621
-0.0087842345626705
0.0096176487351417
0.000191610867867
-0.0074289690473319
-0.001987308433661
0.0052380720741298
0.0020317048820385
-0.0042939405096277
0.0026045185332122
0.0094909859162856
-0.0072694641755234
0.006310602393562
0.0061534367586434
-0.0054717548090348
-0.0076950539965547
-0.0012501878006413
0.0055019545342075
0.0046530315898915
-0.0024155660067938
-0.0041829608531946
0.0018383340925597
0.020900889982222
-0.0293391144873066
-0.0163448460274558
0.0349536672163754

