-0.4164829794457199
-0.1801627561852383
-0.0580723394229605
0.1852878079753178
0.0005646439510079
-0.1588017817726051
-0.1308159165526705
-0.0152958321065079
-0.0745738007128722
-0.1413256658856105
-0.134173200808598
-0.1638842214835719
-0.0061358162057242
-0.1699367996720364
-0.1219876293737753
0.0804311552631828
0.1409107486586911
-0.0331245377513559
-0.1029711777927211
-0.0034834870072191
0.0351839900751607
-0.0116078734516075
0.023845885310998
0.042149190736881
0.0032197444050439
0.0209922002902394
0.0758721438846945
0.0031010304819418
-0.0661647551711383
0.0381408131329922
0.2064346081263263
-0.0484867755982888
0.0732849285315894
-0.0166196476756865
-0.0126900989160787
0.0034793581820372
-0.1872149682956554
0.0833900936433429
0.3196214551078073
-0.7518281929614216

0.4177746005972518
0.1323441839004293
0.1119915498596164
-0.3083963321451194
0.069660884145954
0.3318062760849492
0.2571223083539131
0.0446407317008693
0.2342780001855239
0.4048380805983587
0.4382761033212057
0.5776666659773722
0.0773292754358528
0.3710697307075367
0.4719272423933622
0.0370825997335157
-0.2998182925466551
-0.043500600320336
0.280159068938577
0.2310668763890897
-0.0037015296748102
0.2152128679740888
0.2083139919485286
0.2557720130316883
0.0724076208484069
0.1676220383288619
0.1683839713978216
-0.0675606695434821
-0.0458442476575534
0.1833462575732127
0.1865441435739106
0.144083938404912
0.2790671581181425
0.3354068783385556
0.226195866580866
0.1443744396217817
0.3416070093666122
-0.1200848401353788
-0.3037746018567118
0.7020876105914894

-1.594343022896839
0.8568951591745573
-1.974677200376557
0.7915078024489719
0.3697904292661306
-0.634040240125386
-0.7290836148760518
-0.0611874917801394
-0.4467049977304658
-0.7320540822086812
-0.7351619880082876
-0.986962507229517
0.0136488195199695
-0.7301655834063467
-1.3526533607987787
0.6686080978312987
1.2137943444888777
-0.5337328224393418
-1.0242507498552424
0.0298776713602401
-0.0166221397181999
-0.6007543214550576
-0.4493045454671198
-0.7035686819960967
-0.2016054075999133
-0.3013618123965831
-0.6171469811465375
0.1747694449312561
-0.0513613515213223
-0.5275672612824392
-0.5242945468283338
-0.5257966421791875
-0.9169469095992392
-1.0191558675248775
-0.9944468645941624
0.4851686723616003
-2.4281299117560486
0.2523339231738239
2.495612994828978
-3.1358015868191567

0.0013787018024881
-0.005808660172829
0.0079404120663716
-0.0009712654246229
-0.0038207260297576
-0.0002059332427842
0.0023044301400087
-3.034070078572217e-05
-0.0010429827203289
0.0005941204547651
-0.0001279686160658
-0.0003611639333883
0.002563083117882
-0.0068594331954364
-0.0017544526050334
0.0049444519406645
0.0110302503165061
0.0037647809490143
-0.0211003615450696
-0.0217127930385139
0.0769479588077734
-0.1010244423809912
0.1365524012657267
-0.3250430134021785
1.1783570056346175
-2.2176646380390954
-2.2997294313986427
5.393833832093061
6.9682757021796125
-20.724510523481936
17.95086233408495
-7.223472474547102
2.7532332620708795
-0.153520140347367
0.9383541608457968
-0.6775552373621555
1.554242128539404
-0.0938018567890739
-1.495564889866322
1.770023132515324

