-0.0037238693556995
-0.1239173601680031
0.0109813116328545
0.029481828605336
0.0163208977871481
0.008470229786644
0.0061279561787875
0.0037446363961732
0.0194352626151462
0.0451184656490003
0.0631690896856348
0.0846426539939171
0.0331467756753861
0.0443769826359166
0.0358371994375556
0.0121922212089654
0.0068523722647795
0.0483450211870399
0.1047931520627647
0.1024603005612555
0.1203744694793042
0.18522167965691
0.263006690151746
0.2983828936637191
0.1478558583277411
0.137137094398345
0.1188038815919275
0.0828293468388331
0.096305068146724
0.1241745133183657
0.1786713837298232
0.3109433513202027
0.2906928604770527
0.3125507954473699
0.1840305581244171
0.162417863936201
0.0988058584649197
-0.0235364413032006
-0.0769885865033063
-0.0720397401789351

0.3641380883137662
-0.0489141305221529
0.1088505712176298
0.0607400840666794
0.0060596374358835
0.0455353339624216
0.1126386613176552
0.0734126540310277
0.0887710336646032
0.1838710324552852
0.216324095366245
0.2345265567574672
0.1344950666660472
0.1657423655475293
-0.067383198057107
-0.0187424160419776
0.1542347895129128
0.2015788053782774
0.1526587705564221
0.1343749138792402
0.1762350882129029
0.346384797588097
0.3985608798205768
0.4700495906220096
0.1857890581228566
0.2768137393863228
0.1893113101098707
0.0311445917322921
0.0420860457526089
0.1237164551622207
0.1889908977237804
0.1268285104563263
0.2403767201440206
0.2793330523578264
0.1834406263900223
0.1592244824836199
0.172276709369017
-0.0805317329002826
-0.1216451014127813
0.4600396913307728

-1.9944064397678352
1.6942459482401195
-2.2991996821070013
-0.2550025730834767
0.8398323252055717
0.095482114820604
-0.8787281568746251
-0.3342623027634698
-0.0849601876703443
-0.6393786199305547
-0.5325314484610688
-0.6910560994341103
0.0203211573571299
-1.3299830203726613
0.921392044285014
0.3240080709728369
-0.9312402782263188
-0.2982695463199986
0.3273197167112028
-0.629015235245741
-0.2661709071999485
-0.6582377632955344
-0.7723068703567647
-1.0117612841798107
-0.3064199700817053
-0.5831755921878626
-0.6474515766942569
0.1803091624015895
-0.2030647613386066
-0.6499322732289827
-0.4694626343270496
-0.7103656291473989
-1.021170729518704
-1.1730937086651907
-1.0985427143771858
0.4778497317386177
-2.6207990059798107
0.3015375726742879
2.6158037342930167
-3.27120944472905

0.0014312364329022
-0.0060436640032135
0.0084502562009424
-0.0009645958030061
-0.004439393427436
-0.0005954892114021
0.0031632090412798
0.0010599687506385
-0.0041226734662334
0.0043672238280027
-0.0050753425876783
0.0107767245595166
-0.0266914389938258
-0.0041832770158975
0.107034833965274
0.0377646409650774
-0.1426576715885287
-0.1968095265100483
0.1416171999381136
0.532235697524364
-0.9287546651580284
0.8907840831035463
-0.9339814041172724
1.456321190661459
-0.6868797039145909
1.273268098469475
0.028699884304018
-0.3795173331990157
0.1674939803697166
0.5074410858159486
0.1255557583869058
0.3493847742557826
0.492909411054608
0.5620736648645959
0.5093807908435222
-0.1832872704042456
1.2246693269890323
-0.171714816324688
-1.2858340512264643
1.690942419260019

