-0.414560455230841
-0.2226706009379184
-0.2021871140870161
-0.2012116762870094
-0.1277314724475746
0.0570206260478054
0.0272602402118102
-0.114449133349874
-0.090556074845571
-0.0325935404856337
-0.0851313694947293
-0.0762327415604875
-0.0498859096506543
-0.0256706083191045
-0.064169500353998
0.0241413862533733
0.0345201211245093
0.0109325933671742
0.0536255648467618
0.0564131914683968
0.0939189938222773
0.1358001536125442
0.1806939890373857
0.0638223323426489
0.1026288961643695
0.1112237597146657
0.0051111436585383
-0.0216566362382508
0.0270679311334571
0.1303211658801425
0.2102389598109998
0.0200163002828414
0.1439479769938082
0.1006425850990347
0.0948276973296875
-0.0938790605576334
0.1525192606295747
0.2837657228243799
0.0556229701778649
-0.7868620128166919

0.1481176928484017
0.1455351773704466
0.0970656081273134
0.2503574494625935
0.1321355682069164
-0.047914751096529
0.0278628106112229
0.2341469624382887
0.2145180599811353
0.174120999667798
0.2844171702609928
0.3471065186509785
0.3132024443691745
0.102873104967645
0.2457409793892545
0.1115914789796421
-0.0876212757346681
-0.1572835210709871
0.2869817344723103
0.2156921936056324
0.1805802441114337
0.363808089610287
0.3934454256138427
0.1755693221890429
0.2665733920907611
0.1278641495465155
-0.0455373958460601
0.0350895690969619
0.1573470410533978
0.0904089249105004
-0.127518639814419
0.0994373154821904
0.1019014272115957
0.1020507648870662
0.1243719994258918
0.0661713016776936
0.0627878974730086
-0.020125853132362
-0.0263185602911302
0.1882227865821339

-1.3311109022082048
-0.736505162186841
-0.8186652392965875
-0.1838873168696619
-1.3563122495019273
0.4607036138090195
0.3348621884792165
-0.915365181059222
-0.4125224256055941
-0.2928994592112902
-0.6905923524122308
-0.661211063000107
-0.6989200015317093
-0.038153284441566
-0.4812672186707825
-0.5464301168372774
-0.0047031017084705
1.4798058564578145
-1.5606515045333702
0.149491842481446
-0.4515680122450666
-0.5999949143031706
-0.7980378896341795
-0.2278002395403985
-0.5925115172374773
-0.6163672513403801
0.6375536379509064
0.0734203390316856
-0.9928088335659152
-0.5624419686862765
0.6146075721078548
-0.946091532632624
-0.5201687352220177
-0.8391447143936377
-1.0323107017342832
-0.0102351470985567
-1.6093128226699502
0.2675413498954851
1.9466425162949423
-2.6938510519727497

-0.0069140244934555
0.0038624874731735
-0.002337864693002
0.0007939581912974
0.0024571730653324
-0.0024951328891537
-0.0010613187733421
0.0020439360334628
-0.0004086178314835
-0.0004799232732215
0.0004754829603714
-0.0005337981387722
0.0014878020142356
-0.005696650799355
0.0090468953131426
0.0035842477857822
-0.009881124504779
-0.0086523308346298
0.0149406544827788
0.0046719062980474
-0.0260636177317017
0.051836791052178
-0.1650039091686963
1.015053305195452
-4.404982230442869
2.652474467807657
8.576405862009725
0.2754424828476274
-27.99178328027286
28.49772559984976
-6.942750939925475
-2.258522176903837
2.464704646208164
-0.3020686094398263
0.965822034274673
-0.3401450658399352
1.3344724398802603
-0.2816142694333166
-1.4312268049189518
1.804642063603396

