0.1697847746936203
0.0442197205984551
0.1047318221595296
0.0377024376440606
0.0407705726991902
0.0212529156394044
0.0249486523867011
0.0394343826824603
0.0622129888525688
0.0865548438873668
0.1189454041522633
0.1669671542449287
0.1735011369535258
0.0682327047067167
0.0912076885278343
0.0596668118792628
0.0337429368225348
0.0797532960400453
0.1508078293517108
0.1675106197445081
0.2328121629102403
0.3361035607515712
0.3916694918345246
0.1936005125545558
0.1644387687426222
0.143022454533518
0.0793512989986889
0.0708884765581422
0.1067256927070467
0.1285263725187167
0.1959341719798681
0.3405575531880215
0.2896406389680531
0.4042044286894432
0.3468296373633663
0.1820320359818576
0.2261046213552334
0.1010178032755428
-0.0399300196954606
-0.0622909959168049

0.3546268006578746
0.1818898020586142
0.1880365616982848
0.1042344323383467
0.091831555381672
0.0477104588745578
0.0447854508538563
0.0499041269762079
0.0843198987593738
0.1364628612607035
0.1600912204126312
0.2109352296903196
0.2243111521088208
0.0976564163832491
0.0337679154336755
0.0656198706124215
0.1225244951080581
0.1315912715573205
0.1383510989149316
0.1897924094140209
0.2489789285688111
0.3650600928447807
0.4088009890544734
0.2047483252547148
0.1921899190812782
0.1535406783145043
0.0688035481115749
0.0398537669001894
0.0587538350040076
0.0867126008136893
0.1192505421641583
0.1192079018507218
0.1870498347559091
0.2392021243797014
0.2561201675365539
0.1411734219176834
0.0684856213739423
0.0045939139062167
0.0414805251635139
0.2815994813774975

-1.5495181924535295
-0.724775120877191
-0.9564995554244178
0.0752621699602451
-1.2129775536991751
0.2411067357376811
0.1318573398632467
-0.4109051749725815
-0.3614642619746124
-0.3003618831911473
-0.4796028948013875
-0.5621924128052159
-0.4678777765182157
-0.4397232471541721
0.1695232791027957
-0.0186723512627002
-0.6593107711676941
-0.0042919566920548
0.0783266587919137
-0.6510181024043667
-0.3483936403400504
-0.7254502163683182
-0.8411288587996224
-0.3793125877300377
-0.247651696689554
-0.7688839547971992
0.0906792887187693
0.1203875936894501
-0.3491408568225965
-0.4711586090584639
-0.366130842853557
-0.4675691869112566
-0.8169977105252921
-0.9267601168534764
-1.2020161689323206
0.0029713586649181
-1.8665061970534127
0.3448175173944083
2.185353541973756
-3.006820272917893

-0.0069033793156643
0.0038645105430149
-0.0023374641318043
0.000700239532716
0.0026259004897699
-0.0023586402595912
-0.0013038266242237
0.0017349309157529
0.0001937689370692
-0.0007191586591795
0.0002066013946596
0.0004532135415348
-0.002807247933104
0.0203893164123808
-0.0659120929576545
0.0118417861406493
0.1152562955440318
-0.0085425806721871
-0.2768003924413321
0.4065324867387606
-0.376459092720854
0.4161774370693681
-0.8747857631963236
1.948359680633494
-1.9512147776525084
1.4689076871806397
0.4682226134936187
-0.3457912328163407
-0.1787567954243415
0.3382452258021591
0.404221462666756
0.1240924157169885
0.4547470375717498
0.4718468921344718
0.6201423281265469
-0.0340309736304302
1.0709715979831076
-0.2392923437130117
-1.352672004178998
1.7754863829138017

