0.4369714611712998
-1.034539426011632
0.7058643481717124
-0.1392115438753559
-0.0456102745133594
0.0417322175163004
0.0012143143067575
0.0522676519290624
-0.0768871025965057
0.094230302399394
0.0367589660475739
-0.0453199712958682
0.0624643411087965
0.0676114528095478
0.0527215545576628
0.1294689442049973
0.155056765080416
0.2112021029776409
-0.0076735542839644
0.2133558530132071
0.1223782764598241
-0.0783819461907144
0.0865134251795584
0.218183739696753
0.1178394420389182
0.2382722660173909
0.345732159914536
0.3262927658484988
0.42278153850244
-0.2867326810428299
-0.6940606455881353
2.1009929691829696
-0.1159167100799852
-0.9925003931993616
0.0412459860918754
0.6408702186407007
-0.2143552086336354
0.0775118601491104
0.0252366280570667
-0.0714866172798513

0.4576096972190457
-0.0911253790017428
-0.0641234832154148
0.194300796764354
0.15323119669372
0.1781503424598521
0.240148264489606
0.1562321167110993
0.030301793264433
0.1921907293609051
0.0436049898545286
-0.0647147994054558
0.1390673664870187
0.1777677932528151
0.1073580667140589
0.2915170991298072
0.3725551027525743
0.4071093179653495
0.1006533729181303
0.3942634575957063
0.0210426485737501
-0.0079542063965099
0.1747929928121651
0.2584258046555808
0.2031418340981338
0.3157059772029661
0.4028214749425111
0.4383679291413422
0.1327840081614498
0.3846506287966665
0.2210045303344286
-0.2635195229982928
-0.1261051097693332
0.1582904848856071
0.2233386679719699
0.0930649846312021
0.0387865610033426
0.2519904429100553
0.1700729959037129
0.3487203320586219

-3.261539063959592
2.127201172652119
0.0509938049677374
-1.5377465382012432
-0.0316636293234835
-0.8920135194039918
-0.7474782313770851
-0.6525034661045658
0.1588872937952594
-1.1996570792884116
0.0876245927111841
0.7152881014209473
-0.7013698413974974
-0.4794787090767977
0.012840999773407
-0.6500849356527535
-0.5693286162535165
-0.7965349744449857
0.1745925201559347
-1.1467644068568197
0.2044484599694937
0.1420753864013045
-0.5275080898139418
-0.559537841929854
-0.3257800006592364
-0.8165514467631149
-0.9571659553338002
-1.1815822400820055
-0.4953275846468673
-0.4109968750808359
-0.8160254467637301
-0.1150581301769934
0.2653745505896028
-0.2348585532083795
-0.6963408880940556
-0.5605456811245869
-0.2411328262618535
-1.0702088351720913
-0.7587300269614946
-1.48944194237781

-0.1910149758492859
0.1769922810182016
0.0298001016917233
-0.0890196871600241
0.0437860379657851
-0.0137038185214013
0.0048366599139485
-0.0027917604823077
-0.0033776410678569
0.0166933249864093
-0.0008609190348958
-0.026121680864304
-0.0066405040127268
0.0673888994961424
-0.0875213014290101
0.0823520079277879
-0.1087238282328561
0.2681746157966395
-0.3290502156934257
-2.896326068104349
6.2656348920054
5.25085956187244
-23.356124024546755
23.45537043602943
-10.353420601176902
3.301196168181033
-0.1766126477732123
0.8380891092768082
0.0696091439990264
0.3635090642891191
0.5208313630821202
-0.1414458195734365
-0.1951576158263222
0.1714379526847121
0.3874571530412475
0.2661101617655053
0.0631385133718907
0.581899372749101
0.3329482059900747
0.8419582311167728

