-0.6122951392985859
-0.0143189871282233
0.2664886981296182
-0.190343340654318
-0.2017760060204025
-0.1264370282471671
-0.2224915233724709
-0.1121585550960771
-0.0948573866708815
-0.0989051462096781
-0.0161466300746221
0.0070371891222768
-0.0598967398475061
-0.0688021123921129
-0.0409896567537741
-0.059646043806383
-0.057986216361549
-0.0426697507217048
-0.0213834261406792
-0.0252038056840768
-0.014030670932954
0.0090179447086675
0.0347246659528755
0.0154259085567214
0.0106276441269218
0.0531122400854721
0.0489940853412409
0.0978632650289245
0.0197382698630202
-0.1708981511605422
0.3685503977664708
0.1656697901519917
-0.1195261305359402
-0.143531678522294
-0.0250605806001877
0.0306828595416543
-0.0614865154426294
-0.1949632470485353
-0.1417323558670226
-0.4093259168972338

0.4092633939915088
0.0885265390653249
-0.0504249803057753
0.1099639692252134
0.3207969146143926
0.3197186353673459
0.4593453933705313
0.3088998920137762
0.1704581698651122
0.2147802649290134
0.1324454295106875
0.1026336213808938
0.1767891407234056
0.24494610600525
0.2739390131895685
0.3378552816777254
0.3992813911702312
0.3324191450190924
0.1664252427153799
0.2115843029721075
0.0474259161308604
-0.0314718695019375
0.0440171856234942
0.1399274631512997
0.1390854430905784
0.1521844645985116
0.2290027046156586
0.2578733357854663
0.1052579354799605
0.0785883526794473
0.125045407688471
0.0810019826530902
0.043808371257972
0.0610990494375653
0.1036995017736727
0.1341213822105354
0.1535235031670971
0.2601623606044829
0.237683855153393
0.4481506420225876

-1.9528634436720176
0.4124909414560122
0.364486407084593
-0.9321501487873493
-0.5442639801771298
-0.8050040465997857
-0.9954222338319556
-0.6581438384085353
-0.2268059989916801
-0.8323723668757327
-0.0060473377793385
0.1283013566265715
-0.4145700944841372
-0.4818193694279863
-0.2714392268867655
-0.5496850753023957
-0.5679773507156061
-0.6271393675334623
-0.005696295977536
-0.7329230566966313
-0.0477689635742654
0.2473470899798629
-0.2231654849785819
-0.5069806826921337
-0.2085980305782329
-0.5469817070884564
-0.6941633247720661
-0.8508565647486419
-0.4410791974153653
0.0329913756301478
-0.8609343048085815
-0.3244414839636514
0.2118456082137897
-0.0665339695052354
-0.5504938696633711
-0.6006301471889594
-0.218125801340255
-0.9803287976690678
-0.7085044507360029
-1.4358527375436558

-0.1962097100292723
0.1788501976111538
0.0323270694163967
-0.0898443338967376
0.0430787058342141
-0.0130151369071505
0.004167710300563
-0.0018943008098262
-0.0003478219006256
0.0035372596289879
-0.0023115977659159
-0.0017398042681453
0.0018389417364242
0.000567802087488
-0.0014968755044793
0.0013207566451822
-0.0015178339794241
0.0032371447048868
-0.0003538414252381
-0.0417517695926565
0.0381739943843828
0.0833434934945764
-0.0576091163297535
-0.2123557852937165
0.420379980396064
-0.4645021381115427
0.5892127344525224
-1.4818801757139957
6.657517708484056
-22.912931271445544
25.729537398449907
-1.3578088563728243
-7.5870870444838046
-2.5241068564491917
3.471315540331922
2.192602734656429
-2.089172789675432
1.3852724143987336
0.1137261160698783
0.9004572757871732

