-0.2278271849307157
-0.0613269146104369
-0.018892861708808
-0.062987738170262
-0.1030815610275424
-0.105437179492712
-0.1069171321000535
-0.0638734338487213
-0.0690865690587642
-0.0318836606381744
0.0095113079158016
0.0207215974003138
0.0082050128398313
-0.0045909482671606
0.0198339707813029
0.0544109908553527
0.0835931085472152
0.1102730323862355
0.026344158393926
0.0843539757563274
0.0571212716639586
0.038379658245768
0.0655194647307023
0.1040930208292941
0.133833062840657
0.1831401046784394
0.2540701484804474
0.3196991462574163
0.1093549948976752
0.1084198457431858
0.2463367504439567
0.1193350350817659
-0.0103836103916248
-0.0217281422777853
0.0346758429618269
0.0704362757550372
0.0261960916852097
-0.0450018021649967
-0.034256022173692
-0.2375247363097496

0.502051630680434
-0.8641736309090094
0.4360512181602103
0.5085406846271006
-0.1126564887367994
0.409097649958272
0.333994525144095
0.286635890186273
0.0409383277844175
0.672352997235409
-0.3371521320180297
-0.082321600286713
0.417547880249462
0.0379098605037211
0.1096553259253988
0.2038824369353775
0.1776709531316304
0.2055349451330417
-0.0903180721946086
0.355823962165428
-0.0076180633503801
0.001845532782088
0.1801391782551447
0.1698105054271207
0.1318640789820338
0.2360640998071645
0.2445511164020176
0.318865958373175
-0.1481668554960231
1.169488426793694
-0.7585662649335064
-0.7143297987768338
0.4375150893557695
0.4959426869909479
-0.0523286294670564
-0.2165286319604828
0.1952050160300081
0.082696435531988
0.0888773596561906
0.1776331445871798

-2.391585700871436
1.7624466680681918
-0.7835849613137217
-0.7924113850113133
-0.4796315615870908
-0.8995116434155042
-0.987596417576538
-0.6772562253632581
-0.1459323919980244
-1.3934606440581572
0.6112636788272734
0.2802129269697633
-0.8038772492272896
-0.1547321085844276
-0.1312216625770829
-0.371903754623677
-0.2610865401954407
-0.2934771638458355
0.1475375061639897
-0.335901867736935
-0.1227942691770717
-0.127623315220383
-0.2458123767608067
-0.3095718029848959
-0.3627270668170181
-0.5720373159576011
-0.7069256860483041
-0.9438732600622908
-0.0260566662721488
-1.6904520922596609
0.6554507097747113
0.7786705501530286
-0.596923537884023
-0.7798080106015881
-0.2354118239058831
-0.1454238267459237
-0.4808310908528857
-0.8596401262009079
-0.6892365136536481
-1.3908739912542056

-0.1920830146655074
0.1785873005222349
0.0296694763085697
-0.0897375590846833
0.0441072993603375
-0.0135887277297978
0.00438529454079
-0.0019931350128186
-0.0002175401676329
0.0032190704900451
-0.0023398690706459
-0.0011807072513506
0.002033269397984
-0.000885653109745
0.0002070341483911
-1.036906366521982e-05
-0.0002568961679389
0.0021988805595713
-0.0228699329946801
0.0887658870983617
-0.0307234992723433
-0.1521758443395551
0.0361908449267765
0.3593503305154468
-0.5709709410140804
0.5556584702206967
-0.6420734819292226
1.4701686563433751
-4.939341315635726
9.646185679614554
-5.268695607284246
-2.197416570162624
1.3304657253551238
1.8730985604020296
0.0863785792256064
-0.840770934765777
0.7004447255317555
0.4351805407783026
0.3555320659790024
0.8380406402988381

