-0.17044591
0.33752465
-0.14370214
-0.30461176
0.00604125
0.17785521
0.24436041
0.20403066
0.05213199
0.21607941
0.53740298
0.60263158
0.28179260
0.35864770
0.13649771
0.00440521
0.07105344
0.33516434
0.25096457
0.53937075
0.58028923
0.25592016
0.30304475
0.06232667
0.00177267
0.15686454
0.18644251
0.31968654
0.43727238
0.36014444
0.07120355
0.25802915
0.07526788
-0.05586372
-0.02380105
0.03644715
0.06172987
0.13439028
0.07280755
0.16231969
0.25535517
0.24964210
-0.19676146
-0.06034603
0.53794404
0.24503097
0.07386462
0.03079130
0.02195709
0.10692473
0.27183680
0.29264760
0.27865203
0.21484507
-0.12698877
0.07312379
0.00860165
0.06274834
0.07447400
0.07369254
0.18998059
0.21675623
0.08586074
0.11154868
0.04447381
0.02160924
0.07559519
0.09843273
0.19206450
0.27062376
0.23892773
0.03765020
0.15101353
0.09820899
-0.05598705
0.01435178
0.02057497
0.09350502
0.17129918
0.09336046
0.29636490
0.11338292
-0.30754679
-0.14724664
-0.72475122
-0.61741694
-0.07678028
0.07518291
-0.03470429
-0.25414044
-0.58900655
-0.39215794
-0.92618952
-0.94880445
-0.49548527
-0.25737164
-0.17293496
0.02913999
-0.22717476
-0.47761242
-0.37938427
-0.92006272
-1.02877369
-0.44794332
-0.49106142
-0.20614856
-0.08294726
-0.32832015
-0.45392764
-0.85413204
-1.20746581
-1.06287046
-0.17947248
-0.68048062
-0.27845583
0.07110383
0.03289299
-0.14825667
-0.43349842
-0.68967244
-0.47360553
-1.28964736
-1.07833019
-0.59298042
0.14089832
-0.00916906
-0.02758562
-0.01860523
-0.00566962
0.00512675
0.01161950
0.00604360
-0.00504781
0.01220340
0.01556025
0.01128940
0.03083416
-0.03413351
-0.03695441
0.08683066
0.09474965
0.07657553
0.27955555
0.36426471
0.15829879
0.09501031
0.19819965
0.14398036
0.19249269
0.24945811
0.54264718
0.72075770
0.60734097
0.07291202
0.50299582
0.22389472
-0.09656685
-0.15243114
-0.05963656
0.03212100
0.20014588
0.02113519
0.04440033
0.58202207
