-0.20744087
0.18096574
-0.31677538
-0.39268642
-0.06041117
0.11107049
0.19270329
0.16489152
-0.11013185
0.07343456
0.23909909
0.28044045
0.14574013
0.20215616
0.08678680
0.02392095
-0.00510671
0.15181587
0.11247825
0.20185612
0.20186254
0.08851985
0.12858669
-0.01871173
-0.03236768
0.03443768
0.01324011
-0.00761680
-0.02634465
-0.05020841
0.00500523
-0.00365096
-0.02452124
-0.04484111
-0.00982997
-0.02543428
-0.09562148
-0.11889868
-0.11113547
-0.30675979
-0.19243356
0.18027314
-0.17995976
-0.35639606
0.36098332
0.28092106
0.20515060
0.17629515
0.06086782
-0.07946724
0.32502426
0.25285624
0.19866570
0.25945999
-0.33504876
0.08806865
0.03267564
0.03482165
-0.02292965
0.01054371
0.03831831
0.04827387
0.00509475
0.04144405
0.00530818
0.00672605
0.02372525
0.01846161
0.04368915
0.05808995
0.04944167
0.00491380
0.02884278
0.07396040
-0.07575598
0.04029474
-0.01538128
-0.00899244
0.03800604
-0.01728100
0.00413492
-0.16238208
-0.11349357
-0.19975292
-0.07308193
-0.26996688
-0.22900456
-0.21937337
-0.25440822
-0.24905627
-0.30418688
-0.49619465
-0.92090211
-0.91710954
-0.59081568
-0.04838951
-0.21055365
-0.00520528
-0.19824875
-0.39744456
-0.33178649
-0.79044272
-0.87828379
-0.37283024
-0.44359303
-0.15162694
-0.05447495
-0.27365521
-0.35272488
-0.65650130
-0.91516628
-0.79006568
-0.13609812
-0.51865877
-0.24167846
0.12226952
-0.00335512
-0.08494267
-0.23355943
-0.44549931
-0.26169277
-0.71119943
-0.57904569
-0.59298042
0.14089832
-0.00916906
-0.02758562
-0.01860523
-0.00566962
0.00512675
0.01161950
0.00604360
-0.00504781
0.01220340
0.01556025
0.01128940
0.03083416
-0.03413351
-0.03695441
0.08683066
0.09474965
0.07657553
0.27955555
0.36426471
0.15829879
0.09501031
0.19819965
0.14398036
0.19249269
0.24945811
0.54264718
0.72075770
0.60734097
0.07291202
0.50299582
0.22389472
-0.09656685
-0.15243114
-0.05963656
0.03212100
0.20014588
0.02113519
0.04440033
0.58202207
