-0.08024526
-0.19215033
-0.32942945
-0.15269411
0.02099277
-0.00039967
-0.05032500
-0.13919184
-0.26608909
-0.18095517
-0.47061559
-0.50425917
-0.21199107
-0.27728184
-0.13122650
0.03131351
0.02911464
-0.22357260
-0.12226239
-0.25040105
-0.25056698
-0.12045075
-0.15992488
0.08086945
0.02023659
-0.12590879
-0.13798554
-0.23478164
-0.38181000
-0.35687121
-0.05129101
-0.20901465
-0.08696552
-0.01822348
-0.01448206
-0.09326070
-0.18860464
-0.29202244
-0.24444267
-0.62525835
-0.58643060
0.04421365
0.01222503
-0.03281602
-0.06178625
0.01915557
0.11661412
0.15605652
0.15596392
0.10656704
0.20980210
0.53182779
0.60540732
0.29762296
0.33779788
0.08792455
0.07569915
0.14598261
0.29170924
0.27854840
0.54009066
0.54532223
0.28991055
0.38885255
-0.23081033
0.01672551
0.22227507
0.11573483
0.25663507
0.35544501
0.29573773
0.06409665
0.20613644
0.03823933
-0.01680749
-0.00175420
0.02316762
0.03226445
0.07017557
0.04901841
0.03158172
-0.04240145
-0.05703444
-0.14781027
-0.39061492
-0.01410126
0.08709997
0.08607325
-0.20734142
-0.44241268
-0.37864953
-0.32230748
-1.04787615
-1.16959693
-0.55463830
-0.64758650
-0.21776387
-0.05558252
-0.29461561
-0.68462636
-0.58896204
-1.28483811
-1.39117427
-0.64223375
-0.76107554
-0.04778129
-0.06650978
-0.44254762
-0.46195854
-0.87486405
-1.19848676
-1.01293129
-0.18461616
-0.68771674
-0.22443770
0.07254960
0.05592577
-0.07074106
-0.21793036
-0.41135851
-0.24382980
-0.51718414
-0.39995813
-0.29825174
0.06937870
-0.00392960
-0.01366980
-0.00928581
-0.00233326
0.00313648
0.00514738
0.00170669
-0.00300378
0.00080413
-0.00005951
-0.00020771
0.00056148
-0.00008381
-0.00057743
-0.00002053
0.00062547
-0.00040907
0.00056948
0.00185347
-0.00112960
0.00217859
0.01262619
-0.01655910
-0.02832718
0.11334698
0.20842241
0.38991502
0.54988320
-0.36060359
0.25244892
0.71360927
0.54280907
0.04541990
-0.38178927
-0.42144148
0.44662838
0.02096574
0.01272191
0.29395421
