-0.06715470
-0.08732655
-0.08170417
-0.11300385
-0.05366468
-0.09932343
-0.00027231
0.05965319
-0.07389567
-0.07782252
-0.05597029
-0.04510013
0.00395631
-0.02685231
-0.03351301
0.05168923
0.13792009
0.05212530
0.11197738
0.26465008
0.31263677
0.13253554
0.12066573
0.14933086
0.04557539
0.05610954
0.07750186
0.15978852
0.16700803
0.11088283
0.02405012
0.11569346
0.03817372
-0.05484215
-0.05788856
-0.07275731
-0.07056399
-0.06599423
-0.12609403
-0.30454151
-0.29038373
0.09296214
-0.00245635
-0.19220277
-0.03945230
0.10271109
0.28552696
0.16384500
0.03554276
0.05664517
0.25281150
0.46380217
0.52883887
0.25127383
0.29933029
0.08378310
0.05569879
0.03066136
0.18373175
0.15331436
0.23608960
0.18877940
0.14477010
0.28519134
-0.45154072
-0.02335160
0.17537575
-0.01880607
0.01700031
0.05282806
0.04625336
0.02449478
0.03454698
-0.03715659
0.01333081
0.02849409
0.03082720
-0.00020930
-0.01566858
0.02612876
-0.01630743
-0.09669225
-0.14532178
-0.18244168
-0.35023292
-0.13181769
-0.01056252
-0.06618882
-0.19942334
-0.34753133
-0.42560577
-0.41236593
-1.09324220
-1.21121026
-0.55077971
-0.66747469
-0.26132410
-0.02773484
-0.12882367
-0.59683222
-0.45309899
-0.92275635
-0.93710551
-0.47622361
-0.70660246
0.41976023
0.01645481
-0.44559204
-0.30453588
-0.58974008
-0.88621973
-0.77971639
-0.13550511
-0.50341184
-0.15566494
-0.00051765
-0.00963000
-0.11774703
-0.23141270
-0.40332090
-0.31253658
-0.68804091
-0.55931577
-0.29825174
0.06937870
-0.00392960
-0.01366980
-0.00928581
-0.00233326
0.00313648
0.00514738
0.00170669
-0.00300378
0.00080413
-0.00005951
-0.00020771
0.00056148
-0.00008381
-0.00057743
-0.00002053
0.00062547
-0.00040907
0.00056948
0.00185347
-0.00112960
0.00217859
0.01262619
-0.01655910
-0.02832718
0.11334698
0.20842241
0.38991502
0.54988320
-0.36060359
0.25244892
0.71360927
0.54280907
0.04541990
-0.38178927
-0.42144148
0.44662838
0.02096574
0.01272191
0.29395421
