0.7549757042372426
-1.1262825643776553
0.7853998255827374
-0.1657811218074346
0.1324596634550157
0.1049957126376491
0.1340919956882734
0.010303618356571
0.0800837621807739
0.0929007281590546
-0.0241498582229378
0.0056971775697823
0.1595778298880214
0.0562321723135294
0.1627645561026646
0.2043892891476475
0.2769152807095205
0.0994882232827354
0.0806887117503523
0.2950865394811706
-0.002265045398836
-0.1098498505263446
0.1098679371332492
0.2637054187639345
0.1205302526572743
0.1723510915358787
0.3479241930143743
0.3917784117390695
0.4847854471186007
0.3255260726755084
-0.8651513444120333
1.920574973446112
-0.0048671676731518
-0.7713171922646754
-0.1292621448039789
0.5092511490411262
0.2092905822518802
-0.0951810677746052
0.1619042108032992
0.1190653586874889

0.4291144438670732
-0.0603142422607595
-0.0058187397348576
0.2173906227928252
0.1598951217284082
0.2248393622979842
0.2192806723071752
0.0729460075579134
0.0960679296671618
0.0963598147934445
0.0217992526422242
0.0053292893701499
0.1311953579510443
0.1370760623684997
0.1452235085192351
0.2752938458699144
0.3419791697883418
0.1443058840733773
0.2119021152706589
0.1863283095686705
-0.0547592111992429
0.003777764456524
0.1339158879682493
0.1892464198960101
0.1510115881999438
0.1673431486069893
0.2706809951248922
0.327391069224925
0.3234123476618964
0.1448801386669113
0.2220132599290794
0.023241231723717
-0.0189390648858474
0.0261102566156483
0.0733387354671115
0.0923907918515099
0.1008962532099692
0.1712240344528146
0.0702999092166158
0.3739740494371096

-2.9634533720503806
2.056988187312959
-0.9311475113314032
-0.7645616491680525
-0.5375369073368145
-0.8842886941484835
-0.8007220387099716
-0.1162591300220406
-0.6895894457341358
-0.3296186325190179
0.288513757573032
0.1431496000713121
-0.7913561214123154
0.0129798667918612
-0.3739742713675272
-0.4788883419308522
-0.5903557657103549
-0.2916193171406699
-0.0108635436633741
-0.930143640378923
0.5828867026422174
0.0570846518337562
-0.5347686315439834
-0.4525337002127286
-0.1430217852617271
-0.4695180800311467
-0.709758717097147
-0.8287992232337804
-1.056359419927161
-0.2321031813603017
-0.5770574826613186
-0.7454501616181154
0.2564695923740853
0.1166276218128404
-0.5927874493484822
-0.5657520541083025
0.1950292455223019
-1.2714530003702753
-0.0669005400625183
-1.679351246018236

-0.0006823595078983
-0.0030601875832853
0.0054722594345881
-0.0036234787446274
0.0015348246608374
-0.0008491443486487
0.0016045905928453
-0.0057327540167015
0.0089481011240297
0.0037000435998767
-0.0098534988455406
-0.0087145332885405
0.0149415069649886
0.0046808723075347
-0.0260532631139611
0.0518159041962576
-0.1649766735045128
1.015221508589288
-4.406529278411501
2.654032378653804
8.578591839336
0.2746913177879229
-27.995676690236884
28.49670215617
-6.934717075014135
-2.265254476498248
2.4665653598609127
-0.2994444821859093
0.9497423829951168
-0.2050473776747817
0.6770349146845177
0.3569835007846765
-0.2723694807444812
-0.1229667926509079
0.3557800275888134
0.3491855733784707
-0.1464166213083569
0.6586374378131097
0.0283993276875502
0.8851241298320285

