-0.7412645605173769
-0.3582475381868802
-0.2946918441115637
-0.0983424502405113
-0.3352979883388128
0.0350633696723354
0.0746172650350511
-0.0687857364785337
-0.2117221828583915
-0.1370261533181028
-0.1094850765179301
-0.242937021301775
-0.249632390485106
-0.2920368320586538
-0.0486916601305885
-0.3436537965685207
0.0622282502740727
0.1047075895735115
-0.1089982435714484
-0.126321305808099
-0.0175488661744573
-0.0964263294174305
-0.1024738999417217
-0.1185734119801916
-0.0824649595019577
-0.0615513023102908
-0.0243538066881799
0.0719579493714169
-0.1756924440494393
-0.0932252596692737
0.2422764681707586
-0.2801613344991653
-0.0879169157990477
-0.249689887165426
-0.3113987707964409
0.1231039131640905
-0.8998412275673047
0.3958876779474894
1.1900009144384591
-1.7638687955971235

0.3848988922483242
0.2250146085874584
0.1712565791340219
0.0091632397300844
0.0827471786036162
0.1200682054231674
0.1284600864267062
0.0956930565730408
0.1110609683201973
0.1861888469840905
0.2609405158451017
0.3399538687955539
0.4656542549856717
0.4891839500634767
0.2442593062990488
0.3164201564218669
0.1423940321759959
-0.00554646560168
0.0385501743038589
0.1560792434946123
0.18280792223773
0.1755824145840449
0.271685968836652
0.3282614428625528
0.2305246087431086
0.1472523989755212
0.1725820529971017
0.0155212179861413
-0.0165935987031822
0.1256640469408629
0.2085937077612469
0.1686748144232458
0.2595646215313293
0.3382679028480506
0.3121305883930392
0.1539033439055433
0.1364289181197379
-0.0044822267569068
0.0058365024726088
0.3247310343972491

-1.2917607309880994
-0.6706940146435008
-0.6182730428709514
-0.0309083714927255
-0.6955571412039258
-0.1242898728178799
-0.0124500100359498
-0.0366133519334602
-0.3628321871040878
-0.4887101456982028
-0.2652305459366696
-0.632662583087557
-0.6762620769081827
-0.8006777341027046
-0.1802471745870845
-0.8254745908505894
0.021452916312428
0.2892023001400089
-0.2937067191727923
-0.5186247953264677
-0.1124285806958075
-0.4696948881420649
-0.6226707716398407
-0.7515816532265414
-0.7536537990189592
0.2404387453713751
-1.263374617948383
0.0419246098109907
0.363561015657123
-0.4959013217513717
-0.9298378496085667
-0.2464953584370421
-0.9871270342384786
-0.9836933703349772
-1.16567476574741
0.2627708938520108
-2.282608760233072
0.6108156000418224
2.1568733295742013
-2.746560454938683

-0.0021605906213869
0.0013069472601337
-0.0010389284251283
-0.000185430349314
0.0025730259353373
-0.0016242797813812
-0.0015237987242462
0.0009848946652464
0.0011495587695581
-0.0009556730699686
-6.58057821905173e-05
0.0004286653409055
-0.000539843736171
0.0010398220453174
-0.0019013552217573
-0.0041456236846893
0.0142309499994685
0.0058871505396775
-0.0237187103076183
-0.0213941044123487
0.081594411553322
-0.1001906129044032
0.1079855708747366
-0.1920160699713562
0.6047792511423502
-1.176877357295162
-2.54951769472695
5.929665408467882
6.061145083772551
-22.34081160610743
21.050600842020717
-9.001163213491754
3.1516669769084933
-0.2166820364311784
0.9384365785036748
-0.4629928589645711
1.5666684487044815
-0.4298543833863449
-1.514721695156827
1.8933691578014231

