-0.3197338320387043
0.0435468850778736
-0.2020013294309781
-0.1868992414523765
0.034300626140164
0.1021970772383279
0.0172684390125981
-0.0900232288900053
-0.0641072142239266
0.00368892454295
-0.0214564281082053
-0.0204513937706961
0.0074038076939376
0.0019072811727041
-0.0247957064302217
0.0270584482723031
0.0271695420001615
0.0243781373711169
0.0775478578188122
0.0793566584806121
0.1077033094278195
0.1758665546807474
0.2280918558658704
0.183801297494925
0.0770166602386019
0.1379024694537146
0.0511251313549487
0.0414086554388594
0.1041368767543151
0.1572977588788511
0.2029326808577359
0.2171412959780505
0.258319210315757
0.2146109834508473
0.0342457361092547
0.130260877182474
0.116095640043241
0.0938649773927038
-0.0192660844113021
-0.4595503881237039

0.2211782569982233
0.0308997644849881
-0.991222400656868
2.090546280479028
-0.2063187786500945
-0.9956365121063376
-0.0902061641591736
0.9162946513721096
0.1441129676287155
-0.0918366434182806
0.4068680065420389
0.2574117466659519
0.3761762565262901
0.0792123940051732
0.0525053284608828
0.5973545122497367
0.1158117964450592
-1.2448977543783066
0.9923054316054588
0.1093020773493805
0.0217765716890886
0.3589882324950942
0.3225175465681513
0.2952142054978617
0.0268234298525577
0.5181182283766558
-0.2354923886778003
-0.0736586186008598
0.2684230900229219
0.1156640318895736
-0.1080658570790349
0.1557006358609448
0.0754656624116503
0.1579743121459327
-0.0861057835669669
0.2447223966082531
0.1472122255227786
-0.1857172209482304
-0.2588649420349709
0.4318198604012308

-1.7030420413920098
0.570320981038921
-1.3167424059447064
-0.7433756273079434
-0.2924879853470213
0.9277876811902634
-0.0003533261481641
-1.205084564188538
-0.3197355567203925
-0.0729741540851851
-0.7412177541470125
-0.5700855571185776
-0.7082270956834361
-0.2210175678788619
0.0099653981809044
-1.117271755465732
-0.4462886665313658
2.478654665600418
-1.5250563788985554
-0.4375590057252601
0.0919690711877063
-0.6853400020539596
-0.5976346365356681
-0.6617827468848482
0.106446423150734
-1.0464909737616743
0.2184404033296109
0.1107097887469388
-0.6274954581027353
-0.4290316484480221
-0.1794956656411112
-0.7905533319065828
-0.7459801559533376
-1.1145462360855267
0.5228205532368628
-1.7076615928405063
-1.0218841484500825
1.311014233965039
1.8251900154259053
-3.240692186460526

0.0001444606563062
-0.0007563763219411
0.001649345715027
1.1858190167932112e-05
-0.0020909501869378
-0.0002476787143121
0.0018758164573704
0.0004972234901514
-0.001784244284974
0.0008135707011753
5.973455507109648e-05
-0.0004256038709328
0.0009988393047733
-0.0018818252838734
-0.0041339546796385
0.0141990995022622
0.0058811520116216
-0.0236897551868119
-0.0213787069223391
0.0815357509831456
-0.100130040829827
0.107933827885801
-0.1919492167799442
0.6046987470581067
-1.1776566231090917
-2.5465421655571103
5.929863666075729
6.055776226833018
-22.34240900492307
21.06502017653341
-9.019957453161169
3.169470686637251
-0.2405446235693642
1.0010379645482934
-0.5992281832887674
1.2703107208224775
0.5997759934068279
-0.8859056117339572
-1.1319314419513666
1.9448406991073204

