-0.0261843654465404
-0.097336480573857
0.0102732398719253
0.0166279973030273
0.0014648634952742
-0.0002309145735599
0.0070606791466363
0.0087131350472959
0.0159856872863699
0.0324030233959494
0.0483597138490515
0.0742139298696012
0.1003597957006175
0.046394164446775
0.0478238314254123
0.0421370854896018
0.0207231008741245
0.0499313559779662
0.1082612376448494
0.1183692910487425
0.1552015269376609
0.234087033163713
0.3028343497032649
0.2339186509020965
0.1181311376488815
0.1278024426410755
0.0843308725362027
0.0820815972725527
0.1316809155153158
0.1691484177535469
0.212684093259147
0.3559491774214548
0.3595407803247452
0.2689133058767569
0.1618072817441958
0.17963571573352
0.0568355868336526
-0.0495060713233024
-0.0884658423786622
-0.0881196538643

0.3972382349203359
-0.029341303878144
0.198715262978555
0.1291922878144306
-0.0045412101354362
-0.0068019660146903
0.0708144276066594
0.0635173923460579
0.0685391212679399
0.1417410924170619
0.1574041137621428
0.2199176265431649
0.262469913074581
0.1611474524618261
0.0229241272838788
0.0901910734879592
0.1489744505347066
0.1457213853450157
0.1467932758295196
0.208843440036274
0.260106132715808
0.3918259015674998
0.4794520835978072
0.359089332340645
0.179968874723809
0.2595869017461152
0.0847442674944922
0.0357240249577167
0.1224097773581698
0.1647126136705226
0.1751841968857149
0.1970054160567113
0.2787870192390336
0.2443766797848573
0.1010720747654756
0.2256188169672252
0.0365648916021232
-0.1401228377606979
-0.0571043957203988
0.4472191416205854

-1.8950329685900684
0.7083407728380308
-1.9548518754466968
-0.5112570455036319
0.8860481527379256
0.3711859972664952
-0.8222622529667738
-0.5648241994564602
0.1608643098166327
-0.4536088296054935
-0.4541815973695082
-0.5559212715283236
-0.5756414920119597
-0.4474997433352968
0.1174436530952825
-0.2820134859234725
-0.5175295764738432
0.0327347261086624
0.0450132759015433
-0.7723890390919416
-0.2884478133020116
-0.8188394817477403
-0.8907052763168447
-0.8935509536639976
0.1697601154109837
-1.29899865752764
0.0373790310043042
0.2041914359938658
-0.6320253689135135
-0.6443157527374959
-0.4484978910234968
-1.0337317783420272
-1.0563674952941062
-1.4079951048510009
0.5664134286685514
-2.1384371125153088
-1.083749852571605
1.548291884472959
1.961112634163608
-3.4881307911761863

0.0001689971470769
-0.0008283727472349
0.001653039890455
0.0002106550100865
-0.0019995973057104
-0.0004646018706155
0.0015181136537848
0.0006048746429297
-0.0009695174489374
-0.0001019602594496
0.0004400482586711
-0.0002245419454551
-0.0007071539534126
0.0113385303178197
-0.0622641167079841
0.0616998867804212
0.0927530506534162
-0.1003434301965923
-0.2038836772788587
0.4525789614630776
-0.4600643440781233
0.4384764998502384
-0.7001354633679476
1.545019959978592
-1.43836812384362
1.8002409839764235
-0.0154913248960117
-0.5353430022327316
0.2955537092422994
0.5711628623597359
0.0805247981456183
0.5365917886257165
0.4932286796624792
0.6843207208246226
-0.3065062405729104
1.0783643689571094
0.5674382335753462
-0.8338977629382749
-1.092954375238079
1.9155676795060377

