-0.4919636269892838
0.0140082047286913
-0.3332254960684379
-0.0135043987568513
0.0723014168358158
0.0058210801589694
-0.082691490187336
-0.0987217448770761
-0.062631620433568
-0.0608215870160344
-0.1234232038471887
-0.12853772217393
-0.1398887432178044
-0.0325847139403031
-0.1564509846100481
-0.01723906512866
0.1010370850571883
-0.0110399506163723
-0.0663953085968687
0.0032928389604694
0.0044202958239083
0.0012149425586218
0.0247687839009776
0.0349673308750254
-0.017254937049125
0.045005285545626
0.0387783674716819
0.0033819919881685
-0.006337027624567
0.0538273793218454
0.1230859572591676
0.0360372881994569
0.0540995233540333
-0.0038603300366447
0.0346206829449136
-0.11576835016347
-0.0314018677697176
0.2163935197027839
0.1821496537199834
-0.7750237353242259

0.4832770047405731
0.031504275169377
0.2932097785288618
-0.1136949811162035
-0.0077120695013809
0.172542853982445
0.2338303381420566
0.116212233967608
0.1174477126334172
0.2838109913126215
0.3664599032375412
0.4605983813786947
0.5471275652800419
0.1515138037603883
0.4562934336543737
0.2579997851366544
-0.1663979002095936
-0.0371048793594825
0.2295292375905551
0.198115776337587
0.098660161225033
0.2414276619569585
0.2492624252219597
0.1969361380373126
0.0662997928403654
0.1689027828281877
0.0722988844026475
-0.0382982008917297
0.0459686316025984
0.1863534713647797
0.1567810855369641
0.2320577004948911
0.3154401537330578
0.3079161965483913
0.0632987844967138
0.3551491664767741
0.0848123814567987
-0.237108861022201
-0.1513421320851268
0.6634034345082477

-1.7189974982532543
0.5684079283186736
-2.077333296795509
0.2949851771303263
0.6165211046415673
-0.1875246320000003
-0.7883428501694297
-0.3505529389172035
-0.0678086837012158
-0.5246763571261639
-0.6516132320253181
-0.7156307667436334
-0.9218919738434884
-0.0104398716544453
-1.1979590120021149
-0.2318427448150968
0.9748495683943886
-0.364698722111525
-0.7814015714482416
0.0833759908000741
-0.4202331779278304
-0.5067353497732446
-0.6011632273102425
-0.603963432975961
0.1401037586730124
-0.8236798788875705
-0.1269252896827913
0.2161104712370252
-0.4099967810665308
-0.5633542055515077
-0.4111097991703809
-0.8646744104310873
-0.920358023111447
-1.245237642294354
0.5327447829042615
-1.9198481831256355
-1.0308832990969117
1.439026574011033
1.8769498259039596
-3.350802029090699

0.0001480216522303
-0.0007564474180279
0.0016238169226254
1.5409025350189197e-05
-0.0020522966438993
-0.0002109597943355
0.0018547574343315
0.0003976608351678
-0.001815191824025
0.0011312765932587
-0.0004394907232512
0.0002984727319943
-0.0006391372149498
0.0021532666385406
-0.0030601406129644
-0.0030283185745724
0.0012931793095573
0.0104234152273179
0.000237209849548
-0.0297085826276872
0.0481678183911478
-0.0614285807116234
0.1219354362106651
-0.4472120722405298
1.5223515002499126
-0.896467568068928
-3.3164367498552725
1.7005589200773226
8.439393306579559
-13.76077462010651
9.64228655441212
-3.123216338648217
1.666789988275566
0.1395851024263888
0.2520279004045859
0.6415710250407343
0.5492475157626507
-0.7016568777131311
-1.0275674395689176
1.8417415638961196

