0.8623710442294341
-1.2813623867979838
0.6657966068431507
0.121470997225624
-0.1088910195939819
0.1709089633431254
0.0903570961625679
0.1565594257528334
-0.0406232123500914
0.1972131931051544
0.033493595144126
-0.1012251746084712
0.1207955360220641
0.1307162027722592
0.0497767542631689
0.1896492847313421
0.219756105755524
0.2997749052115733
0.1307914699741604
0.0824460355882617
0.323942113427628
-0.0754993573696775
-0.077364665504781
0.1760057373976367
0.2083952497876803
0.1472006301100391
0.1649451325639436
0.3880615696708293
0.3591680562237407
0.6266035475465581
-0.2612754165666905
0.9704479536427674
0.3441737721892526
-0.403182975470246
-0.2451900481358271
0.2069836227376442
0.3184953046737165
0.0406087486411285
-0.0734753792111397
0.1831825090025885

0.3983579600446846
-0.0065822039421053
-0.0450777721386142
0.1161901941332383
0.1743817313735505
0.1525432187503106
0.2261596168079026
0.2045435614003549
0.057680244771975
0.1461701454245588
0.0582246446658143
-0.0177181961445045
0.0819576871813033
0.1221244395964123
0.0945677640207144
0.2125697428148951
0.3039339357957482
0.3603053594786359
0.1808731941140187
0.2030953846364402
0.0723398081565133
0.0333987737190337
0.0735249355470105
0.1245194164206201
0.1373038555324734
0.1434025225884528
0.180893150997404
0.2523503748793592
0.3078912582282895
0.2965558362044929
0.1546905484446881
0.1107529659259665
0.0796115113539696
0.0210827546816192
0.0122287661626332
0.0642364191794384
0.1317990669257941
0.1214107354403069
-0.0318858506880795
0.3897289125078312

-3.1281901501276743
1.901288229760316
0.1577439305009779
-1.5933568174979111
0.0843549679863852
-0.8362876362433374
-0.7110251041438229
-0.8410046237696526
0.1864591399231096
-1.2838471857257154
-0.0185598806951874
0.912270732979478
-0.6328189051351854
-0.6264695072078279
0.2728076814926885
-0.602038396288034
-0.4332021669004879
-0.6643927065120917
-0.1404620202034983
-0.5622996170234319
-0.0225019191477158
0.0567832991238931
-0.1768921544966702
-0.3757732944386689
-0.3122828297288271
-0.2679135303797564
-0.4744358444117492
-0.7233129129761308
-0.8434387610871001
-1.096941966687471
-0.1898164618059566
-0.5226558028925262
-1.0018785270919313
0.0035973152229185
0.4052816036299863
0.0938653400876442
-0.716138039916656
-1.5430327975315508
1.2068550418789683
-2.105537983913792

0.0044557026919372
-0.0075140023606141
0.0025866086108711
0.0024391762396116
-0.0024648023283541
0.0009999704107747
-0.000212765023949
1.5241444702618146e-06
-0.0035734361996589
0.0201842235288674
-0.0119056618081078
-0.0333771383051636
0.0158426450141585
0.0762720905326093
-0.1331315097450198
0.1342812250380686
-0.1568332353380682
0.3562017449938788
-1.0973725421087135
0.0661426548529032
8.555108469989445
-0.9959006646645576
-29.756926596722337
31.255768875029723
-2.2232245668922204
-9.208794370017376
5.0245912508408805
-0.635876540681224
0.656871763670028
0.5688642383173365
0.0973092778944135
0.3726240209439951
0.5066692818186721
-0.0692202346480538
-0.2455190285452761
-0.0310379828519189
0.3958644317520816
0.8059004570776943
-0.6676440773349901
1.1248409809171558

