-1.0344139204179132
-0.0694750506689395
0.4683508188236852
-0.0413639184771546
-0.5357678160548821
-0.1035328711653376
-0.3433402516380858
-0.3696882209578512
-0.2278031189983699
-0.1510036642357553
-0.2147577965828527
-0.0096314170689353
-0.0083978843910874
-0.1102845901926522
-0.1418069422800197
-0.0949178260555179
-0.1608992616962693
-0.1856067087522645
-0.1751465475354574
-0.0381372773381007
-0.1603534890218015
-0.0415922034613123
0.0568176119369086
-0.0098661261980875
-0.0877990016469035
-0.0522594488247834
-0.0604411265368106
-0.1110108925723856
-0.0782968679133654
-0.1638485396329747
0.1877731170037834
0.0391189094377013
-0.1355724382569728
-0.159931884316222
-0.0970456718116173
-0.0151181360440853
-0.0723715055951147
-0.4451800311800866
-0.0504033561372152
-0.7684911811470907

0.3627320577879195
0.0908973299453401
-0.06512104571991
0.0011671232552984
0.2441962351358103
0.2579163162132475
0.3221325890919347
0.4441366029399792
0.2921859884337219
0.1725659303091023
0.2106324757733965
0.1219886836694404
0.1072110546809878
0.1692911226979581
0.2302213583159406
0.2581659718794351
0.3227629166374056
0.4048342655487004
0.3491859079521695
0.1782454966440238
0.1900605700722745
0.0517202225738283
0.0154570086763744
0.0900307961985778
0.152948121989358
0.1578236488516427
0.202979936141097
0.2755919580991485
0.3168994494046122
0.1324311040486809
0.168887526813332
0.1507128500077904
0.0544787751987289
0.0226501305500876
0.0519673752188757
0.1019914121809792
0.1470578745430561
0.195210503103634
0.108384040542075
0.4145482848899063

-1.6440339522900478
0.0746583343019741
0.4150028608390973
-0.1634129501790016
-0.9131092911283027
-0.3394997555273902
-0.8125362350750406
-0.8868415552148607
-0.5869929499018409
-0.2906370775808635
-0.6387717968808323
-0.0473942198660803
0.0485642931310351
-0.3214909682246774
-0.4536895476118643
-0.2516608871013256
-0.5420216327351541
-0.6230953885088982
-0.658513980247495
-0.1321313013481896
-0.5824793095813111
-0.072169082852092
0.0643051078950553
-0.3004565558316934
-0.4560867555267676
-0.3344850709720418
-0.6543047791702364
-0.8119398429366259
-1.0595710321442695
-0.3259627773716365
-0.5423118600482556
-0.7483352755117352
-0.0014608376748993
0.0840690943847385
-0.267864665141182
-0.4356885644326431
-0.2790139991686027
-0.789469245822458
-0.242864035942591
-1.3930632707938817

-0.0023394368255664
-0.0021593239473168
0.0031326975078518
0.0026458631861161
-0.0042733918753539
0.0021129671384291
-0.0006087885060242
3.458315040345936e-05
0.0005513619287072
-0.0021540184044791
0.0035459645635097
-0.0017890201412848
-0.0011295109660312
0.0017700568628765
-0.0009430490567623
0.0003441035956238
-7.04063815870009e-05
-0.0002426078183351
0.002201357450456
-0.0228355427317839
0.0885231038969615
-0.0306002436585384
-0.1517672631996705
0.0360716930797325
0.3584366939451716
-0.5696315599162596
0.5545643518987846
-0.6411267620379681
1.4687752058645862
-4.9412245500917535
9.68891176553367
-5.337758296665913
-2.2636576535920407
1.3976936111516338
2.037363291887778
0.0506056432376584
-1.2493701640616015
1.2946993046985822
-0.0938257748827932
0.9016264109768168

