-0.706852587172157
-0.0723629351142817
-0.3137163058829398
0.2754291897127988
0.0449089881435661
-0.2498347808421828
-0.2444403978957492
-0.0433594626681948
-0.1507509781461797
-0.2687523735441124
-0.27077980505198
-0.3374265029485671
-0.061186063723709
-0.2805797600067954
-0.1890115243292479
0.1452412759832308
0.0836220224579559
-0.22433575072214
-0.0808627258362637
-0.0611344507765537
-0.1485129486354151
-0.1352143414085434
-0.103344580654388
-0.0345481971330043
-0.0964145785306784
0.01537295258708
0.0187492144093528
-0.0607754880676931
-0.0793251468223764
-0.0158558433429896
-0.0842694001255641
-0.1221707529107068
-0.2490937232142022
0.0997487419757385
-0.0736169871566626
-0.4261866364484706
-0.2510843291428832
0.309339280584706
0.6278784216212351
-1.3509052717623873

0.3653869354524632
0.080950112284033
0.0148660791387022
-0.1121093574154421
0.05834564775647
0.2015970855181637
0.2081876503688363
0.124325656911398
0.1898578434736513
0.3539275100065221
0.4337983605009094
0.5053885243065754
0.2048061848811176
0.2974353398366944
0.2517245189898194
0.0607013035225212
-0.0039361034870476
0.1376257731952659
0.2315844096089753
0.2009693631343758
0.2809213007511207
0.336509148199134
0.2399936356255657
0.1247294661413857
0.1660047313352306
0.062844282307692
0.0419321014791456
0.0668466814452436
0.1351293842827422
0.1969679827942582
0.2537609553415294
0.3406990988878429
0.3208175448995982
0.0942916624355534
0.2501728133845591
0.1492196742399958
-0.0215832010831478
-0.1035134436045488
-0.0047871381518546
0.4570150593953587

-1.4287879184694048
0.876364424490114
-1.687687673184581
0.5357373055352679
0.3312899816830995
-0.4952305593264508
-0.6488498502171833
-0.1045393797841631
-0.3957172683949715
-0.6695264103719911
-0.7000739729973358
-0.8970611379658313
-0.1567700037038932
-0.6492470255994751
-0.7722372094150797
0.6134177695713195
0.2087521406314069
-0.8736508866594133
-0.1263207942458117
-0.3746360897848597
-0.6109316373461113
-0.6741697388164483
-0.6751959427435545
0.1477704442133355
-0.9707307872194166
0.0229065208484894
0.0620669756471983
-0.3744195116330723
-0.5959482820618066
-0.4090370904652241
-0.9350055800896246
-0.9924296729349656
-1.2158874608823862
0.1464523521050597
-1.0005476951534034
-0.8289247050407129
-0.1183077361795304
0.5152717802146548
1.014308214918839
-2.334619632087451

0.001468510254152
-0.005875624612268
0.0073518186610224
-0.0003432889901635
-0.0035053413565763
-0.0005738265847624
0.0020304411977711
0.0002630141568836
-0.0010912427765902
0.0006155663067909
-0.0002796940433145
0.0003046345111406
-0.0009922523419013
0.0019981446522418
0.0013869733049081
-0.00454100158773
-0.001197010016848
0.0054561288995831
0.0003491331252868
-0.0081998083515777
0.0146581599957276
-0.0333185371683868
0.1366754748006331
-0.5764423746256125
0.7268121323400492
0.8274761396187612
-1.311673246092228
-1.8832807217251817
4.883246306773882
-4.689300988210982
3.095087520259789
-0.4377499070640037
1.1028859021878246
-0.5752885851521949
0.878806215123106
0.4853769573076315
0.0397763949175851
-0.3632367449980082
-0.7255219964721566
1.5652935636255658

