-0.0004567007935278
-0.1548007194175704
0.0309816096816652
0.0473675161543231
0.0164365151598394
0.000651683114911
-0.0005668800811995
0.0021228615995375
0.0239385849633373
0.0459637127457389
0.059359633688592
0.0856992257030613
0.0355092911715886
0.0450853870901791
0.043775162953022
0.027064514335681
0.02765544549059
0.0762800470772337
0.1316965656326302
0.1404369510901718
0.2221815665698128
0.2860266353140194
0.2208201770640902
0.1107964481977672
0.1359137868180812
0.0744313279250085
0.0660827578384172
0.1204362273499957
0.1854687721737719
0.2176859940381912
0.2952361080745315
0.4436478976532757
0.3263034784934251
0.1630535769760512
0.2177851928669709
0.0779796341908457
-0.0379590600351874
-0.0604201574169712
-0.037636018363717
-0.0577086626061351

0.3487396409355219
-0.0054775463294983
0.0615358217931428
0.0460487075710328
0.0190551006329939
0.0554075280694762
0.1018978335804537
0.074871896863091
0.0876229518296523
0.1774600330811028
0.2141350442390691
0.2363806811299712
0.1421834760982221
0.1342125113925488
0.0057254048681796
0.0487075605790043
0.1605128450990628
0.1895164600792671
0.1893696996041023
0.2725068533802516
0.3713693505091628
0.4738809100666751
0.3478015553886799
0.1953937361580922
0.2376760555447463
0.0973759066094742
0.0521639459076152
0.1249536726773683
0.1932330681528524
0.1820079245249858
0.2368414964933071
0.2779269156430879
0.252526141963116
0.0865779461134938
0.1987410959059734
0.1099537589347632
-0.0288175188064199
-0.0916460055442517
0.0017416249481642
0.4152074596550676

-2.028022503379826
1.6817075011209863
-2.063230130592097
-0.3518414082817698
0.7692865391649688
0.1199614464588385
-0.8239643283793868
-0.3527980621373086
-0.0797410441585903
-0.6261959299595289
-0.5222035075247624
-0.6924521757706747
-0.0173601376894331
-1.2242406436537263
0.7598671877048526
0.1999296304506545
-0.863696595472924
-0.2406956723167806
-0.0278029375771955
-0.6686174762786522
-0.6298877916576661
-0.8835128669115768
-0.8303237568932917
0.1642415285216013
-1.246523768706287
-0.0021190046555789
0.2130729120667894
-0.5717007814386805
-0.7053727939841024
-0.4105338922087985
-1.0105567778676927
-1.07111075404654
-1.331111356337583
0.1602032782278425
-1.0200804529450298
-0.98530090604957
-0.2328497433970707
0.6158304172931196
1.2992818444939247
-2.829981676137974

0.032327538820493
-0.0248164134209585
-0.0059787511987633
-0.0023195057498194
0.0013091379369122
0.0058680243626054
0.0061213215027525
-0.000269473419601
-0.0053422075571431
-0.0005664547538284
0.0009750035998817
0.0039059899510123
-0.0075342742637288
0.0068885087998497
0.0041785866210543
-0.0059426888749232
-0.0042754472653057
0.0033807146764617
0.0035911507647554
-0.0030734881598097
-0.000599360844911
0.0024781408014818
6.630179579382138e-05
-0.0033751700412397
0.0078565626468297
-0.0027225611338222
-0.0055191315698269
0.0012523355154578
0.0043740359518744
-0.0014514816686192
-0.0020125570287947
0.0024247621607178
-0.0016702922287543
-0.0062754846134371
0.0284679959166478
0.0134643692790424
-0.0171956057788356
-0.0360601020094747
-0.0233545351382958
0.0571556056832598

