-0.820563258577293
0.0115337551441965
-0.6128950471169813
0.2750512948755214
-0.5709259910249741
-0.1901081349946856
0.2184670333567949
-0.2234609087935986
-0.2766276239495869
-0.252614098645544
-0.3513931015888277
-0.18419839974577
-0.0578611399834829
-0.3550437167790356
-0.0996184762096322
0.1899539141832849
0.1490580535483622
-0.1948175779396247
-0.191416470780198
0.0414540412667179
-0.119661702812917
-0.1118550152622311
-0.1235017703071314
-0.0734155607637637
-0.0521043087562749
-0.0738847887669631
0.0314746697591432
0.0046076498801841
-0.1021314772104451
-0.0421388515239432
0.0213860326941679
-0.1658804033962228
-0.1531246355896393
-0.3059115646509557
0.1247693428670627
-0.2813955127509945
-0.4515136130961374
0.0847286739524202
0.6661437962440142
-1.2417348003357678

0.4015744662439074
0.0495856747941256
0.3340471487487219
-0.139723414273866
0.1710808062057242
0.2633928147027606
0.1034251749524221
0.1127923774942673
0.338057231341033
0.3850226258268667
0.5112506961765098
0.304799413594622
0.1281103747787325
0.3291148701543329
0.2124812988930166
0.0255827498505485
-0.0704922980655757
0.0689894313215842
0.2137648372238332
0.1840275064495403
0.1640482531645161
0.2773727902537765
0.3156260894895834
0.2011920391256859
0.1285121734241955
0.1806173066424034
0.070502595910786
-0.0257058912031506
0.0572483393286464
0.206811011466348
0.1905775436398742
0.2474923863125177
0.3408329741927172
0.321462009312337
0.0858116150274438
0.290601842492582
0.1308382422860474
-0.0976048229344623
-0.104437055808561
0.5082162136184428

-1.4432703768328576
0.065275749288612
-1.3719818394181085
0.8812168633190772
-1.405770961774058
-0.5529929911413639
0.588004369773101
-0.6167977514271948
-0.6311038634451288
-0.6751728586491859
-0.8726135740020885
-0.580450759300159
0.1240443404761257
-1.1594146530059255
-0.4450570214449101
0.7348972992633471
0.4740517550821042
-0.7336625697988862
-0.6304584791839504
0.1252151723465259
-0.5469116794018531
-0.5490507998142119
-0.7080622077426324
-0.5792034901255209
0.0193254926236283
-0.7771671393594367
-0.1677369919297812
0.146120750989402
-0.3717819391047512
-0.6223768356078765
-0.5070495891644439
-0.8858567377582246
-1.003811311740965
-1.185610541400045
0.1196387299183097
-1.1787533796899998
-0.7588148853849589
0.330935758584014
1.1295664208553051
-2.2184653336462388

-0.0028402945294831
0.0017760631471467
-0.0002035757992981
-0.0020314580360854
0.0043105407561166
-0.0012702579876237
-0.0038326154589284
0.0042525306125409
-0.0021752658618622
0.0008973630867621
-0.000607054544743
0.0008577757522826
-0.000344579216918
0.000883028141933
-0.0049289308072117
-0.0015635944427374
0.0072162674674122
0.0076100975128466
-0.0093248155249942
-0.0166160267779411
0.0408395365721238
-0.0612887879451143
0.1320826371812092
-0.5067454929043407
1.7396485667877124
-1.1538897384677285
-3.3279431832266333
1.8800302370922328
8.457171318112948
-13.970686468787804
9.8234713861161
-3.214921061246566
1.7076102266196778
0.0796312518047636
0.4854719713232933
0.0993163549904235
0.5604155674418965
0.0547510607130107
-0.9408830023423456
1.4644868792854275

