0.1872976976775442
-0.0221905103485534
0.1154497890543937
0.021086160621155
0.0540482190382305
0.0414019441600322
0.0171931719210616
0.0467150416659981
0.0983995468270314
0.1197182606356159
0.1605139777659835
0.0995232660104152
0.0654579964158192
0.0727732139475676
0.031142476380458
0.0180113918456524
0.0356174672317751
0.0883945352254234
0.1406309461778448
0.1462970574930271
0.2007462740510794
0.29865597711492
0.373086881056913
0.2578582026041564
0.154367778827667
0.1569688475551709
0.1026255089899926
0.0994131023357334
0.1580684771251511
0.2107068001227994
0.2785933016328535
0.427019463635606
0.4711910693524908
0.3871994279595465
0.2215570668091229
0.2275356637463287
0.0689922909170649
-0.0479451317795803
-0.0312513386901086
0.1388982176518136

0.3927913308767661
0.009568273053972
0.2836017525999144
-0.0546891457048045
0.2195610055238485
0.0999574535401741
-0.0318628561369594
0.0702342332387881
0.1678529424164996
0.1599721443094466
0.2393672659171897
0.0652639329768227
0.2341894458928105
0.1843469809747686
-0.3414400391334291
-0.0497414290130147
0.3373868642169634
0.2311353206844388
0.0141643247266417
0.1365150137728087
0.2547311943285794
0.3087919772435555
0.3979163755477857
0.2636812183583313
0.1380698808764604
0.2667750313979743
0.041761284602995
0.0048864004319443
0.1346432472355303
0.1510366207116694
0.1478330222148771
0.2000898226346259
0.2588546401291562
0.2749559469406127
0.0073131051474366
0.2801998507197498
0.1549966250661786
-0.1080180055105681
-0.1939986016539933
0.5371215167826147

-1.7765625595161458
0.1307573578959468
-1.5295527450543145
0.9768690072603324
-2.0027128908565843
-0.1115644025947049
0.9273532537086586
-0.8923439359307841
-0.3612965488171186
-0.5073434979840155
-0.6917611597771018
-0.1187306059934814
-0.5893864073871575
-1.2081256165055951
1.9047487924845925
0.2095331015229391
-1.5805310008744338
-0.2547502994824129
0.701687738878897
-0.773165611233956
-0.3107046717088076
-0.6381631549403015
-0.7655925287167821
-0.65617479918876
0.0809398191532576
-1.0289665393769605
0.0023551664749939
0.1331908897991068
-0.5188593990755979
-0.5704186402803195
-0.4242663616092536
-0.9123947821478188
-0.9812548313046756
-1.2305729103139849
0.1453310695336977
-1.0881614589772597
-1.0042333093567988
0.1880048857721048
1.624406175813868
-2.7427240617050925

-0.0029300925226099
0.0018801976128789
-0.000353437209984
-0.0018218024966044
0.004468001194864
-0.001825702711649
-0.0042379945440778
0.0060894226787733
-0.0045355588872088
0.003549025508933
-0.0053766901071636
0.0139021682936773
-0.0113681871495284
-0.0626618690626452
0.0184945683212412
0.1136344311166731
0.0659609106878242
-0.1697197380054355
-0.2275819293299199
0.6002879242022328
-0.6286805366100583
0.6081233981014555
-0.9464275574930892
1.8974465118660315
-1.9138676913466064
1.9214901637098576
0.1693178057530278
-0.5913440087411065
0.1871678716949711
0.6284045930485174
0.0840903920098345
0.5190576044906148
0.5053686626789458
0.6362021938809463
-0.070788092685094
0.5398914463166016
0.5342412817361756
-0.0732988717296437
-0.937583370898758
1.5000469287195004

