-0.0018573806064369
-0.1008698340314706
0.0260901266952251
-0.0106121913663012
-0.0364538839888109
0.0066954815608647
0.0249830549743307
0.0103798004132096
0.017183645502605
0.0422822848970636
0.0556326049083126
0.0870799599709431
0.0591662737358657
0.033759291165428
0.0416389795282351
0.0168753952835796
0.0027222486095838
0.0416991024172265
0.1020961876889356
0.0995989258992326
0.1091826682000918
0.1651403842845814
0.2437187406029668
0.3063571090652078
0.207870344842447
0.1216468512212041
0.1373729472981242
0.0956883161621712
0.0866607206916241
0.1002295011502078
0.1608058102793962
0.3069755795680069
0.2503470048175016
0.3076141609187719
0.2094642544076562
0.142400142720848
0.133269676590983
0.0057818588385335
-0.077655146751084
-0.0980831883318951

0.445521859621574
-0.107721449490011
0.2796668515604981
0.1504173146014243
0.0050780525456276
0.2035996091800141
0.131566318675571
-0.0668441505211298
0.0670877412308961
0.2125813722056607
0.1799198939937188
0.2505344020503773
0.1780122895384861
0.1499028567643026
-0.0491511142779513
-0.0118402400554857
0.1543082239372125
0.1972072253426136
0.1491510047704376
0.1250543386720085
0.1320600239516938
0.3354490833242642
0.3629878799330819
0.4756496437909892
0.2944470049304211
0.1882945960994726
0.2668332953752994
0.0671541516530808
0.0105597602528403
0.0877978262103081
0.1967513270769578
0.1061644407479139
0.2188966713211481
0.2666109433916053
0.2411269109849532
0.1142744743145083
0.2353306690679034
-0.0620559207758188
-0.1680876597087964
0.4751596810090298

-2.1647356911065483
0.7951145658206411
-1.417912029554256
-0.4693909200422316
0.0697231236418151
-1.397028538568697
-0.2056889951630309
0.9107975575411552
-0.8983084683237105
-0.3612999371541299
-0.5378393760784836
-0.6648207299303384
-0.271723647184405
-0.7541266274003801
0.476735347700599
0.0841282641881431
-0.7734342662502725
-0.0957359182866543
0.3196237474961775
-0.7316967283622727
-0.1829614477168563
-0.5837721548217693
-0.7565049594038612
-0.9362200985102505
-0.7761085432201487
0.065184238083968
-1.1696158984746283
-0.0145496215303944
0.1160078674260207
-0.5056923327266281
-0.6790029266443217
-0.5024305752250939
-0.9918101699597238
-1.0821007257043005
-1.3414559342066363
0.4516710401654645
-2.658778039078323
0.1960654032716468
2.829970749877127
-3.3695386564375944

-0.0008058762846748
0.0001827223478257
-0.000163638314396
0.0007208217679773
-0.0020128638588824
0.0023079111965057
0.0011265818991265
-0.0026103190593192
-0.0005950694337716
0.0035629887907425
-0.0052826689502417
0.0102013439817053
-0.027396358282485
0.0189157725650284
0.1370189523099786
-0.0416064412072274
-0.2351093889063135
-0.1322908902294374
0.3419503620744719
0.4631136011489248
-1.1999676652199789
1.229163238810502
-1.1309374301502932
1.4384913246625088
-0.2817669415048686
0.8488698001014747
0.1542413049515131
-0.1807394170637842
0.0602693136015619
0.3914857704294876
0.2317034423794965
0.2433708420098475
0.4857341983828082
0.5122589958125997
0.6409253812437846
-0.2150778142042198
1.3009030291097716
-0.1276493476160911
-1.4384331410471414
1.7719554821302022

