-0.6035583343149578
0.1798411621969377
-0.3257501468449523
-0.1085338395162295
-0.0178211358958029
-0.2395680841332694
-0.0651477181847244
0.0949808825905082
-0.1090919357723621
-0.1356817108040497
-0.1162423200446322
-0.1666826944994523
-0.0547669960309622
-0.0996923737135367
-0.1621892766971956
0.0467941670633798
0.1483240765121662
-0.0110524104235853
-0.0970438898758978
-0.0196961956552383
0.0381276088959079
-0.006864743567157
0.0204012870171004
0.0397894874920908
0.0273465252541786
-0.0050327415399014
0.1017543908782651
0.0064012428507542
-0.1015652670775565
0.0324258797565012
0.2577002230766478
-0.0934833196377313
0.0786122657847136
-0.0140368385960217
-0.0351977444712705
-0.0004167634993037
-0.1768665348019287
0.0968329108932961
0.3262122670864726
-0.7717053935267095

0.5635903901915064
-0.1263137326080945
0.3552633740340175
0.2528145074067593
-0.1456825696889047
0.33040910077713
0.3656928627689488
-0.0759592883443878
0.1687677401636657
0.4200028160642096
0.3922263382774048
0.5642594919346792
0.305794476957159
0.0924881005727736
0.6364831316164726
0.1653507093394647
-0.3636519394576242
-0.1296346113011283
0.2755302332091324
0.2830315330899898
-0.0317622461314449
0.1809732061134996
0.206805360147056
0.244914046022988
0.1587458903697022
0.0642946611476272
0.2659235243282958
-0.0488411077201964
-0.109729862550737
0.1707599686984479
0.2215215633643967
0.0979831658843621
0.2671272944613351
0.3088514509924495
0.3191452552183755
0.0513234963265687
0.4580395936310608
-0.0896180908420478
-0.4088092090875326
0.7465474942128872

-1.864068531438531
0.5014351931938772
-1.206882524334267
-0.6445273318419948
0.3082846669775349
-1.4188082843407397
-0.4942172514130535
0.8837617817055032
-0.9474105722436904
-0.5297801479797862
-0.7297576217881394
-0.8955876783253266
-0.5303903899983223
0.1290586841700437
-1.880364813959627
0.2831107444170839
1.4180619855735557
-0.180664179380822
-1.077993263252084
-0.2946772890466493
0.286946491620217
-0.6430886021770157
-0.4201278437800748
-0.6493713635784638
-0.5338923671181124
0.144226509905667
-0.981618782488661
0.0348718736029702
0.2115037499759629
-0.4132226390519847
-0.7456335861060759
-0.3049449084442407
-0.9095028678771612
-0.9342041851509414
-1.209334470082332
0.4403292056168802
-2.4420344118062376
0.167929945688903
2.679388243540322
-3.227648959073868

-0.0008162512180294
0.0001577670768261
-7.455268387948722e-05
0.0004596574264309
-0.0014492440615401
0.0022631997972868
-7.479936364368228e-06
-0.0030181057457241
0.0030625242348178
-0.0016767699598085
0.0009226036212101
-0.0011900954837072
0.0039104139971318
-0.0104040743827034
0.0009837810272126
0.0100414162083282
0.011933028405175
-0.0031399953372029
-0.0299808630641575
-0.0143922827751651
0.0946432836935086
-0.1282902994461781
0.1482446121495484
-0.272486307457495
0.8542389206331739
-1.7785288746022423
-2.073868771911624
6.117196014916962
5.793811104824027
-22.50149828640206
21.316282671976083
-9.124336049805953
3.18375554437406
-0.2396609872696491
0.971346611536652
-0.5360568362193747
1.5449733742199294
-0.0984838862718036
-1.593927618698712
1.839965567513386

