0.1850901671418639
-0.0178164943551402
0.0878806701767168
0.0654505971141131
0.0111850296011546
-0.0026983587944579
0.0158988150219639
0.0348159723462287
0.0559180703125813
0.0747270628704915
0.0925134061014445
0.1383402792223445
0.182540441216962
0.1292165559899495
0.0689632642345918
0.078515321334802
0.0426860034247399
0.0606677574210264
0.1240556055886228
0.1467087191439041
0.1871223215783461
0.2744081956219276
0.3740899460882801
0.3691637434274288
0.1553185567188934
0.1878108709460152
0.1292047048473168
0.0930688924307678
0.1357610046546645
0.1889660381225579
0.2602884672653233
0.3962036799864826
0.4398667135508279
0.4344540328490864
0.2236004331899327
0.2478544638903601
0.1273394176249078
-0.022587066894331
-0.0609256273833819
0.0376952744746702

0.3859767055872689
0.0601372896344617
0.1538565628194749
0.1421879308511318
0.0109759165733872
-0.0025563582522268
0.06011645496707
0.0421567272534108
0.0550121338049416
0.1326674406140394
0.1170109118232063
0.1802467450294656
0.2174168547384033
0.206317199243925
-0.0388944857931256
0.0891620390471425
0.1734152870173199
0.1138503360595577
0.0866949935396735
0.1652295773667695
0.1934682621943484
0.3069471025789929
0.3870401679666803
0.3881721927710561
0.1258222823203219
0.2640810394933111
0.1174656843512816
0.0191173742320314
0.0723741900713691
0.1360968199014129
0.1661240499294662
0.1584800031659984
0.2587050498910276
0.2710567174588679
0.1244124285957289
0.2133247207403216
0.0705981631503917
-0.1357693423576556
-0.0702957282803415
0.4431929839256265

-1.7004848433956774
-0.1546276206652053
-0.7885712240742685
-0.9960194311944642
0.3782849872311805
0.4499824123639578
-0.4715678951510526
-0.4678666992005361
-0.0361399000884908
-0.3275074144297718
-0.357059833638672
-0.4844648365087062
-0.4746019446128035
-0.5624888035243452
0.3411246158863343
-0.3862089943336307
-0.7295997516978873
0.2883870860566515
0.2728011990073608
-0.9576942886048588
-0.0324044753710746
-0.7051056858126479
-0.7174044327859601
-0.9220433114005088
0.0525750282156333
-1.025892147274555
-0.169633079173514
0.2425945861253779
-0.4238956025899169
-0.6448690177711263
-0.330432807677618
-0.8437035797737191
-0.9356173824296388
-1.264340480627641
-0.1734366844330419
-0.9878862878406824
-1.6120118065771196
1.311143249769897
2.0533477548607326
-3.4025078260690167

-0.0001929075373086
0.0003200164542169
-0.0012087304869626
0.0026991073817598
-0.0010872244255133
-0.0021445635569192
0.0005408500312049
0.002082848909474
-0.0001676506440465
-0.0023957531281927
0.0026374937275492
-0.0022087900193246
0.0028046846321009
-0.0035797134099847
-0.0218969865460604
0.0825361338506175
0.0080724347339998
-0.1476183138245268
-0.0505768608246092
0.4052916766295323
-0.5267850133178232
0.5021457017179014
-0.6581115199448982
1.3374815551129993
-0.8180306094916205
1.3713698804233567
0.0089418853162857
-0.4027841762688872
0.2253522961577985
0.5249476394941485
0.1019830112764345
0.4561695021867517
0.4899983265082353
0.6539755162663473
0.0627468760306836
0.6323839434201406
0.6695573511577299
-0.7075399251880866
-0.9696639825900516
1.7620774441247946

