0.0631750232560125
-0.3088329355181857
0.1385260832700775
0.0967987357636169
-0.0398532588604106
-0.0406898516989759
0.0423531913474314
0.0192088822196344
0.0402039498990887
0.0620276771282767
0.0046247277337729
0.0314002340673848
0.0423093765216458
0.0232084202924119
0.028900603646946
0.0719389930268698
0.0831824309413942
0.1398572876683619
0.2091027831915222
0.2587133894135269
0.1160419191217465
0.1066286545370449
0.1293714765868264
0.0473799916236831
0.0113526364165887
0.0683505917927467
0.1432379406960568
0.1533504226835131
0.1795408772739773
0.2781350764947659
0.3484270041613353
0.4371358409853529
0.109197759898702
0.3595696176639829
0.1542831581333325
-0.1174307054484015
-0.142288431340011
0.0284174324119767
0.1503317268429744
-0.1747963469162821

0.3425243130193987
0.0453598341748955
-0.0083360585353348
0.026436485132011
0.0868986128852339
0.126753854349791
0.1306803381832493
0.1633667899990236
0.2256345287697365
0.2242009117065827
0.0926920765208071
0.1045640871753004
0.0953756066422667
0.0475813778462347
0.0321342271191337
0.1561241734810661
0.2361427297900973
0.2806395282294058
0.4071029243194035
0.4679383410325205
0.2107449486455169
0.183165271024158
0.178012909534427
0.1085052821919398
0.0661813615474848
0.0815332213638654
0.1302784147630929
0.1717888068140282
0.1932361556762046
0.2264419667545184
0.2891002806754489
0.2654984203944165
0.1045698419443394
0.1500547244442654
0.1284678810467937
0.0467689102583945
-0.0164409572742897
-0.0372994829703061
0.034464251953965
0.3743975324103173

-2.3233603869977806
1.06296608944645
-0.2788421904529728
-0.401203878855345
-0.417332415674913
-0.2366277600739923
-0.4976167106832776
-0.5967053675431048
-0.6979695920179735
-0.7248893400945978
-0.1194710235009626
-0.4282888972831792
-0.4811471287545096
0.0180468895767311
0.5778107060170569
-0.9733619921033788
-0.1292817888205139
-0.5063595524404768
-0.66238051766316
-0.8305272985050182
-0.3786565072008417
-0.1189055429571012
-0.7827572040745588
-0.0567845324088778
0.1415248725628427
-0.2597712147605858
-0.5547163191405015
-0.4211280732285533
-0.4548340140485333
-0.8617810354750082
-0.9891988218913808
-1.2090723446280407
-0.4039941022888325
-0.427586320897194
-0.6225833533829862
-0.2174950668836008
-0.5541075470869127
-0.1414147283235985
1.5120554293241917
-2.6347031446327134

0.0011036206854258
-0.0026126950389792
0.0016814039697145
0.0004951480274518
-0.0006422750111446
-0.000221345089245
0.0003813106842004
-0.0002069376233343
0.0002073946992368
-0.0010079435208956
0.0083184058874841
-0.0273925257442668
0.0040173600320407
0.0471959329918705
-0.000410576079631
-0.1112090764815548
0.1518220161706396
-0.1285433600391618
0.1270998073627075
-0.2312504782002857
-0.057254033228333
7.995159221845557
-29.359447274538223
28.684752518299085
0.3614235369697704
-8.465156692525872
-2.129363986109253
4.726393857473065
-0.8784470453323177
0.2915400390223465
0.6309258758970545
0.4959307009320324
0.2927633986537594
0.1055467192768778
0.2844132749871548
0.1458355033340664
0.3224533384666215
0.0551019119039056
-0.8744631439209479
1.4445194709411933

