-0.7308501518697277
-0.1723145319949203
-0.0074482690674416
0.206004354048019
-0.2980159784519895
-0.281666542827845
-0.0638309778459683
-0.3118614410146645
-0.3133477368353524
-0.3741890204752908
-0.1424707841050483
-0.1436068385542885
-0.2456896837095078
-0.03407834183049
0.0438131249868397
0.0431475844868452
-0.0670554887495408
-0.1854928058156657
-0.0132120125244186
-0.1370307471319518
-0.1289522761752922
-0.1478543247009082
-0.0155578557650786
-0.1423120304336785
-0.0611402542580915
0.0778089924377912
0.0733896789025344
-0.0609530062571717
-0.1653091632210226
-0.0086270301050594
0.0872734240445893
-0.2053650646607616
-0.1148160937070778
-0.3007128381232211
0.0008448842366492
-0.1289693722149385
-0.5736267543178986
0.1048178576980506
0.8215302705237392
-1.3557426372932233

0.3683105758434122
0.0797095833040898
-0.0027447525598642
-0.0662987127293752
0.1758838749527632
0.2369263694414947
0.1799481351725403
0.3044219181406764
0.4264480120157455
0.5076270415136532
0.2292386637560718
0.1924884497094413
0.2274348336145743
0.1352435068626231
0.0934733132482968
0.0722792651171812
0.073212699370659
0.1731434381742849
0.2073814128657739
0.2343836522615195
0.303726802959416
0.3259081827376226
0.0990592411095526
0.1738598139544901
0.1570953079773101
0.047326190247651
0.0138378605212605
-0.0095869899058799
0.0637705535306649
0.1892712827494949
0.1819368704281884
0.2044963190259627
0.311934646776083
0.3287878132882101
0.1236317721903747
0.2650636096660285
0.1495821401247146
-0.1019755041823425
-0.1052904165858906
0.4957730250703352

-1.3746511794527234
0.385748601533444
-0.825970766652485
0.3903780389692253
-0.3971719003731174
-0.607964509323976
-0.29727139597275
-0.6909720558197007
-0.7978838137896619
-0.9411637314288837
-0.3755909607794416
-0.3445458950111992
-0.6260516850115507
-0.0763024934515352
-0.013207183028009
0.2007420803250322
-0.2322709252599107
-0.6093338492517529
-0.0655842246503175
-0.567804392421746
-0.5561938138334119
-0.743376880632171
-0.1671570100921014
-0.3335340610524167
-0.5547699496465949
0.0567661978595227
-0.0084408722247163
-0.1592167275114985
-0.4088366172258739
-0.4228381953152112
-0.5042895798181382
-0.7721584885218669
-0.9074212440009446
-1.156123701315358
-0.2217900793589568
-0.6499418380924181
-1.2989888717153222
0.3796459203205506
1.5600483487493704
-2.460726829457921

0.0008767613014566
-0.0032109033145037
0.0039803914370311
-0.001103723099952
-0.0012281209266745
0.0008047316938435
6.780206553344113e-05
-0.0002449604014007
0.0002106089917733
-0.0003274029443192
0.0005621166262738
0.001046516389556
-0.001247987503996
-0.0055310173629295
0.0013973114394518
0.0097860574944553
0.0021054816875291
-0.0194431259542168
0.015413187501792
-0.0012114003082822
-0.0147328557286415
0.0718970878380836
-0.5342783180334602
2.123700267320193
-0.7046230146437272
-3.4362500810613104
-1.3492199327730294
5.298458123365325
7.288218415945205
-18.83466159145159
14.855562760512855
-5.546458155815276
2.386629533307578
-0.1830612602569743
0.7856425258436509
-0.3152366416237075
0.9596124563862783
-0.0160623371975627
-1.1606760473626363
1.5909671604118198

