0.0007540093685916
-0.146087507003867
0.0359486098681598
0.0463303972181916
0.0061298075557406
-0.0111030185733128
0.0064110736620069
0.0274164664493244
0.0380974177007133
0.0639256281961901
0.0255320364643167
0.0193850156634191
0.0366578260108056
0.023088298813832
0.0174708360214623
0.0336270102366183
0.0471642779123104
0.0814700846552497
0.1301716969123128
0.1622946787781455
0.2376399197250686
0.2710655092612098
0.1122031476236414
0.1315920507172828
0.1036870616042996
0.0435569384701164
0.042704576931956
0.089751479807346
0.144218846278173
0.1440685715517868
0.1664417801469466
0.3375602739294389
0.3122423639453108
0.2866186397284247
0.1385258215704247
0.1784261679414079
0.0634566833230441
-0.0441408719855992
-0.0637819162018511
-0.0682193827175069

0.3806660355523983
-0.0352048066216557
0.0369736147308548
0.0691246462731737
0.0714923894327134
0.1001817574536193
0.121764993398638
0.152794690075642
0.2074230416898108
0.2549656896518574
0.1010712552008779
0.1068758536228299
0.1981508477937797
0.0159753218915322
-0.1678215826507503
0.0796666692598457
0.2833135452755101
0.1940303509539093
0.1464890472592955
0.3436852402140174
0.3816771218751954
0.4664949209682964
0.1367340529392049
0.2750079227116968
0.2247591325896921
0.0416300843073056
-0.0010979047896058
0.0764005411485365
0.1540557304744803
0.1322858724824887
0.144671496381425
0.1700865624098956
0.2477504388602583
0.2654867760171895
0.0862448115157673
0.2261710192312365
0.133008364046099
-0.1059082551537039
-0.1231381839987682
0.4805438514060793

-1.995528521869098
1.0290819484001927
-1.06055603128934
-0.1084381228520183
-0.0139795332125104
-0.4925161806226545
-0.4214951208192087
-0.5190009652549311
-0.6743836935640263
-0.7533365324000091
-0.3258430421934722
0.075308583356405
-1.4188746578536835
-0.097083093549307
1.7588835459574923
-0.4511223474976366
-1.4351729933459485
0.2124935755204401
-0.1372149404292442
-0.7694694546945258
-0.6068740101764073
-0.9693166680134456
-0.1473498577146909
-0.510632763191563
-0.783772670084985
0.1508530577797023
0.2226480098589241
-0.3804414028214782
-0.6857091151782637
-0.3154645665847352
-0.4390879007428854
-0.929281665881635
-0.9515773033598196
-1.2872576719557802
-0.2577683267639018
-0.6024666169975033
-1.6159945688730937
0.3680151968494144
2.005899410990035
-2.9981923269563198

0.036657246819194
-0.0225220560734147
-0.0146055040162039
-0.0033826259867471
0.0087473182041504
0.0094509966914184
-0.0026225208176835
-0.005334445798728
0.0016638951765332
0.0044716515980518
-0.0074521947861008
0.0062550474885144
0.0064608993173142
-0.0047068248790574
-0.0068833064594666
-0.0009742852041506
0.0048007115858472
0.0033026365115609
-0.002599757346912
-0.0017595128774352
0.0006625294648849
0.0048382637854992
-0.0094511820396454
0.0077282639850161
0.0066807368413087
-0.0044934452588176
-0.0069746190568753
-0.0014007143619261
0.0045034571955377
0.0035315823294285
-0.0023908895338822
-0.0019010415697863
0.0016594633767924
-0.0009925722397335
-0.0009915418178858
0.0248884100311097
0.003651854497409
-0.0340853639206564
-0.0345058916703169
0.0559263507303037

