-0.3267038334396905
-0.1007499459628026
-0.0178477224970389
-0.0872020587780003
-0.1704077161297367
-0.1713353503203925
-0.1859902717358336
-0.1025952756022067
-0.1101422235226683
-0.0758950289168657
-0.001708207579291
0.0320744916649877
0.0186624923528899
-0.0214903185151502
-0.0317981627742591
0.0141523159751584
0.0331305676438793
0.0457615755508224
0.0943894342950154
0.07658956285647
0.0219848698930643
0.0586718679246169
0.0490076016607279
0.0475790362367165
0.0653858677451471
0.0864810283189388
0.1216065893717682
0.1731859292329061
0.2451132297858437
0.2179742776954616
0.1305507927045273
0.2069233112845694
0.0520822987192422
-0.0427046161179196
-0.0215655620977437
0.0226280122608677
-0.0158279520279064
-0.1271403569313345
-0.1262621214357886
-0.3725067129480781

0.0405969962753861
-0.1690236077915471
0.2304561487691727
0.3125973717646194
0.0608286970981268
0.3222095687812119
0.3588879793441933
0.2110086732779249
0.1920705130036859
0.2800906512873176
-0.0280651326602082
-0.0117020416081666
0.1172301713059009
0.0725125380536381
0.0776747137224548
0.1060604759335723
0.1382047530809665
0.1607365560060656
0.279668227742806
0.2181381915134328
0.0630646467594052
0.1718969755908946
0.1332284238723982
0.0987394928541031
0.1155887811841609
0.1317853000593956
0.1775190960218619
0.2269162722109295
0.2354003161299233
0.2051462862462703
0.0471347567949839
-0.0074418555727589
0.0536194967083031
0.0427502787756776
0.0376848703653412
0.0482727678636915
0.0549627904116176
0.1069127195789146
0.0923501753594638
0.1813211897037298

-1.8268400608395323
0.926074161812188
-0.2297850950902704
-1.0182866472025915
-0.349193531393201
-0.929144193028458
-0.9487580709464496
-0.61941071979007
-0.0994607569761834
-1.4444991974044568
0.5478835382526074
0.4754691934676605
-0.5878091563560217
-0.3034843887140332
0.0384462542611234
-0.1791218521326563
-0.2459452187939644
-0.2037186546530198
-0.3822018744855064
-0.4206073792474386
0.1950916207653355
-0.5947809337745372
-0.2179739464275607
-0.0308989643773802
-0.3309057016054327
-0.4088525729981146
-0.4286046802340747
-0.7282282784944001
-0.8354876520729244
-0.950285170547896
-0.0049368878760143
-0.7715196932729909
-0.3207792299870112
0.2159846761430847
-0.3204672996790302
-0.7499257940853327
-0.184760729732322
-0.893365225532941
-0.7337902593575532
-1.3485463657604024

-0.2451727953412635
0.2527252136053195
0.0083455740208973
-0.0910121654284739
0.0460429248426935
-0.0141960296730507
0.0045209896391223
-0.0018288003828274
-0.001345898140962
0.0048881041014326
-0.0013269183111439
-0.0033778891570126
2.778913817729962e-05
0.002729831982907
0.0004270685091079
-0.0030044410688647
0.0028151293167044
-0.0022538264806888
0.00288852194331
-0.0039156430412485
-0.0208054959540571
0.0816632197926668
0.0067586679519897
-0.1464203914395972
-0.0483211585571661
0.4013168099053682
-0.5240293829562438
0.5008512625614702
-0.6573927688969085
1.3366372467159373
-0.81865915870647
1.3810885974369929
0.0077755042284526
-0.4288565252936273
0.2275702013414733
0.5917546007264225
0.0016427370505276
0.5494713972049812
0.3891008312283092
0.8420393948307773

