-0.7616642423932616
-0.177121218199162
0.2521800755895815
-0.171674435951662
-0.3924871505044723
-0.2688116027357267
-0.4150665201357471
-0.2131351609459545
-0.1613464762603024
-0.1923630924811434
-0.0523141711427352
0.0196594209954031
-0.0405968925895742
-0.1027377413567795
-0.111175911483309
-0.0793064580097159
-0.115363934503717
-0.1614787492716271
-0.1777161089294424
-0.097571686050039
-0.1000152001608343
-0.0904510411303517
0.0165239287550687
0.0234573295975076
-0.0463247045095424
-0.0736800744003991
-0.0418562552081707
-0.0881176961661309
-0.0906077927033923
-0.1239116701287262
0.0307863744364179
0.0158712546089138
-0.0892259716526647
-0.1068334724988827
-0.1028106724248273
-0.122212986187064
-0.1705598910882736
-0.3539823984679368
-0.3384675480821208
-0.6900057579558488

0.2602397946241938
0.121738330795465
0.0206079587439753
0.0778953563957355
0.2546913202600865
0.3299063870241406
0.4147870236658422
0.2717007856445677
0.1549782156651478
0.1555642328139884
0.1134396699533804
0.092075730533392
0.1136295534073544
0.1519541014123475
0.1845896875307615
0.207601327665642
0.2509309137956207
0.3364679504087136
0.3741804215934055
0.2522855426495998
0.1571562223580855
0.1089856346209119
0.0564080387543911
0.0574696383461181
0.097153185289983
0.1399051556883511
0.1738509260631561
0.2192828054200171
0.3027942792442897
0.2907479144848061
0.1531213631556816
0.1546883050620492
0.0984663546195498
0.0626855618139416
0.0823781671988568
0.130759496866633
0.1738109861260428
0.226840538457229
0.2427584477394435
0.4044442476142602

-1.2060407564820803
-0.2301698719420153
0.2533025769681488
-0.4838042038849311
-0.6957406153944169
-0.7011856258041288
-0.9543943643867504
-0.5614976935933683
-0.1876837838030775
-0.7687530783658092
-0.1272100623191746
0.2004049015978576
-0.0436349077064877
-0.4016524382703642
-0.4060476776431314
-0.099566988643595
-0.4565676554597715
-0.5276476594274212
-0.6497678827850988
-0.4552338163441083
-0.1997460231298791
-0.4180452866396357
-0.0175061125551842
-0.0898348927585455
-0.3651528727163579
-0.3896460434423464
-0.444772717823391
-0.7278186114559214
-0.9110005758257338
-1.037421369842556
-0.0836263867771286
-1.1239271892391771
-0.2225897485573603
0.2214868081518289
-0.3389054481785419
-0.7304218819234244
-0.2858862148824627
-0.8376086798828993
-0.7432197906997194
-1.2866866078978294

-0.2745958639662728
0.3054120119950614
-0.0185411744910366
-0.0932376962941434
0.0532880533075463
-0.0179719143228668
0.0062866460703533
-0.0034241614878674
0.0007807287144565
0.0034133836629981
-0.001729166799788
-0.0024693602686135
0.0006395276586063
0.0016997566104388
-0.0007481600446929
0.0001279431136488
-0.0003575041566902
0.000455203427524
-0.0003831809772768
-0.0025447381975412
0.0303623665340288
-0.0673062028324608
-0.0309588850511336
0.1253060420926241
0.0767532583562257
-0.366940031867062
0.442466897537955
-0.408631524157145
0.5431357470718039
-1.3591952049720946
2.8602084256200007
-2.3703664947776493
0.8736458561392552
0.6436704646855177
-0.0397637225731222
0.0547497473184235
0.3672450319796566
0.4457797961693323
0.410346146403898
0.8379617578181464

