0.4207829614847739
-0.4546595615235104
0.3083321893373694
0.0179442082811731
0.1164224853867657
0.1236500061774526
0.0599341386703628
0.0527062613839887
0.0444268440303893
0.031797845985666
0.0025636295224603
0.0159438685702764
0.0974079171205357
0.0851576426735452
0.07799850729961
0.1798244622614428
0.2121018226772459
0.2890391189877487
0.0780868095750009
0.1635696958441781
0.1779913660272346
-0.0044689100863644
-0.006150820867331
0.1180281348626971
0.1729176638757885
0.1642874071244403
0.186174197539809
0.3473843010346295
0.3863355107919035
0.5592110852321482
-0.039656005522785
0.6987162007014216
0.2194326124648569
-0.2026117937585244
-0.0172723560809831
0.2586946511469772
0.1403705524311424
0.0816773216231315
0.1445894660610812
0.1375603210911436

0.4265010386074832
-0.0793372068805819
0.0799361825227202
0.2267526449209309
0.1943155538741457
0.2419180663233783
0.1195839483888482
0.1151533488147928
0.0463543231306506
0.0501411942155261
0.0070828008757071
-0.0053556885927433
0.1251270046877767
0.1212231212952861
0.0648566720107161
0.225921116126333
0.2897238334125178
0.3420879765330404
0.1378342699067469
0.2305805783055313
0.0568740270382178
0.0181277306684085
0.073456177639388
0.1324930657488507
0.1372666021471094
0.1363131733027462
0.1764343383372543
0.2489644753314795
0.3016323873418933
0.2981641812920079
0.1620989117340177
0.1081865913110148
0.0869582170206612
0.0405731235109404
0.0551831860951758
0.1003713066625254
0.1143300908313647
0.1892018873116824
0.1599770770194932
0.363918031830143

-2.956513348505516
2.300159280319586
-1.7044393249022705
-0.3807744823965224
-0.8934453050057298
-0.903676095750699
-0.3247694715291498
-0.5785708040643307
-0.2909077096011762
-0.1901312642356078
0.2160716381007882
0.375039192139828
-0.7716402328437193
-0.3162897749024578
0.177841740632748
-0.6024595772539729
-0.3964722146064322
-0.6665274769608757
0.0086645726439103
-0.7171333292419448
0.0629717745551425
0.0936210166275722
-0.1910198215866449
-0.3941560563665898
-0.3101433944277939
-0.245037135579483
-0.4762064736196562
-0.7008010016338532
-0.8412265105458716
-1.0659299738348575
-0.2865872108664593
-0.7071933254814572
-0.615781614464881
0.313060899017539
-0.2269023278113972
-0.8921977744195055
-0.0821416847498482
-0.9944665395066684
-0.635180846089089
-1.5786034079545184

-0.0210792549012636
0.0249279111353194
-0.0111576780568973
0.0027533550417877
-0.0009428303218331
0.0015013383857857
-0.0045199822576531
0.0026662735352034
0.0186397782064855
-0.0017040206936598
-0.0280953917952221
-0.025009559720071
0.0351015093437473
0.079154774848193
-0.1714723238706142
0.1892553812489079
-0.2358120466105545
0.5427401997082038
-1.695044794207025
1.093193415406012
8.378548582089465
-1.6004649511518236
-29.98182601435804
31.601974822431227
-1.8189168469256447
-9.48163002725493
4.85981766719808
-0.4595103706625185
0.5646005834633501
0.5950173385639695
0.1157233546500502
0.4977662711476349
0.2661236124435912
-0.2371618471772452
0.1371813498253625
0.5083145704199505
-0.01009077810896
0.5328065035193067
0.3126169835262876
0.8397170585697932

