-0.7873022654568173
-0.4169797397596127
0.3004102609702256
0.4418639417064023
-0.2264444053080308
-0.4708213993645231
-0.1293478425292905
0.0487404919532013
-0.338340611264068
-0.2431140465160619
-0.3434772791370389
-0.2033771730571573
-0.0827904646616313
-0.3026257981561888
-0.0161429010518838
0.1193644301133421
-0.0498559778564273
-0.21018654896663
-0.0254726292008993
-0.1476060184374504
-0.1436934215787514
-0.1395125206783457
-0.0282570612948755
-0.1304183467528558
0.0087841376025425
0.0362652511701768
-0.0462757521393213
-0.079697996460537
-0.0314521795286316
-0.0702037797049636
-0.0838395932858919
-0.1407173683137141
-0.168270737894281
0.2252685668271581
-0.1131809850663896
-0.3556293559155266
-0.3376179579661327
0.1351449874460366
0.6880673578449583
-1.2790017324149563

0.400523114766268
0.1186142430224631
-0.0930777871020927
-0.1631857816433834
0.1005990128367754
0.2605688973822732
0.2129890663127778
0.1209619765573044
0.2830559115676232
0.405179187066733
0.4941266785618864
0.3255836837984207
0.1891353547014324
0.2825787423256248
0.1475160692449607
0.0479948944355141
0.0734427063678961
0.2037592701020499
0.224918534259839
0.2606522890649373
0.336410569086353
0.3078498290861922
0.1062012693672435
0.1940966061363625
0.0948516173943848
0.0207515578557811
0.0762931178429591
0.1203780275761533
0.155973563397183
0.2231570843357739
0.3115046785960659
0.3626056089439033
0.1404785074999082
0.170923064571705
0.1840270671294162
0.0828862337412361
-7.000293110936046e-05
-0.0497426146281238
-0.0038629239027877
0.4515891345238886

-1.350500108834299
-0.1493917122050428
-0.1695053062910151
0.7222230033878747
-0.3542681762297086
-0.8420379015397977
-0.3016576339177724
-0.0683300374335512
-0.7376577688520708
-0.65643832768505
-0.8563784227040362
-0.6109036594893548
-0.0046802285538211
-0.9868623411041926
-0.1361999678837139
0.4943167447093878
-0.228539780781895
-0.7079615218412656
-0.086411554598523
-0.6195275167319276
-0.6080111025871572
-0.7572119249368687
0.0302832413266564
-0.7754868289260766
-0.190765936185709
0.1947527107900919
-0.3863043779384785
-0.5082982298600944
-0.3744912182986115
-0.7529229210280358
-0.9840068057554224
-1.1443940705646027
-0.5459716774584827
-0.2977869286455319
-0.6657102584503956
-0.1914491248875533
-0.3645568228240357
-0.1030366562362937
1.0608234978767674
-2.0941508541861724

0.0009898963705869
-0.0024415640948556
0.0013632289679265
0.0006022696646109
1.2313664330883538e-05
-0.0005452253875317
-0.0005020329673577
0.0009541943431816
-0.000580042496255
0.000280104165788
-0.0002735488499035
0.0008325796857651
-0.0029802889961014
0.0043236616350913
-0.0006436112144477
-0.0021469690162712
-0.0003724374242959
0.0017890000241672
0.0003989181226569
-0.0031468648393947
0.007542994263001
-0.0285605346765788
0.1540860618597835
-0.4057854933474815
-0.0043721505903206
0.7084363502222328
0.0932737246496612
-1.7549757387927931
2.3148004037928303
-1.9294386902049103
1.66907440709042
0.1013792622192117
0.7442259236998627
-0.3716310672288502
0.4785324195675001
0.2475108081608709
0.303396087175213
0.0233485071844769
-0.8890260546284802
1.4624715235346444

