0.1919786516178755
-0.6609957186901508
0.3193772334118813
0.2340865386780527
-0.0661814491037545
-0.1260079891336872
0.0156505926826679
0.0705946503321295
0.0004872238404864
0.0552744744473099
0.0665186835321347
0.0652740438661999
-0.011205727728509
0.0810581633061079
0.021740152696878
0.0375914886870445
0.0353472123888679
0.0951658276646782
0.1418728480764181
0.1826521657336545
0.2518295041454027
0.2883336171421227
0.0123646804579218
0.2819654464997571
0.0747924488190802
-0.0385824896927706
0.122641601916735
0.2088201325368958
0.1655690174230596
0.2840238717556789
0.3551898147369546
0.4770758357281128
0.0876437980927522
0.4350093086381471
0.2153148874730118
-0.2259003102558026
-0.2306933122869122
0.0910059455368366
0.2950443643113686
-0.2865927700109223

0.3313927656337195
0.0610290522009219
-0.0044320847173205
-0.0026510403135385
0.0262559416044993
0.0833623479410222
0.1185035441313109
0.0932097081412829
0.1184343540192262
0.2053129238015338
0.2407821387756885
0.1576320426788084
0.124278474907868
0.0993235473349578
0.0004788272738448
0.0674970883660382
0.1744563881717698
0.2074769087096327
0.2328818708636739
0.3413074301902999
0.4402557699902796
0.4206918548669898
0.1902202001473963
0.2405187290304206
0.14637209814927
0.0722904533873739
0.0991529091959046
0.1712083385016661
0.211088003328058
0.2262671187710996
0.2948960494982674
0.2867083163467411
0.1277466372145762
0.1475520568377663
0.1281245588748181
0.0481948418443609
-0.0128559272622788
-0.0323954674978553
0.0384724471290977
0.3690774821973838

-2.2564183093030934
0.8915657617513897
-0.2744383998854172
-0.1246743982173164
-0.1122300519154752
-0.3886467335990657
-0.4136084602629252
-0.1159463791494201
-0.555372145164499
-0.5309070781587845
-0.7041760404434377
-0.3358454996496371
-0.2307728652113454
-1.1983081580266113
1.2367664333720452
-0.0983360542117753
-1.0680290031871718
0.0682296138827831
-0.3635555839775158
-0.6871125918648341
-0.7277302830489369
-0.9591208885404484
0.0838423727663039
-1.068580720208109
-0.2341399313257341
0.2676478786926992
-0.4071559724398536
-0.7398406076337986
-0.3694069437387516
-0.8588973372580705
-1.0476235054706995
-1.235452511843089
-0.6194404215201
-0.2596454262080135
-0.7134386640138938
-0.2194056161984007
-0.5423357090256087
-0.1806167798917994
1.4873400336830522
-2.6048495868727928

0.0407433646027276
-0.0150013167783921
-0.0216278504113138
-0.0125947914056263
0.0028064826951595
0.0130815616517947
0.0091525345149568
-0.0047150301091485
-0.0060811104381334
0.0019164875892813
0.0026244388249519
-0.0024437338556603
-0.0006478299471215
0.0071408606191907
-0.0031630863531041
-0.0054964161811375
0.0012350034420065
0.004318495927477
-0.001269624471152
-0.0019326493074007
0.0011489828427039
0.0034820152078209
-0.0085841118128234
0.0100848820896075
0.0008987243640857
-0.0066404960058838
-0.001737520663807
0.0044755338213029
0.0012433791141812
-0.0033719269419596
0.0009792159055046
0.004272754336615
-0.0150178185071076
0.0101768554169773
0.0202490295976248
0.0069165669187884
-0.0103649153895872
-0.0260832458313891
-0.0249491934399515
0.0488618490820497

