1.0093353275984924
-1.4954597997938313
0.4893666073725162
0.3919946906859984
-0.1018348959525492
-0.0503912415218077
0.158417874661812
0.0775891121144516
0.1403343061839254
0.1117222020664396
-0.0030122290603366
0.1205878586213555
0.0632938530009325
-0.0037956864784674
0.0362895016046288
0.1748975020099365
0.093515298034385
0.2356521817374255
0.2837891764382776
0.3468717004022252
-0.0054988781777639
0.3659504680443138
0.0677434445798776
-0.0579448196878
0.141087599408072
0.2865283854447507
0.1351304046541969
0.3755315494328321
0.3992581133446941
0.6008446967049281
-0.0530072348115166
0.7184167040439338
0.4142492465297023
-0.3259539805438089
-0.2241646386798835
0.1858483318762907
0.2886679550928742
0.0451460514024676
-0.051068169516554
0.174185671280071

0.3935926191590292
0.0311720047816934
-0.0680542267717157
0.0025109963720336
0.1045597779898014
0.1480955085156772
0.1174540860464975
0.17339863771455
0.2062865142704629
0.1443797258652624
0.0826484679697741
0.0745389348776819
0.0852779467766543
0.0387199887705255
0.0004331810408096
0.1642182302643261
0.212400670093218
0.2532961565056315
0.3583656112577488
0.3657885770590994
0.0983531215419063
0.1972574130712309
0.1418315531662479
0.0792111886222271
0.0922897789735368
0.1601947228651333
0.2066439563950587
0.2423652177100602
0.3195257811862775
0.3170606426836381
0.1740198451963382
0.1145544795561029
0.0879249672917855
0.021035419738146
0.0080542519584503
0.0619651410972538
0.1357334541086034
0.1313184740741197
-0.0351699884061986
0.3923110927379583

-3.0902885794191177
1.1698420570490555
1.0466209317265125
-0.601386639072771
-1.1372012450007831
0.128290246706414
-0.5839178373191998
-0.6110424756443043
-0.6660797395522824
-0.4737880057027515
-0.2228308141815018
-0.1970420271932621
-0.3874542473029473
-0.0946026094012512
0.5871491970199938
-0.918928312888284
-0.0608205847326133
-0.5102485313095018
-0.5400916302969617
-0.7244157912302501
0.0651601878750661
-0.6846748500461987
-0.2556081536372155
0.0999705066249161
-0.2901244840004551
-0.5651602975657095
-0.3544091335191782
-0.7366458901438036
-0.8960062993314188
-1.101640085726712
-0.4442215252283903
-0.2610261859797524
-1.0964423675418462
-0.0721009637633958
0.3669638595793622
0.1054995667374633
-0.6451957499695852
-1.5531595583661886
1.1212602476394526
-2.069185760950337

0.0053381776015101
-0.0072251264066785
-0.0014705230103374
0.0046072661849928
0.0010060954119994
-0.0032907575937953
0.0016153913189645
-0.0001871792837196
-0.0005926171491614
0.0008757212234942
0.0080923220433886
-0.0264831113609913
-0.0091547070269744
0.0530063866236406
0.0264984344559243
-0.151936381222311
0.1880959705836475
-0.1741556221053668
0.2291240179410059
-0.5656054832609875
0.6223659230856105
8.017751460913086
-26.629169817462586
26.653120909055705
-5.016345467588407
-6.3046841779448375
4.8421181272237375
-1.0043633029887475
0.8615382967356232
0.4987094258164195
0.3072289171093336
0.144830153780575
0.5779117402119027
0.0019428783738197
-0.2183042291030557
-0.0502341395360315
0.3460790916870514
0.8161945751220612
-0.616835463700866
1.101839654631204

