-0.3730134272035962
-0.0733253130947111
-0.0241977058456064
-0.0275660773787094
-0.0279605108459204
-0.1313517057170954
-0.1152888046196509
-0.1322690080546806
-0.1493453804352921
-0.0773209501171995
-0.0858315540018533
-0.0365490584381404
0.0193309615170163
0.0079668637444115
-0.0183105989611332
0.005207337137079
0.0261732411646642
0.0488573894238433
0.0892114591084291
0.1167542718568589
0.0201074256633406
0.0676913077798705
0.0588233677638189
0.0423154879897178
0.056252442020159
0.0802938723686125
0.1138779423639837
0.1581789276833085
0.2259290166848107
0.2626085174742695
0.1127316026153502
0.2045009743074175
0.1320953188738942
0.0066987899489253
-0.0480106307172366
-0.054346833641342
-0.0559278254541505
-0.0454232863112842
0.0620567665906807
-0.4508453093044731

1.008696280145314
-2.0922267278856066
0.4269782974988466
1.930370227167285
-1.00272050580606
0.0601535274375122
0.4677863405818159
0.2263595237170959
0.4151882552148475
0.3167414817963966
-0.0653329723575447
0.4057614922136115
0.2448577649578941
-0.3016300445450573
0.0655442914242111
0.2991213859386437
0.0101382254059024
0.1878612808026702
0.2582047902015489
0.3412863402221625
0.0033864063624729
0.2773443393358671
0.1583195855154764
0.0089772431605794
0.14282892694835
0.1264602128272853
0.1589678224601902
0.202628372548413
0.23135449045793
0.1947224250960189
0.1216305471712977
-0.1655926697826367
0.2112016625655465
0.0995653545827657
-0.0519383408572468
-0.0739309275349045
0.0599999298340708
0.2252886892423398
-0.1494129575572048
0.2420617280145573

-3.146373709306723
2.9112928111569465
0.0021795207573483
-2.2243101513958496
0.278913648286964
-0.1056840376521061
-0.8651082283445689
-0.6976694259529259
-0.9135446837289136
-0.6461636926158415
-0.0309417863532664
-0.8871040928894758
-0.189642672224698
0.4539832972746151
-0.1159495114104461
-0.5425409939568367
0.0288236111088858
-0.2673750855455252
-0.3614306153121374
-0.5383891776892351
0.0147898425315496
-0.4266555779359534
-0.3039890219042424
-0.0397204858295159
-0.2964007334298599
-0.3688837202547954
-0.4103759218698902
-0.6468824076523527
-0.81608832513252
-0.939143235804966
-0.4338717179313239
0.0445659431242539
-1.008651357220579
-0.209648961170606
0.290331734073033
0.1723658561699748
-0.5260312561895808
-1.4595844739881283
1.0279256935076355
-1.8639620889591428

0.0121420988422349
-0.0118277336948375
-0.0069570063517719
0.0057865680643478
0.0064407789100543
-0.0056618521803174
0.0008136520481354
0.0005765975894829
-0.000612307032678
0.0011067791300389
-0.0032134656282236
0.0050720662691141
-0.0017609183297892
-0.0026841899737643
0.0015737748374164
0.0013520293890009
-0.0014932278234644
0.0001797317593286
0.0014867051207238
-0.006471870055939
0.019441769446504
0.0064363908127346
-0.0548768952248343
-0.036260718145981
0.096428229852599
0.1242174792594518
-0.3914297793820724
0.4988819204481011
-0.64144718143992
1.1947922793158556
-0.2366109908428222
0.6893919886969211
0.339347712778551
-0.1084319632601598
-0.1773622973034196
0.0789449743692998
0.429410566635446
0.4825442940454074
-0.3456589732863591
1.001911039736226

