0.1927803237135325
-0.0109005321090346
0.1536293502270742
0.0547672347489137
0.0437363957405003
0.067751430501856
0.0298939712563853
-0.0049076259530301
0.0379854160975986
0.0949779064889739
0.0757819493389734
0.1324536961854499
0.1773536133607616
0.1950865217378648
0.0456780051612167
0.1424420437216829
0.0314430937793393
0.0205666495139617
0.1502054937215025
0.1347420945444439
0.1592859126672217
0.2606526010857966
0.3422418380022625
0.4249240675036401
0.1710722259529621
0.1713140587522959
0.228542407828967
0.0967081723077476
0.0300818960004744
-0.0305538774327564
0.1396352476674665
0.5209840143590582
0.0430662646905599
0.3341633383223715
0.3395560317859375
0.3220833368623566
0.0698934661969336
0.3381573754558386
0.1255350479181447
-0.2504915170451914

0.3399103854809997
0.1227591016917901
0.2619690799768102
0.1602031145951417
0.1048207191081321
0.0972404463373199
0.0539068481724235
0.0194070189192836
0.0441935763573636
0.1106648414071581
0.1288778342077149
0.1558843221754336
0.2321519764781392
0.2316737796896768
0.0555141584366157
0.0914299140833583
0.1203930652996387
0.1087993859793068
0.1120222554720286
0.144375090602764
0.1790338269772362
0.271685337472139
0.3750015432522263
0.4110668703670891
0.2167790741307615
0.1837640121651273
0.1445743780281375
0.0763828262045157
0.041422326704487
0.038995175431723
0.0690289310849704
0.0957821025688671
0.1466120333250386
0.1805735647504536
0.2382272034390053
0.2694789857013128
0.0983539429796474
0.0456478505007785
0.0956233965611199
0.2279087285218586

-1.5281527616433783
-0.4180301466461784
-1.1965323661147995
-0.5303997350392644
-0.371872353684092
-0.7669959162815427
-0.0444588836399848
0.2638866731004955
-0.2170510304567046
-0.6456566302569677
-0.0917621708711363
-0.5190140150177098
-0.4827711946104769
-0.5903421804131033
0.0628720925564082
-0.2970440533320619
-0.5755844671143253
0.1760839630850036
0.1806551799711054
-0.7448910513222102
-0.1380270822450051
-0.5842777790244162
-0.717905208143582
-0.9129048702512318
-0.3702591975081485
-0.3403647165463397
-0.6394161401273121
-0.0549785912621373
0.0739644766200737
-0.1627609078023054
-0.5068649606138006
-0.4979848433636864
-0.40277709986424
-0.8258853260168771
-0.97808995954585
-1.0744529555760598
-0.5883307149882598
-0.2500803987119889
0.2968439724500558
-1.562193609404129

-0.0504471072703415
0.0347839408434997
-0.0151976559159739
0.010176099755824
-0.0102476401720947
0.006113952651761
0.000337654401393
-0.0021329816395427
0.0004498151382084
0.0004167737391616
0.0002224709142234
-0.0012268232915152
0.0028401589318881
-0.0084018327782207
0.0164114545042448
0.0317644536515822
-0.0635792800027364
-0.0761693840092936
0.0981957100279197
0.2059655708865887
-0.4830829712078709
0.5509839143636465
-0.6657094702894654
1.2138729364091825
-0.2711266483487575
0.7450088065286229
0.2902316337454204
-0.1432771501353983
-0.1100237716520042
0.1719187068863692
0.3352018044655793
0.2275505951302292
0.1935823768371146
0.4350384523869484
0.5015622241178932
0.528684732265231
0.3700428573698588
0.0058608218015859
-0.2606586479077493
1.0160610339991958

