-0.7135603285134846
-0.2064776132933675
-0.5343667833803462
-0.2243892293660196
-0.198842086091221
-0.2586294552722392
-0.0341637849621909
0.0200501812534964
-0.1305511646404874
-0.2067343014802007
-0.1540829004599838
-0.2451423947237906
-0.2971579103286442
-0.2580033978886253
-0.1056355455864873
-0.2261247928330534
0.0340867310149472
0.0375099798882336
-0.0791282360865365
-0.1035043745126627
-0.0569115248238961
-0.096584082515522
-0.1167687043756509
-0.1163955223275989
-0.0748991797341403
0.0063077045040855
-0.0004465802376043
-0.0975018327676282
-0.1623781256907168
0.0526620861987945
0.2571197360207284
-0.2294952863390246
-0.1402373894912187
-0.1244518246555864
-0.2830373027886927
-0.3026708001242309
-0.2911192354196136
0.2342161833835421
0.1257013324750041
-0.972927748770606

0.3744340381391788
0.1298244223109042
0.3343956212534134
0.177738430241455
0.0515935490095799
0.2022722496961454
0.1597388357676276
0.0618499691213939
0.1125252993350055
0.2399028901626826
0.2874000952752795
0.3821636222532871
0.5165846973632271
0.4795609894380349
0.1827069703621721
0.4000523873592959
0.073543760903875
-0.0621910786118537
0.0858307713389609
0.2189974051690557
0.1620713028393594
0.2065255043416927
0.3026399897986591
0.3340076550138998
0.1224338752030711
0.2281151541445948
0.1916689601476429
-0.0740758426526025
-0.1295772265221806
0.1028144937827887
0.2589140702491556
0.1344126093801218
0.101153368598739
0.2649457137597621
0.2919993090989387
0.3267940209592064
0.1459085527366453
0.0836878931617462
0.0785083930229529
0.252384878494426

-1.245509362917362
-0.4038285890627706
-1.0643326383075724
-0.5192890382984786
-0.2808285933510353
-0.6791996849504573
-0.1653963309249822
0.0755170981944876
-0.2991033901261554
-0.5548885579219188
-0.3775476495184272
-0.6631374694209574
-0.785627963310173
-0.7378162410646073
-0.2312897807665817
-0.7058061800616127
0.0966595431299902
0.1240792453714364
-0.308148334731471
-0.4238811054671475
-0.2219879713206341
-0.5258772225453283
-0.6522269854098148
-0.836981043284447
-0.280350812943282
-0.4432372158896102
-0.6328019362325351
0.1130414528274164
0.3125081586374696
-0.2665655653058158
-0.9090757593988006
-0.3147114042825341
-0.3356168261782215
-0.8774684913608587
-0.9065815997573168
-1.038676869111133
-0.4854215213654083
-0.2845385081883702
-0.0179335015610963
-1.033116579659118

-0.0542423824389565
0.0378149905001118
-0.0172898156433171
0.0134807029642916
-0.0169268350713713
0.0118583548173066
0.0008030149941598
-0.0042853224486458
0.0001210767925275
0.0016201761432724
-0.0009011634015345
0.000411941899541
-0.000476000166262
0.0014506654661388
-0.0056522520438297
0.0090121013762234
0.0035876095663572
-0.0098743521925205
-0.0086589360104219
0.0149431856395225
0.0046904071623122
-0.0261076622955036
0.0519172983789521
-0.1652294447239666
1.0159245649100996
-4.406565585287465
2.651033809092149
8.577784041217
0.2789304212441422
-27.99032831610185
28.49218342977481
-6.949438985286699
-2.2382976132253485
2.4395258979761367
-0.2681402306309088
0.8809959630460313
-0.0003175606618052
0.5673264313550224
-0.8032005003127428
1.23388696023498

