0.3194062698160268
-0.8502266647287882
0.4979261549341125
0.1361984390834423
-0.2371507145919145
0.0919983581697749
0.0034058771404466
0.0301520136134976
0.0460566229518584
-0.0001371812601591
0.0448085210009804
-0.0007280962388367
0.0361825359745363
0.0471133792872423
0.0371227972769337
0.0863699940593407
0.1186119784922756
0.1777854502561406
0.2453850680857471
0.0945770442781792
0.1068133224092148
0.1648661761027715
-0.0160806727499046
0.0179800151459464
0.0806880390479496
0.1456175482898301
0.1432314941299663
0.1584664949365231
0.2845437338283852
0.3408372445367634
0.4023931476912827
0.0929849213405085
0.4721324957213914
0.2683408492771656
-0.1822552196186065
-0.219384024515033
0.0023345753549114
0.1535569766937378
0.1134316220733978
-0.2035394880520916

0.3980604624545342
-0.0006203026449115
-0.0531841440529555
0.0658953252591206
0.1475184861156241
0.1339853638139002
0.1687970081440828
0.2286916014331512
0.2085883739217401
0.092487347589394
0.127000541918956
0.0367341750841134
0.0645497343022941
0.0875956750249542
0.0833723941162814
0.204923156544555
0.2733724337084064
0.3868970744776042
0.4521284631695372
0.2406031382163801
0.1577466041152485
0.1532520385265177
0.0955715189300385
0.0854667601971765
0.0996088006159448
0.1375304397217436
0.1736147908774259
0.2025193756716693
0.2639993155951193
0.3076440790704395
0.3163966570558628
0.1041422322590804
0.1175530936091483
0.1008846285424911
0.0467052484611091
0.0472210875818794
0.0678964911610439
0.0359112738838893
-0.0224538587629984
0.389412792261598

-3.2823327373785105
2.0442050547136703
0.2222096905863125
-1.2305993177599923
-0.4016894284484776
-0.1945222508985961
-0.7960974237296392
-0.693561757184688
-0.7733410539459782
-0.0057813777350693
-1.1241346509927437
0.5477964168087083
-0.0550539466823447
-0.6011233997582203
0.1628116316893479
-0.5130834475272578
-0.4206469056026062
-0.652114449669059
-0.7472487380474453
-0.4341390929072363
-0.0472766169665917
-0.6748600201534614
-0.0600882272139967
0.0354025113217427
-0.2571860688492815
-0.4823825130834244
-0.4107853269827788
-0.4636601870016384
-0.8528144199456545
-0.9574291919389988
-1.2378468252860673
-0.1535517824026984
-1.08801571430798
-0.7170475990922686
0.7629809318476107
0.3218618397667869
-1.271110724833488
-1.3099750669954708
2.034947043643628
-2.5153271964432924

0.0471927815461199
-0.0205615422533243
-0.0295164090596622
-0.0040565818623265
0.0176760108642026
0.0051361231766709
-0.0084717677070576
0.0024278102758107
0.0041273942587988
-0.008846812652792
0.0100422567133509
0.0008644770603956
-0.0067127196355287
-0.001756812192278
0.0046011474965408
0.0013762041649654
-0.0034426602847697
0.0005879895012211
0.0047285580336698
-0.0074579619128046
0.0062535221383606
0.006453325858398
-0.0047321739123014
-0.006912508923028
-0.0009834323973363
0.0048328159830088
0.0033678301234885
-0.0025866553733829
-0.001950369849144
0.0007322879043633
0.0065489476420663
-0.0140963239289586
0.001254774487607
0.0071684864356234
0.004642876562776
0.0061498425049817
0.0045711447255251
-0.0118753727583851
-0.0334551028912879
0.0407631789024654

