-1.0661197400980176
0.0307516571048305
0.4495428070773926
-0.1449070774985221
-0.5306627478650586
-0.0202503972819618
-0.3561839172551085
-0.3470293607974854
-0.3648120132133498
-0.0562510112370589
-0.3369294871121813
-0.046006372599004
0.0471144343611174
-0.0844190801881174
-0.1654811647945219
-0.0757124807042183
-0.1449090825286247
-0.1740891731061836
-0.1963819457365861
-0.0442302691116628
-0.1525574067411501
-0.130764136865519
0.074464951843679
0.0928815805569351
-0.0350045522714073
-0.1110308190454544
-0.0448650564785236
-0.0130165392142112
-0.0924319480908845
-0.081276093728492
-0.0855512031830268
-0.0858596073797829
0.0357217414447722
0.0136312920228644
-0.019915932013951
-0.1917621396343037
-0.3543408054011298
-0.1342434997458272
0.5667833038186705
-1.0879828046694495

0.3892893805330059
0.0702317981034032
-0.0709351407303038
0.0065831581748357
0.2455259727665409
0.2379161830917588
0.2967651406138801
0.4399009961498588
0.4342483583292196
0.1562509284133647
0.2571978900280972
0.1580764179855793
0.0926506869968737
0.1407993927032874
0.2167567305228756
0.245715596253573
0.2847053792746429
0.3829318270442051
0.3889669834855062
0.1962338881858314
0.2000605706007679
0.0934672438445775
0.0024218437529629
0.0214642210889422
0.0775857116168017
0.1157959327181846
0.1324420528662515
0.1250924338744066
0.2080122527912307
0.2882306005984
0.3334575724767857
0.1300837769053236
0.1530048127430391
0.1286592101952266
0.064547483468325
0.0597198942066119
0.0783431948051582
0.0452345022011495
-0.0112373335390591
0.4239683511737129

-1.957951185338376
0.6676732290454399
0.1870567536544851
-0.3669482410666532
-0.8553815430994287
-0.1681836990994488
-0.8542679233263641
-0.8135112724437239
-0.9671977926483976
0.0617747281987104
-1.1802963922222998
-0.0684997917651093
0.4004576446238425
-0.3582702905843332
-0.6514622650287307
-0.0396138595758485
-0.5631503359537242
-0.5660593240087047
-0.7232102044555493
-0.2365742079964929
-0.4602367521136128
-0.3698977071228465
0.2748076331019237
-0.0100367002985636
-0.4147278693539061
-0.3643206031752185
-0.2725097107163927
-0.3923871078814085
-0.7390902486381564
-0.8477769781964931
-1.1578521214377584
-0.1366845091750579
-1.0149620716936774
-0.6801991864870696
0.6911630256745745
0.3153827924766287
-1.0936126039867595
-1.1505807724765682
1.7131905504924785
-2.1074058010508745

0.0037119937293271
-0.0065514257156356
0.0017054234278124
0.0038310279474665
-0.0035466414049717
0.0012544300650095
-0.0001964946771942
-6.912390355817676e-05
0.0003308024463076
-0.0013392390543453
0.0030023024305444
-0.0013815002733561
-0.0024374632389952
0.0017750091173176
0.0019648121858803
-0.0033473019422292
0.0026378098090587
-0.0022931033550328
0.0039472033986535
-0.0044262886030028
-0.0465764070931607
0.1054900014119753
0.0765924067491184
-0.1146387669071098
-0.2256848341826759
0.0844277789172102
0.5790909629801253
-0.9037632916533352
0.8402123300412663
-0.8990659765967143
1.468540994047948
-0.8306969215160297
1.4976528156849716
0.0876022766568544
-0.6956582473098916
-0.1719774049053844
0.8080674470315093
0.7297876960950384
-1.184954601538588
1.360474926473366

