-0.3934586736769515
-0.0915264015991162
-0.30068216502453
-0.2722915847660114
-0.1376780637964121
-0.1195310591963563
-0.0658974085687724
-0.031169510745323
-0.0055996572969694
-0.0027544835170452
-0.0227805887986253
-0.04048244217175
-0.0289360077684521
-0.0180356187107347
-0.0223388977101197
0.0231170031723723
-0.012653988427309
-0.0280724290730838
0.0478416580364522
0.0589670307671389
0.0290121700968424
0.0287800082668013
0.0488934226662333
0.0725395093815083
0.0991451563397172
0.1388966812392805
0.1864541974255022
0.2376548259065756
0.0655123654721124
0.102214863600726
0.2140590953968832
0.0758664762086507
-0.0270228313017813
0.0071153258016972
0.0526719981394476
-0.0012475929506905
-0.0472021624173472
-0.1585358826442106
-0.0014805715593534
-0.4044921768646955

0.1399307178186081
0.047087611398566
0.2616947690331815
0.3120672846545797
0.2268577209492918
0.0177053327155677
-0.0977097022516751
0.2481379633353592
0.3760156121312086
0.094097242223908
-0.2509320326534434
0.2456208951135611
0.2658489454221374
0.1147254023586085
0.2861244873293144
0.1692128171149717
0.3492044686218021
-0.5161442846471789
0.2167756557913851
0.4545826536117113
0.013149390564678
-0.0779986871161197
0.1269151268055693
0.2151362339849417
0.1723207778453706
0.2240616656626094
0.2798970717449825
0.3065668709668535
-0.049741887126688
0.8552278590960237
-0.5498265332611663
-0.4135581395331866
0.4209993278944891
0.2217693725302919
-0.1742322694392002
0.1643601991154323
0.0843393402063481
0.1496580503325592
0.0470314821877797
0.1714803000142292

-1.3612685109486573
-0.161334325870787
-1.1730082840306255
-1.076937255288612
-0.5228836623023398
-0.5257037561869887
-0.3816683822037586
-0.0729312209142035
-0.1291316110471996
-0.235552426171859
-0.1170453089839261
-0.3610416977710819
-0.3344036557002276
-0.3306468579679006
-0.4875843227642084
-0.2643711616670882
-0.6352284997085821
0.644122941252305
0.1559840577151208
-0.6007695321670626
-0.3397595247680864
-0.049971684726157
-0.0935603017300372
-0.3227544610844751
-0.4790822531683562
-0.5426901886085025
-0.7592873368472502
-0.9222965543007452
-0.1612994665658758
-1.2372001067147462
0.2853081195737065
0.3435939917711356
-0.5869526777142917
-0.6122713530788577
-0.1756420264563058
-0.7221842891891636
-0.7623826807793103
-1.13841942408057
-0.382946694651144
-1.3202040378946764

-0.0775886231792034
0.0640417448046484
-0.026053193773817
0.0106154279009265
-0.0093247737915536
0.0095400808280709
-0.0008683052195189
-0.0046516287548996
-0.0013002236616404
0.0026805890668325
0.001917763356279
-0.0015596436657848
-0.0014134690636821
0.0026521074224319
-0.0035831669637313
0.0080694650472246
-0.021576002155054
0.0028694235991631
0.0829419244479087
0.0199724258566734
-0.1189074720527603
-0.1458555547022243
0.1323555995120635
0.4082654971012696
-0.7717109182911049
0.7873883348914923
-0.9051800727591156
1.927004017244757
-5.876282875356962
10.63742393855953
-6.0634128655033965
-1.7410777222826848
2.410967836397844
1.2247408346285649
-1.257677628972452
0.9904146890697078
0.2756573640747103
0.7083739258466313
0.1532716996960334
0.8457130101627636

