-0.3978593394597068
-0.1412184052255671
-0.3339148513171788
-0.1420880637321172
-0.1711511383968418
-0.1074577505377233
0.0282183164547548
-0.0001186834753546
-0.0263899607210548
-0.0404021484129809
-0.0415726599494753
-0.0270435659088784
-0.0298993440667167
-0.0318615356755444
-0.0214614295454042
0.0272820087936961
-0.0583719796645651
-0.0197929174483838
0.1002326177984378
0.077402935751998
-6.48795432241028e-05
0.0515771800120933
0.115282518170162
0.1334162589843135
0.1907220219058039
0.1978183955581412
0.0659536928675013
0.1334213681919265
-0.0028533429115103
0.0294579016115317
0.2432417054939001
0.0406691447588163
0.041705731140364
0.1141990726664177
0.0453278152511575
0.037151767618845
-0.1705266643034139
0.4102907938564397
0.1993340593089319
-0.8612934334262067

0.1397351386424851
0.0946825446565119
0.2484661461038624
0.2272162409731507
0.1564247593978593
-0.0009455929894181
-0.1208471380996382
0.2297573221746158
0.3314717641520784
0.0949572649015605
-0.1186640377178784
0.2628415034930353
0.2124767391415482
0.2247509745098185
0.2649981606331284
0.1497020828420457
0.3052050062362778
-0.4083477311564835
0.1441491302227817
0.3587108491774969
0.056011916724456
0.0608934761311286
0.2777948334778997
0.2876412724475997
0.356702419915097
0.3714551586687534
-0.0001889097225942
0.2636997862593991
0.2976522914913551
0.0270764761119125
-0.4279723885458125
0.2020079323094007
0.1836093289855095
-0.0076156336358406
0.1548555035092417
0.1155747395918374
0.0952325862693894
0.0066712502058398
-0.0211617720501967
0.1816318688592572

-1.3064447693242784
-0.4544972097304651
-1.2129318919773275
-0.5843577676508628
-0.4297427489706226
-0.9649508075838354
0.4558116701970974
0.1067158055963304
-0.5137957871822549
-0.5066839509248937
0.0557493405389325
-0.362820925744286
-0.4586952688050709
-0.3936527602206613
-0.5652750701821814
0.0617746660765517
-1.506810851889765
1.6869256571216191
0.0867237705309124
-1.2533176530840353
-0.1079973220062383
0.1817385644698956
-0.6859196579221662
-0.5414120219858756
-0.7895751902837436
-0.9127471295690054
0.0110308849824608
-0.6255778332125987
-0.7588797003745175
-0.0593263581499183
0.7103263043354038
-1.1200763182654752
-0.3107631997159591
-0.6335208068200507
-0.9219228614545474
-0.9891359466101628
-0.594557547993886
-0.3880059965088108
0.6068380744419187
-1.6290538891703945

-0.0488277237112289
0.0332787241416247
-0.0152649950340016
0.012597170824585
-0.0164069871703035
0.0104283223974238
0.0028080537909419
-0.0034825198424742
-0.0021164503911886
0.0010803580507168
0.0009457726974808
-0.0002191843795316
-0.0005146583213356
0.0006486966993475
-0.000910878131223
0.0010713200017157
0.0079559114614188
-0.0264931086903837
-0.0090887011672658
0.0530173116086352
0.0264560313259763
-0.1519084132976564
0.1880705513262183
-0.174132275097345
0.2291080611131769
-0.5656537841104009
0.6233416709868311
8.013703893874164
-26.627781863987263
26.65982918060632
-5.017668364672062
-6.31996546091418
4.864813019880974
-1.0246471368914023
0.8827327404682918
0.4545686414139233
0.4209224403898656
0.2833697756005814
-0.7702947003255816
1.294154671629303

