-0.4483426949243454
-0.1565823674926772
-0.3025704447590903
-0.031901741854532
-0.1629412855610995
-0.1182267198185764
-0.0053379865020445
0.0327975433214793
-0.0179066830506301
-0.0829891752436262
-0.0916913516988212
-0.0456966545869281
-0.0989756282089047
-0.1074561970489487
-0.0935975788182412
-0.0478082683810203
-0.0432803267633422
-0.0165244952202354
0.0089128735871168
0.0114436140835494
-0.015591752335601
-0.000188248692461
0.0251151754316851
0.0279167869062903
0.0530464013994125
0.0307307635229415
0.062279203179785
0.0279991065521073
-0.1111245399048913
0.0192249826358218
0.2816023140869912
-0.0723897360704684
-0.0003120491067048
0.020199763037745
-0.0508163731281721
-0.0880768317374986
-0.1191382208641375
0.2794491746178531
0.1442322426516846
-0.7720896582539925

0.4374737283411257
0.2018230760450393
0.3644150205517781
0.0856008968309818
0.111572141825704
0.1585654339118062
0.1303304114005772
0.0809312690998448
0.0881478054702121
0.1532907899057468
0.2180234335823189
0.2677669167534824
0.3579191271041292
0.4717068532110192
0.4632259223378683
0.263587652052947
0.2241066155825909
0.1128333823951123
0.023376249024001
0.0371148506686038
0.0916510100664211
0.1365015453662308
0.1485679803396404
0.2060974281528189
0.2533132735593104
0.1858460624591723
0.1211591184581492
0.0816434223743328
0.012627333365623
0.0489339492733609
0.1266067173089752
0.1515706490472065
0.1666395267036227
0.2484954929614533
0.320524360008307
0.3325538363093512
0.0950400870701057
0.0520662366971051
0.1010519303999531
0.3279148079950938

-1.437218227454765
-0.5619660736155522
-1.248405937597019
-0.0475297406984744
-0.6280638368404794
-0.8496627937220812
-0.0306042800277666
0.4291909472985603
-0.1055707228481369
-0.7351603077909817
-0.3763991473710057
-0.1967307319722623
-0.6909770988759472
-0.6437636699208005
-0.7478312672498882
-0.251592231830945
-0.4489679866750214
-0.2124864770630058
0.1676654899692045
-0.2059407831997861
-0.304986786971581
-0.2243928837188338
-0.374108330892384
-0.5607188057027045
-0.6825988071177438
-0.6373731126036808
0.0726512510029421
-0.9965987798318088
0.1638149879033368
0.2368277254507914
-0.8421586876366818
-0.3991565510429247
-0.4596518358985064
-0.8714123827322728
-1.0153536241275358
-1.0330178405106254
-0.3494626619203833
-0.8470724444464253
1.3498976571972727
-2.0918680474349896

-0.0256451626760393
0.0159702520231422
-0.0080862922402898
0.0077866249358691
-0.0079384213678042
0.0031490871268155
0.0007142086543508
-0.000558220841566
0.0003047509492268
9.35931952886516e-05
-0.0009259796944055
0.0008152700493076
-0.0002443084096173
-0.0001617641764426
0.0008275458818233
-0.0037762122936914
0.0090750269133277
0.001216488717921
-0.0139965315302051
-0.0042136435971563
0.0205731751587672
-0.0019949958238756
-0.0257565937569351
0.0494204913808433
-0.1182981685057701
0.5667695038072602
-3.279869482292674
6.820529517142455
4.390987677299708
-25.068714349835844
25.77197761990928
-9.813548466650628
1.3850278094362296
0.8255243233110175
0.3456003790243347
0.6481405765782169
0.0959925358555555
0.5911680138122842
-1.0065047807789298
1.3436796958530377

