-0.2728168899870858
-0.121912532229505
-0.2139233889707569
-0.0655638444326854
-0.1633403926583419
-0.0205774862809863
0.0539209839301461
-0.0133610530470037
-0.0326785137864704
-0.0207017545990168
-0.0088047319879632
-0.0013911200806548
0.0017812191585362
0.0147555036514268
0.0367582003155397
0.034235669824624
-0.0199553791873459
0.0032726837750277
0.0975440244722486
0.0818587547015228
0.0295239441450155
0.0921952479373781
0.1511333160295605
0.1970218908338579
0.2606191112560793
0.2096142970960381
0.0757822771713583
0.1643628385325284
0.0098254593706495
0.0436422431052897
0.2463993656559064
0.0842892202178133
0.1203722653157682
0.1766138002597695
0.1593333072064734
0.1099855027446096
-0.0750086062282433
0.4347132622436491
0.1972324427757749
-0.7649662135515943

0.1504824349143533
0.1081635549835601
0.2566519968060382
0.0957532758800997
0.460506221180234
-0.155783600120632
-0.4814934537565884
0.4423177284679486
0.5941633758574738
0.0033528221072902
-0.3190250705863267
0.5124037326950671
0.1256563820808662
0.2784922895230889
0.2816136284640707
-0.0999684123146071
1.16418736940987
-1.4837295537074509
0.1898000641716672
0.9589363306553492
-0.279455509989884
0.051171017357935
0.3358355214636543
0.253009587408687
0.3429583387884759
0.3003004831745849
-0.0518901982622687
0.1865539064299304
0.3467757610303849
0.1471232615544929
-0.7714710141802692
0.5940776350704502
-0.0727823457623472
0.1037466830942635
0.1258231247580301
0.1197928482205829
0.0491356821752956
0.1071847806410296
-0.1946661819873342
0.2782634098161142

-1.3922533024827106
-0.5404810075168066
-1.3826060627345511
0.2226155775286233
-1.7066717607613398
-0.2892317587476493
0.9647546935287172
-0.1114888512726864
-0.8654344456344322
-0.501683648820855
0.2360289828872765
-0.5393695139713586
-0.4541339111184154
-0.4555190074854456
-0.5687293946727715
0.3707460931271588
-2.560728848970476
2.7732550675548984
0.3232459662817098
-1.9004117341518652
0.1049748662654491
0.2315899234872116
-0.734327054641155
-0.5157978966540334
-0.7649444927641882
-0.7509886208867907
0.2145354836711162
-0.7384257031625552
-0.6153508781208431
-0.0686421731418109
0.6852267291629234
-1.1966992760394242
-0.2049488653954108
-0.7634318902967276
-0.9200823405261876
-0.933332679965324
-0.3566839524314312
-0.7047962185045273
1.2955148164140844
-2.1054200630525344

-0.0266182397771031
0.0165579487857164
-0.008361475908484
0.0080143959661741
-0.0081293240823541
0.0031264867431308
0.0008081205724654
-0.0004577065036928
0.0002893850730771
-9.42003304066988e-05
-0.0010274058062343
0.0013929807343653
-0.0010731875160749
0.0009844972369871
-0.0016903046807001
0.0020457244000304
0.0131989119265644
-0.0283257795788557
-0.0246019580709612
0.0537551836420829
0.0617665101108785
-0.1956735543295458
0.2295324369340529
-0.2425361928637866
0.4304360446101307
-1.392119507519029
3.07471460043953
6.061123029934668
-26.72185437528641
27.00484913634773
-5.4989005610546045
-5.339338417745752
4.348216437553729
-0.91802847186194
0.9576422625069286
0.3595866286779666
0.388509345027793
0.3734669637501252
-1.0173684687619104
1.4079177635238558

