0.1697181580868325
-0.4238747697248947
0.2828777804361528
-0.123847463571898
0.0351913878731137
-0.0101426956181786
0.0283767248580718
-0.0200564083519658
-0.0226849283387524
0.0731455423716373
0.0299235556225397
-0.0088953296146748
0.0809884400183244
0.072290767412054
0.1247173501855821
0.1495016790929268
0.1351313012903613
-0.2030134632888431
0.3757188669926573
0.059132766036093
-0.0400118426573428
-0.0154998789217518
0.141381881274189
0.1801785791264064
0.1142067808911161
0.2414895776086393
0.3352303358400871
0.2959603469819883
0.4307040763271932
-0.3696937768319662
-0.6988788830351145
2.1705391913381944
-0.0861292389745713
-1.0325010763400824
-0.0058170114606413
0.6638993583131192
-0.1953805434995626
0.0562320207346272
0.0339609464099051
-0.0745237628475964

0.4832446010719941
-0.1973103700359771
0.2073918682730069
0.192961100376421
0.2293329584085781
0.2244292978072491
0.095495162130182
0.1645030376022231
-0.0419487980723279
0.0682693427910857
0.1040285811304306
0.0609255550764862
0.161826968008551
0.1995129993581997
0.2666037045460785
0.3810378646628382
0.1330799566069969
0.145765283262816
0.337035121211223
0.130594332528436
-0.1845179375584788
0.0549084728909926
0.2870360596463917
0.2384183697692092
0.1490407855567421
0.3428075148385432
0.3800024800823185
0.420981599867314
0.073029673756168
0.4372429982133301
0.2336036987465143
-0.3199533939745057
-0.149633300413481
0.1801179872883751
0.2457493699473752
0.0855707218447908
0.0182296559934055
0.2644742022078963
0.1552720926020775
0.3596059826575665

-2.9552563277268558
2.2842276543695568
-1.8542067825725157
-0.3777745345450766
-1.001124869034246
-0.8560384066834049
-0.090587632683307
-1.2067022723640712
0.4458665167599988
0.0684182693992747
-0.4822105289740226
-0.2049759875702428
-0.2864983537486714
-0.4414527099993336
-0.5193458912729174
-0.6744337667268858
-0.2794016592794031
-0.3271837300826538
-0.2983782996276808
-0.3032551260169504
0.4576005908428691
-0.3272596748897472
-0.6495097557596071
-0.2722200478086057
-0.4035271471372117
-0.820330300042843
-0.9000594114094329
-1.1640853764620844
-0.2630477242627894
-0.6338806140498243
-0.7002071194286471
-0.075108230221042
0.2631970964441459
-0.2275554852854
-0.7085755418372934
-0.5852364605755644
-0.1638916663800858
-1.1099598568627762
-0.6958928342564219
-1.544696064779605

-0.0930274948632066
0.1169357774166433
-0.0599090297061629
0.0188336888830847
-0.0057299709651799
0.0032929957516127
-0.0037434415203314
-0.0027632916139037
0.0063762463003735
0.0104118580790862
-0.009492424279932
-0.0306700541918361
0.0641961700974353
-0.0719030719170341
0.0903486046272521
-0.2163786934585358
0.7710282136540598
-1.037638779387433
-3.0040214976975865
1.7716103453074608
7.198623371488407
2.515372401275189
-24.463413943155984
25.218067215482336
-10.71313745488676
3.225180273466499
-0.1651699712829164
0.8309665826464271
-0.0542109339174048
0.4551107907189577
0.489720657393542
-0.1553731348756698
-0.2052933521350747
0.1623854499267569
0.3974762755888993
0.2754866788684751
0.034267525366809
0.5895010844038668
0.3172620440024438
0.8408956270103529

