-0.2772780802464976
-0.0149436622623253
-0.074927787583967
-0.1665125214631188
-0.140885136160291
-0.1198334507870824
-0.0551684420906509
-0.0777098747450259
-0.0244868357435513
0.0156293222386382
0.0090557345594315
-0.0122721137498224
-0.0048295342418709
0.01987266747348
0.0298258039967557
0.0729528391633959
0.0310218715374122
-0.017243001780546
0.067177633476937
0.0694516951373059
0.0326949851092542
0.0380292933639269
0.0702851605555356
0.0992705518540918
0.128949164302766
0.185403737517178
0.242139080239457
0.3100190443618107
0.0624047806417646
0.1096788375469126
0.2697151324071396
0.1255929875538073
-0.024186576284646
-0.0356875832321417
0.0331227488140002
0.0781471985795517
0.0291882742641534
-0.0538415430212383
-0.0251393817123595
-0.2456282975246107

0.3127936458362174
-0.3641800695279366
0.4160490012143039
0.2015192068183029
0.3147573859119663
0.398012057555751
-0.0647382187514031
0.2763740339379568
0.4138065751320539
0.036280361270304
-0.2930382011096141
0.4273970845809776
0.1557453205137705
0.1505119493352032
0.2922641471364495
0.1501040188410563
0.4369024173223439
-0.6738516994650771
0.1884308210811581
0.7308986412963163
-0.1894968538514481
-0.1628416696747318
0.1987019762509132
0.2483065714583301
0.0868260397702763
0.2462343274258205
0.2280164352725985
0.3265147667021872
-0.2899092360479214
1.55018227629024
-1.04633242503783
-0.9158468785755496
0.6227898503825433
0.6319999001595005
-0.1332770014664002
-0.3000683342344561
0.2700845157382643
0.0546520293578484
0.0924115014490948
0.1779826461359009

-2.3950193392084653
1.7765368957943608
-1.717000358181439
-0.5048177797073378
-1.12109710660448
-1.0775022177577416
0.0428772217685038
-1.237419068298449
-0.2889750358594539
0.3412039801033567
-0.0389027356291422
-0.7676575284423457
-0.1507712235207489
-0.3788935796628467
-0.4928372793921164
-0.2662084946599695
-0.6596019691240833
0.6348251220352512
0.4311319953055988
-0.9640496589937672
-0.2006325316026927
0.0533801651293009
-0.0891585702308174
-0.3924683491362767
-0.379104240444416
-0.5455682070974581
-0.6850718895614039
-0.9155479418627218
0.1553129310070279
-1.9490845276305708
0.8039020577402032
0.8650751736233162
-0.6047860809492466
-0.8236407584095145
-0.2651420213292512
-0.1220418020522741
-0.4292304221222649
-0.893747380882771
-0.6361883501667344
-1.4303831712913808

-0.0945434964781528
0.118965938702374
-0.0609277591138713
0.0190182112959918
-0.0055316766304774
0.0025818592399178
-0.0030461292297308
0.0035797220358
-0.0009287639131738
-0.0023069796903595
0.001481767069204
0.001463352729172
-0.0026157193108626
0.0022604749861455
-0.0022664520581695
0.0045557783575415
-0.0100801441274911
-0.0195049567392372
0.085640549923932
0.0402202976550307
-0.1089651527786688
-0.1655440506583569
0.107391423400636
0.4466827026696209
-0.7861303657169918
0.7934636395153417
-0.9403431014947448
2.111419754805564
-6.665491564553889
11.939583984543772
-5.617157114950753
-3.0698298644649387
1.097090416520066
2.2376209791308224
0.4140007172441646
-1.0285880203513906
0.5728282042473308
0.5459656263832994
0.296906237237966
0.8501917975416569

