0.8659596797735226
-1.2722821193538725
0.6630445141193579
0.0646761701330142
-0.039512211059255
0.1509065095639522
0.0965862121370847
0.1276484477707244
-0.0748040121547939
0.2181915256783906
0.0115259962399484
-0.0853186333298317
0.133042041005819
0.1136846016606073
0.0754535720918559
0.2021870050349309
0.227881855655989
0.3001968090369281
-0.0178995938348415
0.3336502303948732
0.1058326699833522
-0.1081676804096867
0.1392096961006972
0.2743513647762204
0.1386586956484065
0.3132351169516587
0.4238652500667182
0.4344231485295692
0.4479603600064545
-0.2956173148036116
-0.3054944392396271
1.7820757851050832
-0.2672338928737138
-0.7603552427172819
0.1925402278655238
0.5960064728618109
-0.1463566103673673
0.2203848422502646
0.125079284671364
0.1303896625397065

0.3829016842734046
-0.006901449874131
-0.0459115882553306
0.1360276947951914
0.1753736759529902
0.1664910344553711
0.2305275962148305
0.1401129342092332
0.0601607792072956
0.1375878333361956
0.0366923086998233
-0.0244779027139541
0.1040835931737313
0.1352614355127811
0.0971483462528748
0.2361677179401256
0.3199712002274281
0.3273423156416417
0.1274885305083203
0.2501868011775651
0.0373236240381189
0.0353078897003584
0.1372376096065665
0.1985184022476652
0.1948250954279644
0.2646565882400787
0.3573886900166146
0.3704573582674554
0.1657065460853151
0.2603084844715528
0.1291478674001521
-0.1142694515064794
-0.0386524035776352
0.0993893076326676
0.1523100936857895
0.108645700522003
0.0799403022952381
0.2200229871529009
0.1798588575095628
0.344832923678382

-2.8724265250822314
1.5211340113669392
0.3151755514515175
-1.4904239947837574
-0.0845305057737338
-0.8443805472897473
-0.7326381940479976
-0.612676544747055
0.1347746023609141
-1.169791078991813
0.1189577682806553
0.7299464557438412
-0.7023139417641306
-0.414523868585714
0.0676069740800876
-0.5696335146484224
-0.4668222082333361
-0.6691938708884256
0.1702722046975924
-1.0190148322823382
0.2988400230888994
0.0385262964438173
-0.4886889200114656
-0.4357286671559264
-0.3079513185857856
-0.7173942521416808
-0.8455710352644742
-1.0542367804806123
-0.4252221205600786
-0.3816341682964871
-0.8160304408912402
0.0652793959616628
0.2228913998376119
-0.3098661167186307
-0.6446284353912163
-0.4913826419735583
-0.2516999566006786
-1.0351109883928158
-0.7389939045324483
-1.478813149372858

-0.1910149758492859
0.1769922810182016
0.0298001016917233
-0.0890196871600241
0.0437860379657851
-0.0137038185214013
0.0048366599139485
-0.0027917604823077
-0.0033776410678569
0.0166933249864093
-0.0008609190348958
-0.026121680864304
-0.0066405040127268
0.0673888994961424
-0.0875213014290101
0.0823520079277879
-0.1087238282328561
0.2681746157966395
-0.3290502156934257
-2.896326068104349
6.2656348920054
5.25085956187244
-23.356124024546755
23.45537043602943
-10.353420601176902
3.301196168181033
-0.1766126477732123
0.8380891092768082
0.0696091439990264
0.3635090642891191
0.5208313630821202
-0.1414458195734365
-0.1951576158263222
0.1714379526847121
0.3874571530412475
0.2661101617655053
0.0631385133718907
0.581899372749101
0.3329482059900747
0.8419582311167728

