-0.5500786144425379
0.1617391484413404
-0.000140415412083
-0.1840869662073714
-0.0633990043034932
-0.0944942338781085
-0.133432415670765
-0.1578213546852869
-0.1559294745412808
-0.0475648009837717
-0.1369344075588902
-0.0288404808755727
0.0713105615402746
0.013943458247433
-0.0536579576893808
0.0108138855350239
0.0309140378871102
0.0242104286202733
0.0758182265254712
0.0957394424422449
0.1409789148863011
0.0348793315300522
0.0434765570446719
0.1114350833000268
0.0527598734384717
-0.0090496379143322
0.0160150373640169
0.0992690554531043
0.116088082202286
0.1028320292089404
0.1987408225139259
0.1905076582775222
0.1762987833303482
0.0224903101445064
0.2868546149726586
-0.0374253565247353
-0.2830632434864544
-0.0460391163829177
0.3986561009343999
-0.6666868696863544

0.8225540123884163
-1.577216066364792
0.428476141410961
1.4938568068450624
-1.0369723376848374
0.4800840634829711
0.2450478380010213
0.3536117530506604
0.4149419376302239
0.251979546797653
-0.0578477629268822
0.3790966410096851
0.3824818651276061
-0.339028921143678
-0.2352104119693897
0.3122636494893415
0.2930795362016634
-0.218167202070299
0.3712532657793564
0.2157325518730895
0.3877104947009852
0.0934755801523549
-0.0118336122972739
0.5019064725740144
0.2657674432676916
-0.2904016530211017
-0.1987417715263687
0.3599331140183909
0.2106478162847192
-0.0624459566884558
0.1091543764465341
0.0915545357755519
0.122957853355025
0.0551805596202771
0.0365753475517236
0.0645545700140787
0.057985281151287
0.0728072110878465
-0.1750401438938936
0.2847248877201

-2.7950354673949613
2.524775179742086
-0.3972166723138263
-2.0380703029791096
0.589024250200541
-0.5734383836118845
-0.7806890854712766
-0.8318112226910438
-0.9835667313653816
-0.4176859374227042
-0.2267251393846822
-0.7743544246272835
-0.3926311738642074
0.5671730880653582
0.4526453159864095
-0.6576542351202761
-0.5181783975968834
0.5277139422744913
-0.6295972452538805
-0.3076572806226452
-0.6571803522290159
-0.1738470830765093
0.0222882523033287
-0.7777867946415635
-0.3792129751474566
0.3002712501120331
0.1246560654719378
-0.6299210336185684
-0.5362930428338039
-0.1813947212541713
-0.649543804312108
-0.7458390798264769
-0.9092285915486495
-0.4481807050309621
-0.2061676167453615
-0.4671810550087347
-0.5406243722059817
-0.5659877959821668
1.394527033578757
-2.229982993248777

0.0026238628739306
-0.0047559073359942
0.001396307198521
0.0025862368420986
-0.0022758352242102
0.0006044763044955
-2.997765573716953e-05
5.7184931601911614e-05
-0.0002410878751404
0.0004474425214982
0.0012130573140175
-0.001312261487937
-0.0055854823505126
0.0014008841490157
0.0098137766281292
0.0021126382404956
-0.0194526264096283
0.0154291965158774
-0.0012570193279994
-0.0146375064380518
0.0716270278028598
-0.5333428537236947
2.1224744462934333
-0.7064135214891821
-3.435564486455857
-1.3457970227340608
5.300911957301468
7.283625856741794
-18.84288319202571
14.87445091525598
-5.566725805479601
2.4099371572156283
-0.2312953885916787
0.9193500314258912
-0.387860478777735
0.3412359766826716
0.4355877310818329
0.3395480357275611
-0.9272986860387632
1.3602957701499967

