0.2151974577716658
-0.427965397835107
0.2479652110039342
-0.109055176012115
0.036042979169367
-0.0228071673850288
0.0328150308640248
-0.0106357162025304
-0.0332052589516827
0.0710983054897504
0.0329784687069519
0.0035484798683234
0.0740955023633783
0.0881815659216981
0.1222568704585843
0.161937158890096
0.0221801809687192
-0.013468475220476
0.2739850262109918
-0.0412839505599288
0.044275722272787
0.1573410758840704
0.1321297288109643
0.2294040926000715
0.281158307100552
0.3946554673572585
0.0149149557450894
0.4580460984778601
0.562033377038146
-0.9356583726420864
-0.7560711931450175
2.1960724291955827
-0.3362907596306003
-0.7032615673739343
0.6783700479626598
-0.0713203056436464
0.1794485567058138
-0.0204440492329758
0.2263601987065494
-0.2536468362336319

0.2609942317098366
0.0707322737970146
0.1163638731610187
0.2244671075181929
0.2289668971692749
0.1576909160439477
0.1215031399431784
0.0787044181268281
0.0156881442574055
0.0505127220329319
0.0853307209855072
0.1060163491533484
0.1589369739463852
0.2142139685007785
0.2988593571553675
0.3177487839397723
0.1269467888733138
0.1946290417530883
0.1644850661261012
0.1028956145767605
0.0777038396540439
0.1805607177019594
0.266359384036964
0.3206505005846165
0.4339434985241555
0.460507139423057
0.2270542826610767
0.240944973790577
0.1891931714028476
0.0543808158474877
-0.0222240949956758
-0.0377448776783509
0.0814105217213767
0.1603002918017543
0.1422117680279943
0.1602912402743197
0.247773439525478
0.2476389304766354
0.0710557082231022
0.2842582139131678

-1.7021968421012996
0.5611542513440826
-1.0127779162579624
-0.6987917582440404
-0.967701939714751
-0.5112454741362871
-0.4739170721389145
-0.6128149488235112
0.3246977333426699
-0.0946595466660752
-0.4290621559408458
-0.2066165077788342
-0.3292083584673617
-0.4817157272906269
-0.5515287115552067
-0.6328662106539449
-0.1051304051880458
-0.5959006204470789
-0.0019445006771767
-0.1694397259501633
-0.1304898066994052
-0.5136964196175592
-0.4191455538753396
-0.6950013231228949
-0.9167483686618624
-1.1313065519721468
-0.3995291795670265
-0.587228038016355
-0.7687396113766497
0.1751092783001629
0.2173059091219175
-0.502662296001132
-0.6133779580138922
-0.3868036671257627
-0.4721574063579559
-0.9187363218056604
-0.965946713142346
-1.252069493221878
-0.0644159244157128
-1.3727051194126518

0.0284713868986608
-0.0225966511125128
-0.0110120044485213
0.0119342322421316
0.0059080095745877
-0.0010509715397766
-0.0002642974906266
0.006741145349921
-0.0042218135570196
-0.0065306082949667
0.0011510961160908
0.0054392630864824
-0.0008306221824281
-0.0029553375983963
0.0060965170091705
0.0085454125724911
-0.0086739534829133
0.0095081922650906
2.2689126713556584e-06
-0.0076277156054325
-0.0020912766330793
0.0053066509753541
0.0021669743597067
-0.0042734560734357
0.0032649807806788
0.0107073569817924
-0.0070403440117252
0.0062866179938131
0.0060131270507703
-0.0056758340054218
-0.0078631222975478
-0.0012637332387356
0.005721287221467
0.0049724074895761
-0.0026891686550673
-0.0056055249249609
0.0077682756974646
0.0133447168149111
-0.0429465295686937
0.0354291619274126

