-0.3230861253611998
-0.050335525370717
-0.1662910067247581
-0.2428645813253433
-0.2251182897319004
-0.1394639247344188
-0.0973771327762098
-0.1080827151723412
-0.0185326190160845
0.0184010085863554
-0.019087551459471
-0.0542736134160082
-0.0277052148828594
-0.0225237226658148
-0.0233910306622731
0.0237524537889901
-0.0255406910930166
-0.0192379693927267
0.0694765344309819
0.0678274551591059
0.0228307722085536
0.0458290913704032
0.096479760426351
0.1283219549975947
0.1783355927100887
0.2113931302442638
0.1279607507204457
0.0320190735806663
0.0006962793683331
0.0802184510436893
0.2452950485978881
0.0775340782017617
-0.0599748338959372
0.0080344993419668
0.074701167947946
-0.015373519580276
-0.0368158668106974
-0.1769997597564442
0.1663471065301814
-0.4776938878103473

0.1163380051735359
-0.0660500780794538
0.2512551335796201
0.2592370535934387
0.2834275583899994
0.3485980957495275
-0.2765501042041831
0.4495569405455854
0.3484691417636336
-0.0165363116777017
-0.2433693924550208
0.4664382363293717
0.0984663832636042
0.2200981362129144
0.2822484933652039
0.1598540547262916
0.4128211299872686
-0.6429778702702675
0.3512279369226887
0.5019478384168272
-0.1739025940813412
0.0597634687995096
0.3386901448691267
0.2154839843160594
0.3563971809675659
0.3695745558060789
0.1821834484724528
-0.344737943305448
1.179368201372808
0.5804574739994234
-1.7119621745703786
-0.2687569975229057
1.1823693648286424
-0.058629034482465
-0.2818676386989101
0.289920828895955
0.0365379838036012
0.1755235324850594
-0.0385635248632949
0.1980022094731416

-1.31648628718094
0.3910961447504736
-1.0225487340439312
-0.8024513255227321
-1.0220740206632692
-0.7802933968441295
0.0947907688340675
-1.1881676451098024
-0.0843974270967184
0.2149791965070888
-0.1647043982113437
-0.6511755455019446
-0.1941352396729557
-0.444627981566514
-0.5060736099703739
-0.2376691010544972
-0.7710380410967819
0.8712355387144902
0.010712288661621
-0.8900083872363583
-0.0839582286139015
0.06231896019559
-0.5943946331202721
-0.4964073397390144
-0.7618940624249708
-0.9054766491501812
-0.443301983858699
0.349702614153224
-1.901154315519345
-0.5615102070648842
1.998300530992945
-0.0872640616676347
-1.6232705187677112
-0.1944423758349038
-0.0605003448518822
-0.9624997592075832
-0.7432469015121989
-1.1395275565222296
0.0475185197098769
-1.3218959596501032

-0.8011714530055858
0.9707460663567266
-0.4865464433332758
0.1625319965278711
-0.0584526736743133
0.0387127415004494
-0.0382539371452942
0.0173748839276209
0.0067918535382817
-0.0048903132018361
-0.0031108481039478
0.0020280412578032
0.0002105842205024
-0.0004020319981079
0.000292924442278
-0.0010359996333498
0.0083178249234859
-0.0273511947258128
0.0039857406032362
0.0471567883964508
-0.0003768522826896
-0.1111386167959519
0.1516736371870844
-0.128378596878181
0.1268965561106494
-0.2307975842633859
-0.058409213442769
7.994365072069624
-29.352612166788223
28.68742617566315
0.3521065103962323
-8.478199999772118
-2.1196241896878907
4.762026369862687
-0.942998773532969
0.3572735371198212
0.5527996752852369
0.6733202527624247
-0.2955848126694312
1.1748145007299968

