-0.7149903028727668
0.1269737846085996
-0.36820624041702
-0.3286941964558534
-0.4158257295325819
-0.2705539255431708
-0.0921185419804554
-0.4078633923464174
0.0840541453308591
0.0828785111867456
-0.2311948953072709
-0.1708123672742502
-0.1097594665794728
-0.2391782410577845
-0.2333397423289449
-0.241797080743846
0.0030513704666137
-0.269408833717752
-0.0104548847322434
0.1121120381415493
-0.0885033635292835
-0.1301044167396855
0.0071654240118073
-0.1086043747725402
-0.0853971277347278
-0.134686660434362
-0.0061646924647101
0.0968462994059038
-0.6915788671365318
-0.01201565671634
1.070909019564076
-0.2683736198361114
-0.6680266520310459
0.0866522090049948
0.0069061108791327
-0.3746300051566964
-0.2522397803126739
-0.5362998849659864
0.1709108709091987
-0.7812348880461037

0.2481271478996393
0.1175926100666899
0.13522055379073
0.2660412342310589
0.3449180173654189
0.2451308051244799
0.1631761898926316
0.1558615927736273
0.1049510252687789
0.1088377276828433
0.1631298647867874
0.228925728303893
0.2958660810165593
0.390620216825466
0.4963095314418199
0.4326416004928041
0.2228799835231889
0.1982276951994212
0.1010517950979773
0.0433589677793124
0.0610120340558865
0.1266510861822085
0.1820165437643346
0.2153914985120698
0.2916468959500441
0.3156668896859071
0.1772117963229935
0.1099196673034954
0.0569485530995024
0.0501308649716012
0.081646327863364
0.0928454484299642
0.1046599087675715
0.1287375068861087
0.1660562412583046
0.2216267858867725
0.3025820603625709
0.2885662984102572
0.1162412787860286
0.2977160759500071

-0.9486132440214146
-0.1837882998947124
-0.5401668030103746
-0.7760466048818405
-0.905501495038913
-0.5901807987436106
-0.4063157785905513
-0.4951426961541079
-0.0875212097611271
-0.0623815518554097
-0.3121246379240018
-0.4402667736929882
-0.4019095030537252
-0.5974855584289885
-0.7131225593361148
-0.6674429408767857
-0.1917667861138587
-0.4087844982444362
-0.1840388135433722
-0.0478913185366083
-0.145362685575281
-0.3207518158816604
-0.3975899032054086
-0.5145818588960643
-0.7515046174437341
-0.8664394550817108
-0.4538260294105958
-0.3707652264710806
-0.1729431758109516
-0.069776960513079
-0.4267450552523657
-0.3597785596356572
-0.2246575942799809
-0.3600043421765321
-0.5811810466035757
-0.7196880242103573
-0.9003515604558816
-1.045623140707166
-0.1186935469421195
-1.1612630084691025

-0.7969475457529339
0.9689653829899164
-0.4874790109883066
0.1633666584838702
-0.0588497956758394
0.0389991745929404
-0.0384967521938415
0.0173435655791795
0.0068859633859011
-0.0047162030704332
-0.0031327625243833
0.0015739276028638
0.0008335688596017
-0.0009502230994628
0.0009055099357319
-0.002019006106816
0.0038736244792914
0.0082422955662444
-0.0183162614324232
-0.0176335404167669
0.0303187593458145
0.0460796086586344
-0.1281844077811428
0.1612256754699564
-0.2207315172781718
0.5816402968302202
-2.770984326393811
8.963342963460036
0.4943989675180466
-31.268081915510752
30.88028375540421
0.9618153354034572
-9.003154844744255
-0.2758943200378273
3.5919036366747017
-1.153822389019077
0.9502496422047068
0.5294430320724286
-0.1986020639366556
1.1241530452759418

