0.191521893693387
-0.0067191050656244
0.1543842619565692
0.0501437428772475
0.0269004065411312
0.101556426538332
0.0457273959536042
-0.0636792680266975
-0.0232734056337703
0.1185679800777667
0.0844759283326021
0.0265361391892169
0.133115535592441
0.1597530665897276
0.1992444104831954
0.1894691692539793
-0.0227857314251264
0.1364623087056607
0.1697333451248873
0.0201294330462243
0.087073250449017
0.186947212538444
0.2009220408352223
0.3119376995359499
0.3884832484601808
0.4524060112625944
-0.0064176989745043
0.4707397995350887
0.238728982097828
-0.2487774451391693
-0.0238408694185077
0.803321391858629
-0.1107209549594318
0.3980697728770946
0.3232863937326377
0.3667344078620472
0.0531296548903925
0.3554064998599626
0.1755912693805904
-0.2931892202108848

0.3413405553492402
0.1312474202104225
0.2628364557604465
0.1540530110882926
0.102773264158498
0.0969098605955567
0.0514567388544023
0.0036675517748673
0.0072982221664807
0.0643955240130372
0.0926937506225565
0.0974468407423586
0.1375491519532883
0.196593543190378
0.2490680166124997
0.1711720322849252
0.121851674551753
0.1411142215839161
0.1053026496300985
0.0849220790248398
0.0908529377263646
0.1694432710275105
0.2367070785777091
0.3061874458758786
0.3997549052774931
0.3574210788510792
0.1899681468872512
0.1822454805436985
0.1052305200556603
0.040595496957423
0.0470144887148571
0.088602545471921
0.1552315178703002
0.1853258227082356
0.2453808264136455
0.2878325488997374
0.1229003662773475
0.0462784040385243
0.0961216772231652
0.2279148739787926

-1.5295980904089166
-0.4439960491991838
-1.2087685418851322
-0.4855919077612815
-0.2900579761729797
-0.93975588719685
-0.2226892443845746
0.5297694625006365
0.2970697737740145
-0.7224988745895177
-0.466682045855106
0.1694125358913581
-0.5123252031159363
-0.3658907632664415
-0.5001905631571305
-0.2983178455249902
-0.2351977167686087
-0.4261300225480094
0.2408163228168136
-0.301832898068843
-0.1641449094280947
-0.4349117654166846
-0.3770002882418032
-0.6924634298023459
-0.8314812742788128
-0.967624332678804
-0.0311070491846902
-0.9566439835342724
-0.2847013140941367
0.2295243492551629
-0.3088155739325874
-0.7218246439894414
-0.4105765534000491
-0.7870363519986274
-1.0373187528063106
-1.1190067377643134
-0.7252737811077505
-0.1976883095844459
0.2728261962545859
-1.5819193081165723

-0.0483052204561318
0.0328820162216589
-0.0149422703518613
0.0120321341116639
-0.0162658761222616
0.0125979003694457
0.0029840330682183
-0.0063147776983688
-0.0049862865330192
0.0033309634703519
0.0076571747290469
-0.0074602875712526
-0.0005413104484707
0.0085757681609191
-0.026369070228757
0.1293912806905902
-0.5951587122521845
0.784697163502147
0.8044777486312276
-1.3652037852757617
-1.8623628707443056
4.9551116356305975
-4.785288384673684
3.152046796388666
-0.4631446265153432
1.0899201238793654
-0.541083822645452
1.1665646304131028
0.0021510480947641
-0.3590343735243601
0.2648745278792457
0.4821060063718274
0.1164924480825424
0.4420838517932756
0.519267994988513
0.5724245330826824
0.3453551909949984
0.3260254359895783
-0.7547470250350704
1.27279497138072

