-0.828701284259491
-0.2058612773656597
0.2770460511815715
0.127754820321324
-0.4371809502815136
-0.2015290418920567
-0.0993637030179451
-0.3445274964220098
-0.3254542574743189
-0.3608438905972327
-0.0347059795979001
-0.3385269007254839
-0.0727346325144298
0.0802770079046282
-0.076643887274213
-0.15352931693646
-0.0591671451398117
-0.1455252941551311
-0.1591206486270117
-0.1837345453479052
-0.0346236020368989
-0.1832314360733352
-0.0736676769950906
0.1039435449453389
0.0594922444848331
-0.0694817699437853
-0.0977064288292032
-0.0252124508175232
-0.0245462061569014
-0.0870919051704021
-0.0676831142706337
-0.145937677557002
-0.1298077757091086
0.2187030558068078
-0.1143870616847756
-0.3673957243161164
-0.3396282835650442
0.1536518889386285
0.7060540301200825
-1.2984919336164618

0.3624708343625536
0.0876500441859872
-0.0380052471231396
-0.0321231261765969
0.162438142391665
0.2360360117111988
0.2187194189498064
0.3258547924246664
0.458887609051289
0.4501085270306059
0.1810504915682997
0.2441252522659638
0.1710585475373174
0.1082975458909985
0.1331103725242158
0.1858718362915412
0.2179703392617467
0.2773246119207936
0.355514403314874
0.3702980711558767
0.1841038427028098
0.1507370491500451
0.1058124699579953
0.0443839300035934
0.0313543468530159
0.0593267534925645
0.1070870871665738
0.111625200988218
0.1399332512979646
0.2247036163420878
0.3070890380929439
0.3307425825560515
0.1243392663905749
0.1820802425947748
0.1660496876763239
0.0685200145849251
-0.0098402811703417
-0.0407030858128782
0.0336690176600123
0.4149574496545162

-1.4707247364861378
0.2110700169315252
-0.2208927191487494
0.2174065484552105
-0.7000304657768617
-0.4176368511248043
-0.3862965893171157
-0.7680357678235624
-0.8229499609750912
-0.9324844924705792
0.0123376440555215
-1.092193323484327
-0.0354073179099085
0.3053695994215378
-0.4174405378956398
-0.3877842469701112
-0.1865408786786011
-0.5172677504021272
-0.5856508350562023
-0.7169796824620811
-0.3019716870938537
-0.265780951174718
-0.4449144130291445
0.0407270546959903
0.0460124026169661
-0.2433734559392419
-0.502567747613223
-0.2374404184292408
-0.4438242939735715
-0.7591634912780305
-0.9298033152875392
-1.1206518626564284
-0.3446371859509553
-0.4559928294611917
-0.600627724294781
-0.1688616363493404
-0.3602056372996561
-0.0844324488169846
1.072387777195284
-2.111370808268655

0.0011456802731086
-0.0027054254371078
0.0016478475300719
0.0006219308772897
-0.0005448821459362
-0.0005180178905333
0.0005903176130797
-0.0002240188020358
-1.9528648370470943e-05
0.000294002802169
-0.0009788621156437
0.0014076069077337
-0.000610189583695
-9.578541501134596e-05
0.0010435150688306
-0.0030423738608743
0.0040228538410169
-0.0034164401938013
0.0030124139982759
-0.004006937771354
-0.014218190319812
0.1909715945187454
-0.2771874777767535
-0.3021716124515061
0.2523756132037417
0.7144241286057958
-0.0778647423193502
-1.8141133225267776
2.5129959782349727
-2.1130209062394494
1.804455821817997
-0.0783231619388276
0.8496890700925467
-0.4486100637126105
0.4052061294864668
0.3118587121697303
0.3399369710885898
-0.0227979908134377
-0.9179915891398446
1.4885888402900054

