-0.7952347241624245
0.2988404537762795
-0.7819901336954819
0.1680344069254617
0.2136021265759538
-0.107964344645992
-0.2865204901882114
-0.1374293473072948
-0.0650995833837634
-0.2572863867804993
-0.2564797251387595
-0.3217530308434218
-0.1877086220972476
-0.0909364397895945
-0.3550241590947451
0.0970786373412697
0.1830830530561619
-0.1965825310642274
-0.1500216872073435
-0.0061386905970352
-0.1523312193109176
-0.1230614892417347
-0.1314815498766552
-0.0113130511217156
-0.1323615957034603
-0.0005359968801754
0.0482223596614888
-0.0480169519738152
-0.1037240762824095
-0.0011152896834056
-0.0669447905647635
-0.131879864452576
-0.2148791322874351
-0.110682754949836
0.1562375731496934
-0.5217724247659166
-0.3250169863281759
0.3825241366705104
0.7205817351496062
-1.4439283715039766

0.3741369810903904
0.0361693354346982
0.0943222712780672
-0.0860498305012673
0.0419490910591338
0.1770247624023419
0.1994934210857959
0.1216808656655228
0.1636283305059603
0.3250715588801729
0.4010410012496547
0.5142699825518495
0.3175994627333224
0.2239791970498804
0.3142827759169908
0.1005608632437072
-0.0327337776946415
0.0973671370211779
0.2265233078682915
0.1943754501109711
0.2442529473919666
0.3237342720080163
0.3017708036092201
0.1053228363607277
0.1991868941644337
0.095396655247265
0.0322705520465226
0.0342825024019867
0.1199497992635521
0.1999458266934979
0.2235465771397964
0.3169299080405322
0.3586045439920421
0.1353255551367947
0.234494260012828
0.187814955051604
-0.0147654576803297
-0.1266383589318931
-0.0211006665042119
0.4708226327115367

-1.5854249766582296
1.4006229243137718
-2.442727875824056
0.3769107962695924
0.6886848796121776
-0.2457413618120497
-0.7948674697307883
-0.2873662678226491
-0.1546666535924421
-0.6707458372991921
-0.6589218884666049
-0.8358425533681489
-0.5655715030478011
-0.0014380737772376
-1.320165944125154
0.4202328152199692
0.5670210232008063
-0.7359278866713584
-0.4331081238789998
-0.1324306386936063
-0.6353070279584068
-0.61823342916161
-0.7967667017494435
0.047363985965197
-0.8613917710661961
-0.1431077963373071
0.1176157873000117
-0.2674694231485798
-0.6297377203107074
-0.3562022867206226
-0.8364476167241726
-0.967277709207221
-1.1717039279460508
-0.4880502703080682
-0.1193150246144209
-1.417703348003707
-0.3724519348376418
0.835792130806856
1.2077033844485634
-2.5229056361873257

0.0014069047190591
-0.0058829653564946
0.0088647562230269
-0.0013100916965553
-0.0048254224162997
-0.0004251677262296
0.0032350698070492
0.00056495753645
-0.0022820274124729
0.0012784759182857
-0.0004319653830151
0.0001637040031761
-0.0002525616593296
0.0003856313818988
0.0026050476330787
-0.0051340104970676
-0.0015451876640937
0.0070636624290108
0.0005566916108334
-0.0118995201843522
0.0195919594863292
-0.0357346825760925
0.1199198199980967
-0.5523308913516625
1.1774484570706505
0.4541967028290597
-2.206676779675937
-1.28070234063038
6.358391873143929
-6.941954380019619
4.426932554635753
-0.9488387018515492
1.1815963129807945
-0.2160624861436396
0.4984003789348542
0.6564878755693361
0.1551192152323602
-0.4959514991305113
-0.7995997322587487
1.65222210747054

