-0.0049620381908415
-0.1226008325893178
0.0121425317132645
0.0283905804368648
0.0130407849688142
0.0070977541986224
0.0073362845576031
0.0051925508078441
0.015692080262442
0.0396075903226741
0.0584128378491199
0.0857171887767882
0.0621827645212511
0.0348420725289969
0.0454462089222779
0.0302731101510358
0.0275857885196898
0.0679515388240841
0.1199797417425246
0.134658447281613
0.1971602124647503
0.2764346093843322
0.2710567569747267
0.1223424793728817
0.1371669417302144
0.0928011274558544
0.0690285354095907
0.1030333738007215
0.1651906721990561
0.2048242850617416
0.2643574779637588
0.4184600712709761
0.358900417686276
0.1898822009706414
0.20773341272576
0.1127501274989603
-0.0098405894402217
-0.0700693306123492
-0.0708790847054521
-0.0432392674927184

0.3661318183653144
-0.0567960309209218
0.1274740281643386
0.0876840692344118
0.0097597221817973
0.0284486709902259
0.0879773232569177
0.07300403552602
0.0807809741147855
0.1626306479409588
0.1977599114756066
0.2414171277196296
0.1922106991653215
0.1167627572162756
0.021495146437649
0.0571829060914722
0.1538033561537138
0.1761215079359156
0.1739153931865376
0.2474166820447795
0.3363797341034911
0.4527058766767862
0.4381622335866793
0.1705004123784269
0.2836627217502994
0.1380040331831952
0.0363940147454984
0.0914584594260049
0.181170844503786
0.1767964519561595
0.2074612716339299
0.2573357039632313
0.2851174351913706
0.1115606291765168
0.1931994389072177
0.1429852020332224
-0.025444037016747
-0.1141761831940398
-0.0137624503517495
0.4317437603551099

-2.1137340340815625
2.0904360590168984
-2.8900398535892173
-0.4571328307616171
1.1712632818885491
0.3799188491365799
-0.9831115389235072
-0.584121331890635
0.1899121448777692
-0.6524162533763288
-0.475682768262149
-0.6703408858612551
-0.2916332962141904
-0.7107806052729644
0.3120899909957071
0.1016153026033571
-0.6636987595619104
-0.2107549817950904
-0.0364797967215175
-0.6227479289472925
-0.5722367619018685
-0.8387258039414304
-0.9826814388067866
0.0461091170779863
-1.1182948804460895
-0.2145146733638269
0.3019649100319508
-0.4404282662667691
-0.7878007225333871
-0.3174343684794329
-0.9069905657439884
-1.0479437417614117
-1.2754020902882752
-0.554418184141696
-0.0403521376595381
-1.6384062113328264
-0.509798298015395
0.9845242462459628
1.5088725339353384
-3.0462009283483305

0.0294373230082665
-0.033528963721046
0.0048268056477525
0.0052334348462688
0.0005846045455514
0.0007932751930606
0.002636635684384
0.0012885259120294
-0.002758526380902
-0.0019352084055449
0.0006538764732445
0.0029843145117356
-0.0023316530172599
-0.0006404914774429
0.0071151956271112
-0.0032647562277683
-0.005598468962267
0.0012596748687573
0.0045008595974369
-0.0012308046171496
-0.0022244985086884
0.001528819996783
0.0038651786918333
-0.0087038571974219
0.0100574736383418
0.0008585890220613
-0.006706097018105
-0.0017434408142582
0.0045862058676038
0.0012798551160338
-0.0035220077412756
0.0016956565079976
0.0005402993194365
-0.0061389770202803
0.0253054317647439
0.0160795441261284
-0.0180415073577027
-0.038720288222004
-0.0229050272202042
0.0595890808415783

