-0.5048569184796908
0.3802681100795896
-0.4594126332725671
-0.3596123481124332
0.1794715999761147
0.2157138310768335
-0.0686139380859831
-0.2341804047047731
-0.0198702868748447
-0.0450381860642849
-0.0984806487290468
-0.073654032477279
-0.0296175871175098
-0.0492170201413803
-0.0616046296921897
0.0562987494148488
0.040000330902805
-0.0131444176228342
0.0612035110074228
0.0656267689428365
0.1013977370102294
0.1427698626953875
0.1719788158804224
0.0108871029884994
0.1651754046481719
0.0574644582817985
-0.0213879994720473
0.0704092818261351
0.1385466244715004
0.112811165959438
0.1959025085001673
0.204409652089187
0.1782696760296749
0.0745854774788695
0.1678474896352837
-0.0780325756172833
-0.1094447853142832
0.1486207216969292
0.2655217437586538
-0.7509088205311465

0.5325827789476898
-1.1750470338434953
-0.007950108787467
2.2452828431589165
-0.4750498281834373
-1.1967139103161282
0.1363531224391277
1.0314217169178552
-0.2174768059860709
0.2679147317079634
0.3213222411628516
0.3223615254683535
0.2780463051671945
-0.009909571455649
0.2790010665950542
0.1999898695927389
-0.039315019585465
-0.5880951786890466
0.8558534720051466
-0.1300805452647578
0.353671975403082
0.3212989544714723
0.431910702987929
-0.1035603068335927
0.7095880511208588
-0.0197326380297721
-0.3530822547342935
0.2506448066908289
0.2871483501815416
-0.0577096628994275
0.1053230492142949
0.0987546998110682
0.130466200493683
0.0616046536516628
-0.0156119763703686
0.1964939706425212
0.0676248687532416
-0.1177479889432343
-0.1856989255549959
0.3593712493654271

-2.113968702446898
2.783946430654263
-2.2502736461539
-2.607436436621932
1.2874933203915768
1.506197725737322
-0.709246908487147
-1.5662998883200216
0.3328025766011893
-0.6497409014708333
-0.6492235913138015
-0.692429325923794
-0.4909745493826682
-0.170879360540113
-0.3143338671768088
-0.3581092909109705
-0.1322956958561213
1.2658845616618977
-1.417321178836006
0.174208226035936
-0.5673773770141661
-0.584750680750836
-0.8105659522551883
0.1405898932701076
-1.0883026658218726
-0.1549439796142249
0.4359182806050321
-0.4589539970428932
-0.7219594203966303
-0.1699643009062202
-0.6618072760814311
-0.7833903511415181
-0.9783886137129676
-0.4736790533960098
0.1318256299039941
-1.4126749629467736
-0.5760313325830387
0.8262096065954434
1.450619794141225
-2.758701359263619

0.0014006441626491
-0.0058778594684547
0.0088871704522673
-0.0013067932970036
-0.0048526169759613
-0.0004610067206215
0.0032398197766726
0.0006381247015044
-0.0022719219402903
0.0011052999711636
-8.830550001241433e-05
-0.0006438300694942
0.0025218652129694
-0.0057313459475435
-0.000362829801154
0.0044526155935657
0.0096808670933818
-0.0055511356235324
-0.0303276865092001
0.0583489449178936
-0.0704516261901514
0.1114221822750039
-0.3370220402448337
1.2417568086023054
-1.4665255713509642
-3.0495545748775177
3.485167350114463
8.19778962852253
-17.232527044373715
13.268677353339395
-4.824676297611463
2.1302765592275508
0.006225524161851
0.7584583785117578
-0.4906473764067768
0.9429924296621912
0.4281147987231291
-0.5248448755370386
-0.955490110272278
1.6956446003732824

