0.1694413058085018
0.046976428973152
0.0989222419221831
0.0379352401606143
0.0416190115011324
0.0196406341251693
0.0115071628578883
0.013514629278841
0.0371905142102163
0.0680018070188223
0.0734394415647587
0.0971437716104267
0.1527494197497527
0.1950666896750614
0.1389339472997664
0.0698452035208562
0.0735654349190207
0.0626683832710509
0.0943600646365048
0.1116734100173411
0.1463504430379406
0.2003270415525672
0.2889544530999102
0.391422434806308
0.383608845202076
0.1578166133677699
0.2076690348271092
0.1457327247964492
0.091588214762497
0.0967869070426977
0.1991043544286669
0.3571701220387074
0.2910395325119238
0.4127286996007249
0.3767233978980501
0.2009541136069798
0.2229608554668118
0.1017606436316192
-0.0358002296631013
-0.0536641397618468

0.3551170573868942
0.1867308263957386
0.1768775216533661
0.0984983624463744
0.0999812028575095
0.0553271344752822
0.02871914885476
-0.0014313502775075
0.0276095913252961
0.112796757889158
0.1118435190722662
0.1121705561219626
0.1923117237078634
0.243973711791625
0.1441855337685219
0.0515150182789057
0.1482246757619021
0.1260099511819461
0.094028554473064
0.1120043871677576
0.1306338499939089
0.2340266388856504
0.303909321613221
0.3996597572793795
0.3691926572781075
0.1671359756211902
0.2093087727990876
0.1166521334038959
0.0435785776228341
0.0524318667054796
0.1194590300028821
0.1357518549148401
0.1852921204308437
0.2472156871155204
0.270227037402751
0.1655896243788022
0.0747354839321357
0.0017492417716343
0.0338388416631928
0.2905743288139993

-1.554703357590199
-0.7348617988671264
-0.9650665038227102
0.2639845227888814
-1.2877869038134293
-0.1311062611484896
0.2298419692523416
0.2572184160058202
-0.2004475285328479
-0.8088387863714841
0.1001371679586137
-0.4083602487105554
-0.4543799988822493
-0.48428182692706
-0.424437351031168
0.3571447560781164
-1.1721414043618112
0.1363020593747946
0.6416506464079715
-0.8983148584797578
-0.1690184763521481
-0.3565049995025419
-0.6763717552008164
-0.7788859237041034
-0.9573512204940562
0.0437517893883037
-1.0370571933915127
-0.2237689333897646
0.24015383565388
-0.3273678912010718
-0.7270220609968874
-0.3489262467803701
-0.8309152298542295
-0.9712977423465456
-1.241917723976227
-0.1900944363329171
-1.671413165583432
0.1865738345302239
2.2002187372970607
-2.9989819091617367

-0.0055312536770046
0.002939370728239
-0.0014334964792907
-0.0006539557591174
0.0030495108823009
-0.0014108348904895
-0.0015725319081019
0.0012870064169717
0.0008355784498439
-0.0025584694195564
0.0026521463064005
-0.0012604807610371
-0.0004652182543098
0.0039343770327691
-0.027242809210934
0.1579571717983106
-0.2634250774189852
-0.1757542644770182
0.46509547862068
0.3972155202676476
-1.4343328452547712
1.5875088148838246
-1.337307285253491
1.4059668022334664
0.149143332195356
0.4818109113873826
0.2481122774730179
0.1338700384514645
-0.0751592002591369
0.2343476839082169
0.3407817305660639
0.1852974581370534
0.4425506237768211
0.4942473243654452
0.6426143219958997
0.0630004786845244
0.966021973322013
-0.1511672156274013
-1.3535274273800642
1.7622383643660091

