-0.7370623998841734
-0.34137643141963
-0.4594372921946705
0.1770471011816523
-0.5744799405561154
-0.0900779034665217
0.1633104883341632
0.0498734106445269
-0.2145438978905252
-0.2220061172658639
-0.0487633215618666
-0.221282745753001
-0.2400530149925834
-0.2790318537028163
-0.1558999804551355
-0.1491086921210142
-0.1180033918486794
0.0556868187576738
-0.0083989763748443
-0.0980090345158742
-0.0816194325724776
-0.0492200915082252
-0.1055698368758645
-0.1092748988671894
-0.1040070774522561
-0.0581331223957382
-0.0041900336753574
0.0378216895474703
-0.2161623272801802
-0.0693322244018792
0.331718195455858
-0.3617608380878237
-0.0401597209450009
-0.2451540976801289
-0.3216209852821252
-0.0322696760094194
-0.6295157665046343
0.242983016945662
1.061294915384798
-1.65154404633657

0.3801557849034628
0.2227092648930972
0.238158058562105
-0.0073875206508307
0.0973613312338737
0.1321315275852023
0.1237883488452374
0.085364206833482
0.1000781093153218
0.1732420945475553
0.2402134775188398
0.3088761625773237
0.4287048853597278
0.50690101295251
0.3234111021451843
0.2712712085849476
0.1917328802010332
0.0330150069234147
0.0221109102696333
0.1173119690723825
0.1719192994215425
0.1719424214657437
0.2382375027556773
0.3177592583086016
0.2861993678804352
0.1358988538698497
0.1937091690284225
0.0455417291111271
-0.0218713550379156
0.0960658439290053
0.1966330739494821
0.170061813152375
0.2220730019211016
0.321941126801934
0.3384878958638113
0.1993802530661839
0.1223384663281091
0.0265011076019905
0.0290224756647449
0.2969515667787097

-1.2870973423655638
-0.6323887238877062
-0.9663546891860024
0.5076223117388552
-1.164583413865863
-0.3527652162185253
0.1669570268787907
0.1853616918074705
-0.3677738926987673
-0.6359845610846608
-0.1543403261655145
-0.5634129678078442
-0.6536657536049224
-0.7623803063982698
-0.4866695061742967
-0.3017904616922129
-0.4676608305498833
0.1709085169741935
-0.0158859927645229
-0.4550287347401547
-0.2681816325846138
-0.3141528912995825
-0.6176784767223679
-0.6978271479915688
-0.8895757639980605
0.1390660173120187
-1.1768115524919442
-0.1485414441121793
0.5106454525395602
-0.3637940426579625
-1.1327754627244824
-0.0514301001788154
-0.9418010665321744
-0.9215817103281776
-1.2003977733372746
-0.1887346276649262
-1.5034172694191077
0.0542403115731424
1.8901479244637744
-2.440813221069081

-0.0055233635261551
0.0029982887925339
-0.0016495819582636
-0.0004323179544798
0.0037591356030829
-0.0016073437126221
-0.0027299244709936
0.0005043436342967
0.0021670538673532
-0.0002519104771803
-0.001374734318308
0.0010745927492084
-0.0005671454872047
0.0004590317811298
-0.0002809587704328
-0.0051769398276009
0.0168548646467193
-0.0002984277106356
-0.0259897048776687
-0.0069143060556327
0.0672784021016456
-0.0873266405624945
0.0822341791893161
-0.108613770508753
0.2678762394264036
-0.3279324837626425
-2.897963303866133
6.264562063087829
5.252984832843269
-23.353901616295857
23.45130168153085
-10.353025267904703
3.304950282179436
-0.184798857482841
0.8641205557112307
-0.0865957136727117
1.0680730241915313
-0.1502521831486502
-1.3793507093592454
1.761109866723121

