-0.4146205498607262
-0.2307379538536338
-0.1802129572815871
-0.217399230398102
-0.1604851410241614
0.07706884319947
0.0895512081407055
-0.0714069229832604
-0.1088454451678615
-0.042144782586756
-0.0037248115333921
-0.0598017994656968
-0.0439187182664724
-0.0393243944061469
-0.0044869352246286
-0.035266551192579
-0.0186111768269617
0.008155897847471
0.0961578612763045
0.0546713051639351
0.0084660817314868
0.1050979679078673
0.1272507757353551
0.1749760859281465
0.1935461730431567
0.0382533786509146
0.1636864924984761
0.0518641652630398
-0.0350385157998606
0.0803317995865623
0.2502844113705509
0.0217279193576871
0.1426437155352594
0.1036567738007598
0.0960191256658534
-0.0710313878857336
0.0895494464017847
0.2949385561181031
0.1223363711084462
-0.8264484053015139

0.1363353994328729
0.1840356605284702
-0.0204452976103588
0.4030680958963704
0.4030764724749872
-0.5200585477803643
-0.3614763668719184
0.6304067237981343
0.4699572798094464
-0.1436058625711097
0.0076173454291776
0.3894254686978163
0.1858289303291792
0.3573102395750062
0.0330826731714199
0.3766009517157334
0.5327881562443049
-1.3439726649228578
0.5975172631615029
0.733047506631719
-0.4079001593330238
0.3737602108689671
0.2775087460845372
0.374689206958607
0.370327225812404
0.0937493927266919
0.3021311583966137
-0.0880360358676112
0.1389161140273231
0.2938174733880747
-0.4622947919979144
0.3537195477566767
-0.003370148904072
0.1351338108784332
0.1354515857582954
0.0245671869575219
0.1971759209506121
-0.0216187175172603
-0.2709933336015309
0.3591118170187901

-1.3290901942561362
-0.7697668089113799
-0.7335859375394551
-0.1834051484712129
-1.5736747426448383
0.4609015174177092
0.8342183236396402
-0.5567495671864732
-0.9020357639299916
-0.1957685952573443
0.0499065707393228
-0.7149126831701283
-0.4068705206334514
-0.6671895544569929
-0.0642124769225676
-0.5687356324139076
-1.4013014333599474
2.618199675878803
-0.513853162822073
-1.598771159073863
0.5923559716316916
-0.4915082676048117
-0.6091318438003863
-0.7222770355045551
-0.8603981285841772
-0.0951118287617843
-0.7136486959427145
-0.0601638426073367
-0.224534345771006
-0.5003232809994046
0.141026689363081
-0.7438468393532282
-0.5577596702590651
-0.8713648254561199
-1.0697216764626625
-0.1792420099607656
-1.4370177594705542
0.1263423284334068
1.9609844100545288
-2.6867786620323857

-0.0056128145931803
0.0030424369609098
-0.001663818632294
-0.0004374101681329
0.0037241700761803
-0.0015901871310607
-0.0026643133029759
0.0005418768217526
0.0020873298187969
-0.0003792656984593
-0.0011631560428295
0.0010044017351118
-0.0006971192640268
0.0010078704307603
-0.0029851634689639
0.0051997260490903
0.0082375752850939
-0.013505139103133
-0.0166750489351591
0.0167425979468978
0.0409891985969095
-0.0905479585362415
0.114614606928597
-0.1879969101937145
0.6148063025822256
-2.933382543351718
6.687452756787125
4.16255112086091
-25.997778292799207
26.3859495670272
-8.203942481521636
-0.7974307871145834
1.8995410380508453
-0.0827790729643076
0.8712600604862809
-0.1284984619934749
1.1620216865242403
-0.2138551295658306
-1.4105900301487349
1.7974961499542863

