-0.3718722586628083
-0.0428136619939053
-0.297784209860816
-0.2523997826701809
-0.164881427154656
-0.0708615333227025
-0.1310829963285708
-0.0675554162039689
0.033465230785612
0.0406798098378363
-0.0351483757822358
-0.071431067908879
-0.0015952943631111
-0.0222159822928497
-0.0133088391328809
0.0018650825643512
0.0608211211083767
-0.1244248264911545
0.10717305968221
0.1216802465881676
-0.0273318297019194
0.0189204431706023
0.1107786213799869
0.0928732752956221
0.1517421074393376
0.1973579665151396
0.2119784427454918
0.0853811314072487
0.027071428142585
0.0193431126107232
0.3575610698961439
-0.0191459665826795
-0.0757408807638244
0.165038917891294
0.0092242279157474
0.0093756366730677
-0.0421222476835539
-0.2145680639189691
0.7742188213632798
-0.9928490133432962

0.1267951296588971
0.0272758560046396
0.2528974217043988
0.286562175461101
0.2940060148346196
-0.0498340134804201
-0.1080808756782998
0.3192027017297832
0.4454780365158031
0.0737574000809496
-0.3919016178945337
0.2413500154693623
0.366529427058518
0.0005692804880617
0.3026495301457896
0.1600537747525995
0.3514155985854062
-0.4029148065804127
0.2971437879317913
0.3948685656405767
-0.1147249738836355
0.0103155582438184
0.3197868451080877
0.1585938089010881
0.3080687126291737
0.3151648425027023
0.378755190690671
-0.1932176686098629
0.7270394369746803
0.3700711137896491
-1.017268375735189
0.07281929789601
0.6661557025068261
-0.3027145674481439
0.1892871259541482
0.0978404416243347
0.136922121262114
0.081017201384502
-0.0458861693088686
0.1925567701004473

-1.31446101211453
-0.0322297455627774
-1.12642143420961
-0.9745036235691816
-0.8204182121968356
0.026550213791102
-0.8124301664773056
-0.2913371171974633
-0.0197715588564135
-0.0663852666638645
0.0209098402998219
-0.5177711037142573
-0.3059532940112818
-0.2178518840967159
-0.47782379424613
-0.292033124200564
-0.5351608896259455
0.4323252671441403
-0.012474148818864
-0.6706086515820097
-0.0575313751497462
-0.0001505480466449
-0.4901905251315504
-0.3798420328029555
-0.6747069210805847
-0.7689333196378862
-1.006330847329833
0.339980251858516
-1.5196987620612223
-0.68284791155631
1.5658077906694676
-0.5677355262407967
-1.2736687136329494
0.1588625850724082
-0.8872208738800573
-0.855256544398812
-1.033984010099525
-0.6159813663712862
0.2552487089526662
-1.3956002961535372

-0.2539063924475834
0.2321832762897692
-0.1011187631295684
0.0408177053736694
-0.0303350181051423
0.0320261891864124
-0.0109097733080551
-0.0098718080528887
-0.0001090929655048
0.0057304718242548
0.0029233432795934
-0.0031936171654718
-0.00063240747037
0.0006718119357723
0.000557566244106
-0.0021960477651541
0.0068938134771002
-0.0092355952971956
-0.0215031171725978
0.0152610274605907
0.0560896318688117
-0.0121937547270184
-0.1575878734647634
0.2665076466196568
-0.3045909573531914
0.4756814858535049
-1.5431850676191303
7.783745370444807
-24.0074761901432
25.78289948568436
-4.290866306390247
-6.9840898810021
2.9775510753691337
1.3372075394779073
-0.5551562482609146
0.898934237102864
0.3920884521726908
0.6935768369528608
-0.9770857566101676
1.4883331295636206

