0.0543755296077121
-0.1449264094434346
0.0435630331809444
-0.0398352019033119
0.0265924360850623
-0.0695152657191169
0.082387418769285
-0.0219992335450604
-0.0581658303135211
0.0824271229917942
0.0456494847310881
-0.0242000942434916
0.075732614352221
0.0617801643001802
0.115299877948342
0.1316039339869066
0.1779580336637178
-0.1836882139056553
0.3771626833404994
0.0212849566397275
-0.039244455683394
0.0916393709637828
0.1972313334755242
0.1278802850353343
0.2700811358277616
0.3108649182859916
0.3914673393900774
-0.1219030700754972
0.8936922474675483
-0.3379612333707805
-0.818826122934851
1.602445472986795
-0.4967754860113898
0.1369517715515718
0.253462407957797
0.1155947815805123
0.1785232017919046
-0.1625768803970148
0.7528346372645518
-0.680266955698527

0.3307470687252165
0.0440419801365681
0.2318687407079031
0.2446416208073657
0.1383045578724188
0.1165439887596452
0.1292556767852859
0.0136911586787408
-0.0335923974147942
0.0492982808351017
0.0897909880993726
0.0880780240066531
0.1309727289543961
0.1714357872753165
0.2400202451623373
0.348555142188209
0.2347597163791111
0.1535651507974129
0.2163253751052567
0.1261357430978175
0.0306685005546732
0.1304687768266797
0.2378479036607734
0.270789768884857
0.3427266187718984
0.4536517859865134
0.3943592898628665
0.1917053903752973
0.2550424736724661
0.1072826328313342
-0.002044635888984
-0.0124780429872092
0.1348726391166669
0.1785382826320942
0.1648090972910711
0.2446905703245267
0.2856979440181075
0.0987865958284837
0.0909253092713024
0.247936109363729

-1.6679943429906408
0.1216102764269236
-1.1656856578007129
-0.8628852720409894
-0.7101415490605482
0.1396686488287954
-1.6486594542719528
0.2660663939899568
1.076760929601526
-0.5151155762265776
-0.8060420357754677
0.1111941552798503
-0.2299919538312907
-0.4432334945573826
-0.4402086597915799
-0.6162162313542574
-0.5057071667070271
-0.0323492548143946
-0.4792449349020256
-0.4187024718563387
0.3782463144873972
-0.4819811322605547
-0.591430788036362
-0.3693294450833659
-0.8641186512663247
-0.9584733408855304
-1.1650277777321465
0.1033332420135483
-1.494203290045452
-0.0402055943976675
0.5190111995772553
-0.7482283751440526
-0.7347964796808191
-0.3304570762080307
-0.9322688081332065
-1.0557212605260096
-1.2203646192747333
-0.6436045776586503
0.0125853861006174
-1.3276998524331587

0.0352841641820688
-0.0388950183091388
0.0090147652327712
0.0100198451004083
-0.0044967753823611
-0.0001654116133459
0.0089379067109922
-0.0018197262034814
-0.0076391321764896
-0.0037625857090542
0.0035096159485316
0.0057595754214706
-0.0002436298942639
-0.0045284658881892
0.0007504835553302
0.0074274947279199
-0.0013771754336506
-0.0005482818255868
0.006775033341307
-0.0040119141056482
-0.0062961152217253
0.0012495327878435
0.0053310566389193
-0.0009467716780454
-0.0030375671640741
0.0050638496609712
0.0075090428026092
-0.0087807876668924
0.0096199863237668
0.0001756692320154
-0.0074601568542637
-0.0020026155810745
0.0053212281141132
0.0022752978153913
-0.0045649276467719
0.0006641245699856
0.0204090629863391
-0.0233765187671485
-0.0201338594449012
0.0344999764044229

