-0.4616512239072517
0.1100321935681167
-0.0924263267540285
-0.1571624677775705
0.0769253234191305
-0.0097690768344316
-0.1375520556124678
-0.0807071893332938
-0.0846223262718678
-0.11580595853315
-0.0949285587961535
-0.0373025740123605
-0.0595126569338966
-0.0249940560026901
-0.0032013677008182
0.0496109237701993
0.0116581587137921
0.0029151999133118
0.08232320786548
0.0910545083202412
0.1334007132471254
0.1292809202828387
-0.0088361408823126
0.1391048028856826
0.0658310220069488
0.0029474374403143
0.0580614164724898
0.1294545167157213
0.1291744325332014
0.1954377689098696
0.2607904433055291
0.2148665363350096
0.0222275611515995
0.3375395659205193
0.0559650801268026
-0.2248321028689936
-0.2228718628592903
0.0898147749314229
0.3939384615383485
-0.7155463834254437

0.986512235451356
-2.314039867049023
0.3232323164402888
2.518309509059353
-0.6091645506312987
-1.068345774443966
0.5816196016129198
0.4448588396964068
0.0850200686828037
0.4055636935329121
0.3680090104298146
0.0221307038898391
0.5364662706399468
0.0621073223642695
-0.3628014066733182
0.1422510163745639
0.4005998407487584
-0.2780819568977405
0.363787738320651
0.2180809310678736
0.3520415052050145
0.3475765654348919
-0.1457224976280874
0.5744513104745157
0.1625762692887066
-0.2565772149531592
0.0730259827424824
0.3651665692823124
-0.0067597191793802
0.1954715752166144
0.0980223486674608
0.1253644623782178
-0.00270687894751
0.1069467194576572
0.0261010987627522
-0.0096807335400026
0.084646516066168
0.0680790746385873
-0.1933156200017418
0.2945417422871293

-2.650222997334877
2.821210427067004
-0.393849593836871
-2.5260323070385167
0.3790069033377451
0.7001939853276272
-0.7283328036665235
-0.662917515814399
-0.4817450675034717
-0.7804753373882539
-0.8329070100477687
-0.0271256319589665
-1.1205886012678865
-0.2012008205956855
0.917590005393647
-0.2936571107567875
-0.8777215570767134
0.708661377280556
-0.6322063302407452
-0.3208482427733055
-0.5912406076896849
-0.626971162546107
0.2692719170702058
-0.9512837950449772
-0.2912399088298621
0.2683758784590468
-0.26916295862156
-0.7217005689951596
-0.2973822379430332
-0.7620433408752155
-0.7813804046975815
-0.9268521284914504
-0.0547347016742241
-0.7559909100691654
-0.0746587576438584
0.025410908848636
-0.7679232017613774
-0.51657695066908
1.5584865938628756
-2.3154769107075364

0.00186447252855
-0.0030953191306684
-7.84829583419308e-05
0.0015475380876959
0.0011494000348795
-0.0010685095120292
-0.0012808656852145
0.0016220399929165
-0.0007716674194926
0.0002188426503227
9.38613480639736e-05
-0.0008386904708339
0.0019219585204502
0.0013474124613558
-0.0045133484349005
-0.0011716734271102
0.0054428287916698
0.0003556841645751
-0.008223957892318
0.0146974543583653
-0.0333897160722901
0.1368322869447032
-0.5762546897015055
0.7251033555426178
0.8277446870768352
-1.3084878596177831
-1.8829012409335868
4.874940382228235
-4.677801520296691
3.083885656587221
-0.4225656649511299
1.0627462182542713
-0.480654381346998
0.9977464345417922
-0.0093539193932946
-0.2383779975700503
0.3891343182999573
0.4007727242634755
-0.8977492265052377
1.339386358656519

