0.3922346743194453
-1.120858039593958
0.5698363563926397
0.3681012587282533
-0.1675921129343879
-0.2040921419645021
0.093140921571147
0.058617449912279
-0.0043704059760389
0.0625829713459526
0.0688998295321541
0.0308529854349118
0.0188156234951874
0.0756800197454057
-0.0122899545691921
0.0619944097674698
0.0479819529905625
0.0976172435630436
0.1483464586599336
0.2050562506773552
0.2603910960502311
0.25368251269742
-0.0607018612614575
0.3873117793920336
-0.0084712655777178
-0.0659045095461231
0.1982675181965525
0.2090945554968971
0.1604091675933155
0.3339390925911166
0.3635935595367
0.480180794700226
-0.0994903783604525
0.7175868649131635
0.114409750440553
-0.3777208367506537
-0.2479158548571708
0.1709074412900333
0.3564352354812994
-0.3436329291249707

0.3538914647140871
0.0518137722231118
-0.026156159275799
-0.009369104471853
0.0347064502080587
0.1004557400328148
0.126449258294211
0.0904645531765296
0.1407654127453365
0.2203306778518579
0.2358171105929563
0.1029137641581362
0.1508953354845225
0.0907763945924582
-0.0257725972218717
0.077140126645595
0.2021014026682774
0.2161508880754984
0.2492659726669132
0.3824628997900303
0.4570911631565431
0.3414919666071592
0.1821705150104295
0.2300409286356316
0.1150168942531525
0.0675647894925844
0.1250211780097384
0.1964362939855451
0.2185805538807581
0.254759142634891
0.3160321502793584
0.2637004894339386
0.0798068840720417
0.1521621204198091
0.113085281366738
0.0479629611742558
0.0062635816729589
-0.0196450246177348
0.0183743533798105
0.3815711532897137

-2.638634857290233
1.091331902973141
0.2026964192267302
-0.2230255503584685
-0.449375013939246
-0.4224943308757163
-0.1802872957346083
-0.3008999864708127
-0.5770501894132019
-0.5554317299486865
-0.7675886379565632
0.0448431500137602
-0.8600445212380717
-0.6937601156855181
1.378200744506189
-0.4108083903869581
-1.1064739984573737
0.2589048275432206
-0.5799838940645752
-0.6604824478542605
-0.7960415808148483
-0.8141234125732653
0.2194965344050132
-1.2152819514479014
-0.035874536009254
0.199293969836477
-0.5346509336781404
-0.6775308613470186
-0.4435883934002956
-0.9658212408338762
-1.0789938697848174
-1.2497766651156028
-0.028640132847374
-1.1692872023909628
-0.0984013427797307
0.2054798759722505
-0.7860888669789392
-0.6635411416881931
1.6457557520154462
-2.5151098297974834

0.0439361000574423
-0.0136654107729882
-0.0251804208842726
-0.0148090473052415
0.003503671877571
0.0149222507699932
0.0087581328699636
-0.0065722513944219
-0.0046050639501292
0.0021518315691933
0.0037846461848807
-0.007585230015606
0.0068889146929037
0.0041954916140814
-0.0059045483326668
-0.0042476366339363
0.0033571700575089
0.0035326627542388
-0.0030408152710857
-0.0005481299397029
0.0023057752954164
2.4980777849264093e-05
-0.0033694199124821
0.0078736523746292
-0.002693865311424
-0.0055047051553145
0.0012260047594965
0.0043424778490863
-0.0013543660902586
-0.0021612387203546
0.0020169632314549
0.0031501172346365
-0.0179506332380919
0.0135702326741134
0.0161405207507724
0.0063591412035293
-0.0058281953230572
-0.0216449618152209
-0.0272648026606842
0.0456569177726567

