-0.3196518371618662
0.0109182638615848
-0.1983024912650229
-0.1868938391158077
0.0419040065730673
0.1051041760275995
0.0098071823949599
-0.0993617488113989
-0.0605000555809779
0.0090919808628483
-0.027181259997105
-0.0184872792977844
0.0054820372820233
0.0052306474233163
-0.0250216340036066
0.0108217495384451
0.0019920809270158
0.0112992500219438
0.0904593559899619
0.0791825224553337
0.0368360401304683
0.0984612270598256
0.1641887393275191
0.2048225502972801
0.2528121354763934
0.1087417372202183
0.1382682006005453
0.0946746509936072
0.0128313006057596
0.07884773327107
0.2186628687562949
0.1062306201445019
0.141408803743873
0.1851140125111352
0.1770661792644221
0.0533943403927687
0.0746519390589512
0.20587398794756
0.0573982915818649
-0.5114270259541517

0.1859834763096443
0.1487844718848133
-1.0635651459516131
2.057830080843012
-0.1927313228210377
-0.960241354084612
-0.0676566227672606
0.8972022279129885
0.1169549801627257
-0.0612493535408286
0.4125575095743775
0.2451049610202502
0.4284780717483672
-0.1015166729699427
0.2059509953627457
1.1619530211872733
-0.0860770503472866
-2.258949051659608
0.8108317980519366
1.480446771566909
-0.6923427886240998
0.1136470773198748
0.3868506692718093
0.2397433251358754
0.3556763153625606
0.1504638680724643
0.0989787845486423
0.0461942104381411
0.2752466919892933
0.2055325220600308
-0.6670126910031617
0.5193685764033318
-0.0709960021330176
0.1282588041534466
0.1262357854403533
0.0869608072259754
0.0755275554790305
0.1550455134310871
-0.3240032252559156
0.3547071983719275

-1.6165475141526282
0.1379735445039249
-0.929123591610725
-0.7948600468542399
-0.4007442744523813
0.8711571016459569
0.0059881694747829
-1.1581222816398786
-0.3099425675952783
-0.1142342646871105
-0.7550691439552322
-0.5492081294772805
-0.8021424549320996
0.0746947181827269
-0.0602167569995377
-2.3540607789758297
-0.4079332116002219
4.456650892606909
-0.6648775145739814
-3.000915709199741
0.8032838901531805
0.1953098951898436
-0.8775408019963384
-0.4610427930107035
-0.8188859368224558
-0.3230630830442337
-0.191110465776277
-0.3794748203316337
-0.471544363047124
-0.2696398993708696
0.5113521241395869
-1.0134638963913267
-0.3274885151131705
-0.8061300358303534
-0.9883506572386764
-0.6511225658683851
-0.5725629045362328
-1.0980530427324724
2.3355542389199013
-2.7146053035404343

5.00404528640613e-05
-0.0002544143074239
0.0003985396742366
0.0008589309313697
-0.0017089905103424
-0.0004506263665453
0.0015889550730198
0.0004342488304237
-0.0016627393103339
0.0009692987014915
-0.0001449896882246
-0.0003430443156094
0.0013653779184769
-0.0061199007453548
0.0119211849291787
0.0115226420401035
-0.0129703367396933
-0.0274034455021156
-0.0082548897827319
0.0456550706117661
0.0491377904557793
-0.1642537538568814
0.2103640962842475
-0.2813585811870226
0.6812379436543927
-2.7039494762718865
6.445269015116307
3.972081354439246
-27.06487552225073
27.256615746798182
-6.156596383265456
-3.8389451502479184
3.436233954291966
-0.6172106877255759
0.9595916406704736
0.1620027905523378
0.5735062017762836
0.5260717195505061
-1.4608782147078103
1.635712157779782

