-0.7408654367471964
-0.4106630857703759
-0.308022714015175
-0.1462352549122551
-0.2482377900030284
-0.009427103240744
0.0291227905834212
-0.0635957617079128
-0.1718837003876748
-0.1522335945533759
-0.1264422620159898
-0.2348270663676085
-0.2621503426489989
-0.2824940310824594
-0.0631604981716346
-0.2802020895112048
-0.0211812697060111
0.0814630741352132
0.0178294890725925
-0.0660503169742398
-0.1118895609903256
-0.0391666287587052
-0.0186752570425272
-0.1057286224748146
-0.0791679897310624
-0.1274672497889171
-0.0002547382600568
-0.0260759548765628
-0.284877017785387
0.0132116360647561
0.4170874797717592
-0.2853133509790861
-0.1949543794158981
-0.0384981639489502
-0.3052840830850802
-0.2986177043510283
-0.392230538768544
-0.0340367954268494
0.4323554428268691
-1.1264638438533507

0.3871967518175809
0.2476776391392577
0.1972051654999151
0.0080153688060945
0.0875381619674257
0.1209904598570746
0.1284192856869313
0.0966815744109161
0.1139341509541076
0.1901200936522317
0.2653440163032343
0.3473317586504662
0.4731897773588466
0.490867772044223
0.2148568680780754
0.3246526757515898
0.1657930350645563
-0.0062583607961134
-0.0220624869702966
0.057504023406494
0.122469104535729
0.1441621601778881
0.149299241217905
0.2073125734235589
0.283808010324772
0.2896455700578239
0.167506219737709
0.1350465441218596
0.0409575477973415
0.0484565330089313
0.1275160313751377
0.1371597811841982
0.145843158149421
0.2049343728798987
0.2866182617772502
0.3310077809140415
0.2806750167833903
0.0511892651962265
0.0758051984857849
0.3151324114133427

-1.290939108006799
-0.7714229383726897
-0.6324230724489835
-0.1668093674521685
-0.5339858550417156
-0.1578447482570305
-0.0580518548086815
-0.0981487780229332
-0.3237779288662336
-0.4380333663414919
-0.344632374469975
-0.6063309764280882
-0.7084676412340952
-0.7790308586545578
-0.2031700726464891
-0.7063078977517567
-0.1015355296529332
0.2294083863821815
0.0001757445562677
-0.3261558697157841
-0.3147059733221846
-0.1793206656012051
-0.3290522339542682
-0.5646976458810616
-0.6816556052729943
-0.8505694913186698
-0.3142436468663708
-0.5795296817246337
-0.2048201579162648
0.1006618473624067
-0.6045863219122956
-0.4563242648912105
-0.3647874088887106
-0.7019347820276762
-0.9041853525913456
-1.0398825373136638
-0.901436395214514
-0.2961686794075252
0.2158809266812776
-1.376868889729258

-0.0009580129626264
0.0004149189430605
3.1058330867781415e-05
-0.0015165504816103
0.0032369393494845
-0.0014691036758566
-0.0016150786088364
0.0009726829455538
0.0010915353538447
-0.0011180263789435
0.0002648547179062
0.0001819452768246
-0.000454463252514
0.0014118207569105
-0.0061547825764244
0.0119345511410332
0.0115485225429373
-0.0129730501039376
-0.0274317350567563
-0.0082761311145472
0.0456831949615337
0.0491926046509006
-0.164358284809647
0.2104572046072936
-0.2814385087468301
0.6813264910589608
-2.703637058417758
6.442146060037701
3.975768762436014
-27.06011502938633
27.25071348636441
-6.167081816438212
-3.8150149751239866
3.41250650274534
-0.5956833538993426
0.926036738188156
0.249426343226614
0.582906920541763
-0.7854098768192648
1.2335156865745582

