-0.4614160545535753
-0.0538507156410763
-0.230076725948562
-0.2722390320943061
0.0739974690309827
0.09619987326451
-0.0941623356378867
-0.1627684763205445
-0.0266690168414306
-0.1037240429633929
-0.0977664865268043
-0.0731404157481331
-0.0248736070814705
-0.0613994364284722
-0.0221684825898425
0.0504639207192115
0.0283376248985465
-0.0031228756393849
0.0648421592747252
0.0834645928896911
0.1170463648730593
0.1634936581267418
0.0621145578402633
0.0668987731168046
0.1127883953254556
0.0237089573613268
-0.0069109027640547
0.047647891974594
0.0928672396685302
0.1067896301528158
0.1625458634807399
0.1325530065288445
0.1617425686662828
0.1298683581070927
0.0200879660868918
0.0244951782197831
0.0858327944627659
0.1843028920182289
0.0636493890234164
-0.7174324891053946

0.1425127139935684
0.2359840358666133
-0.8061678786108762
1.5394377188490442
-0.2535505872956693
-0.5864130350850878
0.3092972995376636
0.5302867591961772
-0.0412672876505863
0.3991324731157525
0.3229309252059602
0.3598859806885724
0.0517717724447241
0.4425120729626851
-0.1723119740339199
-0.0019645008393358
0.2880492301723408
-0.3122763892668109
0.4394341202991564
0.1238468734593751
0.3391215669350482
0.3950814609518025
0.1406117543494603
0.0868731205386078
0.6787613938155747
-0.1511697864506512
-0.4296369257971978
0.1676205124418239
0.4134392829874859
0.0441189315536034
-0.1878002357934983
0.2235011739140965
0.0491819780643094
0.167292772162905
-0.0391142376341509
0.1794994542510489
0.1703918592175787
-0.177291355723291
-0.2471507115207883
0.4115119078694346

-1.4415681701474594
-0.4075162484812759
0.1622364949332996
-2.209163411098796
0.5358545110883947
0.7120107188058061
-0.788275524324062
-0.8166029193336509
-0.1209757857584128
-0.8101873457097889
-0.7133399635773874
-0.7396515226270914
-0.0792310810532788
-1.0407976767751674
0.5534578391408006
0.022157518385378
-0.6926095308493158
0.7567816839259177
-0.7466328941063924
-0.184610062576999
-0.5697375591905195
-0.6977049854356656
-0.3142871722548016
-0.0519314758870214
-1.097241232289386
0.1225496383124669
0.5480754716498031
-0.3491125806308896
-0.8425314219330045
-0.2320202429719273
-0.1009009970230505
-0.8455604296697544
-0.6780635823522984
-1.118977289597704
0.1500440161712621
-1.1827272329107048
-1.2875967259432204
1.2225487166118034
1.8369716209083704
-3.088451379507892

-0.0002923339639052
0.0004313310720084
-0.0011276415172545
0.0019613651364721
-0.0012190884170048
-0.0006459042338682
0.0012356217356218
-0.0004833169316429
-0.0001319181047624
0.0002934597587044
-0.0004282882184438
0.0010626055082068
-0.0018984354920874
-0.0037346770923485
0.0060569256170324
0.0106630533007718
-0.0092582668593719
-0.0307695743917117
0.064093847780938
-0.0718009240348105
0.0902654745426227
-0.2162085148432171
0.7703850736924825
-1.0363955627590324
-3.003139019935959
1.7704897147641514
7.19628202184945
2.514658101399201
-24.4595947876706
25.22202485435899
-10.726105587323548
3.2414501710940486
-0.1868691952311736
0.8835602805120274
-0.2474642947849069
0.8229967162761123
0.8023020209915085
-0.8225947044867381
-1.2095730163139229
1.9537600160342

