-0.7939449578551706
-0.1057285205141155
-0.4925418094807803
-0.1080515257293278
0.0964323524918689
-0.0545292974214533
-0.2546578221752225
-0.1442713415304468
-0.1593289326945345
-0.2907182329760174
-0.3081021391049682
-0.3367558525685358
0.0117657326879816
-0.4068275134472512
-0.0801165990627417
0.1929045732884569
-0.0020034037751564
-0.2713412624737156
0.0042084678488222
-0.134478979634383
-0.1369229606841551
-0.1524111002088449
-0.0368957865363691
-0.1208986314818623
-0.0741611965116621
0.0729631196583702
0.0731644107330066
-0.0614940191093741
-0.1631006772927239
-0.0003368494953377
0.0696791961411421
-0.1976016740080098
-0.1185181741418796
-0.3138804528112117
0.1042971989752817
-0.4393579827352133
-0.4327616221788567
0.5529689516568759
0.7915971177493131
-1.5959803845584049

0.4035921986323321
0.1220298435428862
0.1833632617295512
-7.12655975702642e-05
0.0594853629778106
0.1448574557426297
0.1849040294860541
0.1599712218469549
0.2505090106703503
0.3801751063154911
0.4835008138345104
0.5003755088515811
0.1250122431424014
0.3630860735864273
0.2152837834325262
0.0214960530013674
0.0167881228789998
0.1986054449059444
0.2311845434611295
0.2218597736251592
0.318387862846389
0.3432066960188801
0.1353857339065183
0.1638373363222032
0.1609948965648103
0.0462499294005607
0.0172208958148171
-0.005945405735378
0.0683067766621782
0.1922471273702319
0.1778345428814202
0.2139896961837024
0.3170021611641991
0.3241250242535843
0.1258500653795501
0.2616646126443167
0.0973782608226724
-0.1354344870702533
-0.0732010422748814
0.4577006452677104

-1.3929723073341571
-0.1955638050191838
-0.8652520962469854
-0.2812607345340615
0.1292117458967215
-0.1673220592787663
-0.5886963248453948
-0.288552319843451
-0.4517235731255034
-0.7220269945756967
-0.7914823027206812
-0.913261810811672
0.1095291309731266
-1.1327303368131798
-0.3309955978173385
0.6913092263123095
-0.1019590862212028
-0.8924165968143327
0.0307691259784075
-0.5773345381930709
-0.5913290347401804
-0.7526653480389235
-0.3228427877475184
-0.1826783149658535
-0.6575410497280654
0.0545857915477318
0.0061642618447298
-0.1639456472848135
-0.4291586356720397
-0.4185733291737319
-0.5060339423770986
-0.8048355249907743
-0.8993198885641067
-1.224075770547007
0.1020886308864879
-1.3119279850202008
-1.2624320759567704
1.2558521238068705
1.7371517038928528
-2.8946635331549784

-0.0002835751763874
0.0004302117464865
-0.001142159069289
0.001961779210227
-0.0011896940726654
-0.0006261096562443
0.0011891795508442
-0.0005503196653726
6.876060157282889e-05
1.132646119742492e-05
4.378363660117116e-05
-0.0002673105554708
0.0011434560462264
-0.0006124442421437
-0.0039740538169771
0.0015536850119421
0.0076648118160561
-0.0040866750719877
-0.0108493286552281
0.0230279649692814
-0.0392345501158105
0.114818424955136
-0.595600139513203
2.048752637222489
-0.4008033732217433
-3.3492262389073253
-1.6700320827322614
4.936674613835735
7.55874063642399
-18.167432434714424
14.019761537940775
-5.126675895765838
2.255881268330549
-0.1065884299673273
0.570655923985986
0.1874240932215173
0.8248922950183796
-0.6402583102317044
-1.1385644100389123
1.857357083551408

