-0.0470948895241166
-0.057862870696474
-0.0183332284479097
0.0026751027585608
-0.0589104777599673
0.0117252125103126
0.0756954671181032
-0.023265147293935
-0.0103496316453031
0.0620290799615833
0.0400380723687877
0.0777556216462416
0.1125789507942117
0.0262651244704233
0.080742527758857
0.1805631285244465
-0.2333773058375379
-0.0961456289599505
0.412171226206601
0.0401158476024606
-0.0216819491104387
0.190164137171071
0.2085344003498532
0.2578958876030435
0.3575520489372454
0.0450344703686177
0.0795983310618344
0.5841892835970941
0.1869631638889195
-0.7227040600717695
-0.4833318447913312
1.855688066413268
-0.6943693854641318
0.0978363058611787
0.3031514867068324
0.0819292542269975
0.1840373305443782
-0.1619533381885209
0.6546423107222592
-0.5834898581510707

0.3521650220983443
0.1823249873871132
0.2493444815303346
0.1025923563809924
0.113977460938351
0.0711573286497069
0.0448497947944563
0.0403693184540528
0.0798110056911565
0.142892377195515
0.1659443405002832
0.2294650254414105
0.2861435208585702
0.1503105155891881
0.0435758578073439
0.0701834707558001
0.106572680543814
0.127270615240342
0.1349683735717251
0.1354746189177928
0.1353105219105445
0.2322816012747738
0.3293314257517235
0.4287272147175498
0.4383500832804745
0.2083468220799271
0.2207959899839411
0.17733498821855
0.0834756426190673
0.0166513097643257
0.0110458926753259
0.0325285537010536
0.12617669443065
0.1596796696250302
0.1658536205843689
0.2332183707243123
0.2719489176626598
0.076783930861584
0.0824807055411962
0.2869246901331264

-1.571924895575466
-0.7086274369090222
-1.2090348119973569
0.0308503273976751
-1.160455492899473
-0.0914871367610831
0.1996311929061818
-0.1938518833014834
-0.4621679282552532
-0.3315144850297417
-0.4345939859854774
-0.6063085492635277
-0.614431991182756
-0.4471112486993476
0.1122320997542487
-0.3378629514107856
-0.4623799296033117
0.1023059149326403
0.2042052293548386
-0.6202597575269144
-0.2797516560424389
-0.3640950843698262
-0.7046600619245559
-0.8210727733309251
-1.0739106568432548
-0.2139722493907373
-0.5951289134265497
-0.764367158932936
-0.0068543727557438
0.3020124219365941
-0.2012406867997346
-0.8129435696286239
-0.4352727632326409
-0.3848009429806484
-0.9145108995835998
-1.001635737200253
-1.126031784030799
-0.760029581781124
0.5941377181673887
-1.909049740740348

-0.0088345262468864
0.0046962677599345
-0.0021396487136174
0.0015533381365458
-0.0006176986175331
-0.0005729095063301
0.0005805688242025
0.0011298099200792
-0.0034277834366832
0.0041637942720352
-0.003411675502827
0.0029798610091626
-0.0039264258951027
-0.0145613448088829
0.1917795986578483
-0.2768999017519997
-0.3029801631202234
0.2512275077640717
0.7144363815023256
-0.0757403701654885
-1.8127757534189
2.506659608775826
-2.104383993415732
1.7924395458781848
-0.0487576363252805
0.741977997367815
-0.2517786596580622
0.5750859653046275
0.0366249268658027
-0.13636816263235
0.1236755781641391
0.3141699250593667
0.2059601995151967
0.2293964799438262
0.4020532490048721
0.5085984063339007
0.5009162465313289
0.5315447182311607
-0.6993286625830717
1.2811091873147338

