-0.7872449782618561
-0.4170695725369496
0.3003446739187252
0.4419312784176785
-0.226282397653963
-0.4709647730202224
-0.1293470477976604
0.048779509417092
-0.3383545461933194
-0.2431143705121272
-0.3434772643170387
-0.2033922115242971
-0.082717834355783
-0.3027857984471561
-0.016013018418808
0.119338355562154
-0.0498838623050149
-0.210209991268642
-0.0254463896181479
-0.1476353731529291
-0.1437008371295932
-0.1395189834121016
-0.0282917015750173
-0.1304630632225505
0.0089343576589748
0.0362079543477224
-0.0464253872463408
-0.0795931411610596
-0.0314593166849275
-0.0702317859552261
-0.0838299613982382
-0.1407367236006323
-0.1683023815413931
0.2253074076291968
-0.1132293534937813
-0.3555006008349208
-0.3379216217350883
0.1351204963619356
0.6883839778346019
-1.2793044444607848

0.400469361223997
0.1186095131252188
-0.0930481072558682
-0.1630624283751191
0.1005001814749585
0.2605149091559506
0.2130509155168778
0.121074802254626
0.2830260595195396
0.4052791486723583
0.4941839884367875
0.3256542485492547
0.18918414804492
0.2826262086385463
0.1474479257885487
0.0480895817979087
0.0735192230736026
0.2038617630543688
0.2249815181049199
0.2608310594602653
0.3366148797163274
0.3080305049027046
0.1063403437621334
0.1941364036594599
0.094898775224121
0.0208297536439305
0.0763531109934261
0.1203850476303813
0.1560603794144771
0.2232657667872883
0.3116106725193454
0.3627401283238576
0.1405348615076763
0.1710240810794917
0.1840738982472311
0.0828578293007912
-5.113455806956111e-05
-0.0497393967483171
-0.0038128889506251
0.4516983099411573

-1.3503896809740767
-0.1494932014778976
-0.1696413906381178
0.7223476835828884
-0.3540585982415474
-0.8423322038251049
-0.3016712633425615
-0.0683299865121224
-0.7377116203386975
-0.6565534543300751
-0.8564073406904678
-0.6111589289503313
-0.004134521823496
-0.9878681802016434
-0.1357028924841066
0.4943816673498044
-0.2285490727609936
-0.7084934081268927
-0.0861825195814302
-0.6198782343656015
-0.6082097833539789
-0.7575158696961227
0.0303351902463402
-0.7759418078735171
-0.1906775722446637
0.1949539609275184
-0.3866589828808567
-0.5083170249881159
-0.374525486016031
-0.7531361044658672
-0.9841486509280596
-1.144626867921251
-0.5460365315643934
-0.2979938788551148
-0.665803566685586
-0.1908662797540428
-0.3652353659888095
-0.1035439600054287
1.061988291551565
-2.0949286908804114

0.0009898963705869
-0.0024415640948556
0.0013632289679265
0.0006022696646109
1.2313664330883538e-05
-0.0005452253875317
-0.0005020329673577
0.0009541943431816
-0.000580042496255
0.000280104165788
-0.0002735488499035
0.0008325796857651
-0.0029802889961014
0.0043236616350913
-0.0006436112144477
-0.0021469690162712
-0.0003724374242959
0.0017890000241672
0.0003989181226569
-0.0031468648393947
0.007542994263001
-0.0285605346765788
0.1540860618597835
-0.4057854933474815
-0.0043721505903206
0.7084363502222328
0.0932737246496612
-1.7549757387927931
2.3148004037928303
-1.9294386902049103
1.66907440709042
0.1013792622192117
0.7442259236998627
-0.3716310672288502
0.4785324195675001
0.2475108081608709
0.303396087175213
0.0233485071844769
-0.8890260546284802
1.4624715235346444

