0.4875311834483635
-0.7418442334260452
0.373174968390262
0.2059874709475421
-0.072538290939745
-0.0599916010702155
0.0799324885647742
0.0779866554301825
0.0701489827946551
0.1263230631667066
0.1541828980180621
0.1197287929450294
0.0138895437786747
0.1667250985673119
-0.0099276203529865
0.029855432157778
0.0906321836569523
0.1420186444376368
0.1660334175999438
0.2550922657451335
0.3245769978226556
0.3780783996705048
0.0077749730979766
0.3836430323239328
0.0875363228701294
-0.0656530982993973
0.1597173808940835
0.27448262919141
0.1948724390204841
0.3583169657561601
0.4525549238740419
0.5852190948690796
0.1516958918042198
0.407656414793781
0.3058527881987688
-0.143315342497221
-0.1589726140402312
0.0769916639909714
0.1513213002700443
0.0321478329073816

0.3568804035511421
0.0427500666353148
-0.0165731115917265
-0.0035830744029937
0.0292432646140529
0.0916562166002069
0.1192604914270046
0.0723505089011722
0.1106048439165263
0.1898391272020585
0.2120192813446991
0.1280291896746699
0.1366398465315191
0.096022386535919
-0.0648020998776962
0.0513254936118203
0.1922405145848924
0.1732576846047985
0.1712722826972357
0.2963985763832386
0.3618301010192557
0.3648994419430075
0.1360279812758608
0.2336631019876751
0.130629004116509
0.0462741964425124
0.0817698497895425
0.160188589354466
0.1883686881067487
0.2006849768232599
0.271977661459315
0.2809858331439863
0.1107029921066162
0.139809513341105
0.1450115470686753
0.0632339076478072
-0.0085604626455646
-0.0487734794750493
0.0040896800449782
0.4024596177493922

-1.9902347138123757
0.404214753619497
-0.0955045412715654
0.0406968235763212
-0.1390890595247158
-0.4721977430287374
-0.4016153782799433
-0.0528304835087142
-0.5590442198386559
-0.4772521328471157
-0.6607381942922147
-0.2505551805462249
-0.312832307042096
-1.151368534917543
1.4447794017712206
-0.1669116368247646
-1.1562992447213316
0.2585511802897838
-0.3435013481973282
-0.5790060887614177
-0.6093646197169552
-0.827105788414841
0.0784071430139861
-0.910432230561024
-0.2267170631211654
0.220107060714837
-0.3455231477394939
-0.6540799277492007
-0.3363608100405753
-0.765877197155712
-0.9481086639169288
-1.1119498937594847
-0.5915007649757951
-0.1672934910251996
-0.6379571781384469
-0.2753000363401275
-0.5881805760890783
-0.141627347981052
1.523509094295684
-2.6237330279379103

0.0010621696205718
-0.0023215765669218
0.0011965419400884
0.0002948073784342
-1.148955281605256e-05
1.7613382776878084e-05
-8.510572898030184e-05
-0.00069435322744
0.0012376570616706
-0.001372903864381
0.0019278175802573
-0.0012778086521599
-0.0294652177436368
0.0935547914418418
0.0151359776120234
-0.169818508837627
-0.063904883191902
0.4766244774779873
-0.6256840816847958
0.6132081205245873
-0.8592875338931166
2.429281449496077
-8.296121211468835
13.707921103811934
-6.336899178892583
-2.8388353382304503
2.577045456274362
1.505659102614617
-1.280501645472904
1.028553118768608
0.3378497186127726
0.6530124342540737
0.2630709638055982
0.1509058763441766
0.3079947467030775
0.1021786941494818
0.3163652455649883
0.1003493293380755
-0.8688096105742743
1.4277043878059403

