-0.8000771476069666
-0.0742275375126274
-0.5035824609646938
-0.1423434025703624
0.1016381719621606
0.0536677115154027
-0.1489109140438963
-0.194264644017476
-0.1163369307713188
-0.0874494695217451
-0.246992377760495
-0.2384993063003523
-0.3124754561517394
-0.1511354680503883
-0.1705876132427842
-0.2473354870304924
0.2044794949406053
0.0082418112922703
-0.1901030481886904
-0.05474085132333
-0.053595290754309
-0.1237623222761198
-0.1141249648815467
-0.1187076704922983
-0.0120163685121058
-0.138903164986882
0.0363433811849172
0.0478868388807527
-0.1268361876052109
-0.0634784003726084
0.0764263344708339
-0.1868136577490159
-0.1373440179560841
-0.3067515341129894
0.0161762673693902
-0.3335519660471104
-0.4927201064102069
0.5181449610796462
0.8204028956158838
-1.594773393636186

0.4031642313145413
0.1193441923054608
0.1725031613408452
-0.0328656776704224
0.0301290537161454
0.1318939112606093
0.1749712729809224
0.1104302047570639
0.1159543166500186
0.2278645374440822
0.3212356874952391
0.4082762291806878
0.5259971545030839
0.3036842446800452
0.2717645735852206
0.3151606996988442
-0.0071790407882369
-0.0402209409728605
0.1442573618170375
0.2270985499859175
0.1488628514894889
0.2486874019087054
0.3150968653562007
0.3039713700510968
0.0904867633552088
0.2276057757848423
0.1170818227179546
-0.0428279146366435
0.0148062019354064
0.2000859738933915
0.2033459217612755
0.2051449758663957
0.3279104748649666
0.3476880352467533
0.1521793298851994
0.2574072431290476
0.1063993769399922
-0.1337789539520591
-0.075086906977705
0.4604546570732044

-1.404813473506367
-0.1357830910682285
-0.890368541696722
-0.2797362353766597
0.1582903964912475
-0.0240424834797442
-0.4440343748676482
-0.3052303016207024
-0.217051621085373
-0.3775831415107539
-0.5617117222554184
-0.6563580806923548
-0.8248388891337581
-0.4480942279923673
-0.3709333938613323
-0.7982747349500898
0.586721863781749
0.0141741451427449
-0.6260933574802884
-0.2487783247702087
-0.2624099631235572
-0.6102492806212532
-0.6594716450933361
-0.8352202794856662
0.0470941874858924
-0.8606944072089356
-0.3144470923024466
0.3074753791782261
-0.2955287454478753
-0.7039484577118393
-0.4289311885719301
-0.8002286912883371
-0.9612808315180164
-1.2227099950143534
-0.1964873943779133
-0.9439874671047794
-1.4325504813758276
1.1371458417456008
1.7596772292692595
-2.8503244642168712

-0.0002378784005498
0.0004807698162518
-0.0015458524259699
0.0025668559313034
-0.0006750071340758
-0.0016686265311881
0.0004009624307157
0.0011869533565512
-0.0004715902563414
-0.0002554376022912
9.868947730322672e-05
0.000233260378787
-0.0007474290822958
0.0025658548754289
-0.0057286866411665
-0.0004098424174615
0.0044706645848359
0.0097111257665684
-0.005566162999224
-0.0303564134221646
0.0584017981942699
-0.0705166268878272
0.1115286114387451
-0.3373267279145885
1.2425748697093102
-1.4665793523734758
-3.0513287484577543
3.484563849715882
8.200783692340927
-17.230250806568172
13.25917313652374
-4.811801835108205
2.1124118548372754
0.0520744270539979
0.560465377518659
0.0631710802572154
0.9835874228347788
-0.6016079080383194
-1.195703569965753
1.852486963488804

