0.5275830530672302
-1.262837001312491
0.7036243576973129
0.1942175060281057
-0.3224390142723457
0.1378255213131164
-0.0171050227613724
0.0400588131336158
0.0288075719259339
-0.0152944531315086
0.0706500731625693
-0.0231830609571072
0.0395401820841012
0.0570803220409139
0.0397175429617622
0.0894521545389427
0.1351384759325228
0.1807292039213691
0.249511181774645
-0.0340260055771406
0.3117135244073921
0.0318904003402984
-0.0805764089308788
0.161137899485913
0.1825343605538855
0.1257176878442693
0.2604779106735477
0.3478079431657475
0.3577210114660676
0.476920684188337
-1.242033711789374
2.097108274653256
0.1605683469625556
-0.905484091811605
-0.292582675279959
0.4971745252103177
0.2719489215877413
-0.3057416260417376
0.1628368488271053
-0.1122143803526125

0.4146472818086317
-0.001313038915116
-0.0789749201189902
0.0583652840430928
0.1690918053084601
0.1381179455656722
0.1845233255749936
0.232689918672392
0.1331369731957907
0.1097875304832396
0.1079718101782149
0.0019847552080137
0.072279003100929
0.1145758019189941
0.0928015953112848
0.2142155696436292
0.299066927630215
0.4113432670323278
0.4100887297780031
0.1853575804675289
0.2005057274415784
0.1182620123311384
0.0844612096306881
0.1431477527096769
0.1967722113465387
0.2326732236589818
0.2944053968748347
0.3882949070399538
0.3886016292970662
0.1865779741860769
0.2707726118795089
0.0269658604438233
-0.0516037355814238
0.013102865297248
0.081813168323555
0.1075937496096098
0.103573381424576
0.1644095811616184
0.0851403814748689
0.3727783734725912

-3.584262544915825
2.097961350092143
0.662885909841469
-1.3276007305931172
-0.4974939132669747
-0.2655403808072649
-0.8039729341177075
-0.7345858233008608
-0.4784499866542741
-0.2406402654513506
-0.8953540617816447
0.7218339280003016
-0.2001132611863956
-0.694332575849125
0.206053992698252
-0.5342867248431351
-0.4818636764866046
-0.6718635279117733
-0.737400186149722
-0.1062067812872844
-0.6099811400842455
-0.2272048605714405
0.0538588479511805
-0.3722454049369484
-0.5542839581683633
-0.4156423088266671
-0.8016989568629406
-0.9919857770049926
-1.2007101979756345
-0.5115988030937496
-0.3200185514117866
-1.1342666267579768
0.2474464177856215
0.2660798908935349
-0.5929250411650211
-0.6919549557069076
0.1732035027558423
-1.2362971304275947
-0.1567410626145112
-1.67506038578093

0.0479422863678222
-0.0159632676393952
-0.0316878940740927
-0.008420284058528
0.0182932541707737
0.0049783436450663
-0.0080175017414092
0.0051677655843722
-0.0022084332690835
-0.0008167818531623
0.0070409182873821
-0.0033199774821005
-0.0056288925244408
0.0013002690334663
0.0046129863473353
-0.0012175192248301
-0.0023907646937778
0.0017926093774178
0.0041362035365987
-0.0087571310527918
0.0100343853157102
0.0008148744347917
-0.0067738100719683
-0.001772644878587
0.0046703347335341
0.0014378517265855
-0.0035661634280868
0.0007004824083994
0.0049044114254805
-0.0074565958515504
0.0071377353370214
0.0073845282329452
-0.0046264985890934
-0.0082361514212392
-0.0036454784909373
0.0027442689091567
0.0071973077741701
0.0093089231809425
-0.0268171094257994
0.0222910831893442

