-0.4121917153657997
-0.0427739669259537
0.012949481649539
-0.0584342585630276
-0.1149618063666208
-0.1438578227062493
-0.1404997430765211
-0.17535605203593
-0.0879838477259796
-0.1025853714302716
-0.0570484431819754
0.0192688581116181
0.0263107970572354
-0.0213525437778098
-0.0317238810789478
0.0234289504550049
0.0275514360459312
0.0587942217861766
0.0933639229568352
0.0207046161518106
0.0564041116109198
0.047637585842412
0.0377345530502881
0.0576785986871601
0.0825077152094798
0.1021499174466884
0.1532539112999706
0.2057543985159242
0.2711885476198112
0.0471498977381579
0.2351693392935231
0.1970638037254732
-0.0065087600338349
-0.0745732969916818
-0.0282057884871776
0.0379086924482782
0.0046293278161288
-0.1530690857326118
-0.0176293153875636
-0.4075631321921809

0.8523782570120979
-1.6793150318939725
0.5216484573179324
1.375531387985743
-0.968069496095716
0.6157139369762104
0.1852532540695296
0.4325481503405515
0.2093864907912583
0.2887008342366156
0.1201056865319964
-0.0625256069530932
0.2333411831487618
-0.0127521743598181
0.1400255651099526
0.1235349337872918
0.1773958153815761
0.1959816325754684
0.2936643621393453
0.009801562554745
0.2803464344352336
0.0805849152716792
0.0329151663531718
0.1498912884991987
0.1892322148134526
0.1361977551484406
0.2251640142560591
0.2788587236994771
0.2264636337617675
0.1890033394142192
0.1845584566171417
-0.4053625022614932
0.134120825548438
0.2015683205834722
0.0564469074182254
-0.0539852232254494
-0.018939232156253
0.1922677370926301
-0.0113479652466197
0.1995554857638782

-3.048603214088441
2.647007337758609
-0.1428583244808223
-2.0180419903033395
0.4523094885638803
-0.812317506441129
-0.7732889715830173
-0.9553334024644023
-0.5844929011926452
-0.3860078537862366
-0.6844257519119757
0.2402578082797498
-0.1223966185828394
-0.2198761458075185
-0.2353309008087022
-0.1651006748864361
-0.2985231828865614
-0.2544002845669673
-0.4396993592703848
0.0272142402559526
-0.3576177857271174
-0.2561681393828505
-0.0753494590967933
-0.2479627834088231
-0.4202311594798226
-0.3729870413389062
-0.6224902061667289
-0.8276269930594573
-0.9139110891415522
-0.5238151956136669
-0.2990327673460458
-0.2647599342882972
-0.0406610701883448
-0.117024551936349
-0.4730532988094822
-0.3795209453552197
0.1468405313322578
-1.171539506351919
-0.0816173670833334
-1.5082199486133812

-0.0024556970409384
-0.0019790338216421
0.0031638029958066
0.0025266852671431
-0.0042614192432901
0.0021529795588433
-0.0006388021203631
5.645750155388275e-05
0.0005415606577855
-0.0023185300410688
0.0039167296722919
-0.0015986801346617
-0.0016886392795912
0.0012776570437978
0.0004577051436047
-0.0006815536048873
0.000145260571013
0.0004785616591294
-0.002817554594663
0.0204324064464975
-0.0660978569116426
0.0119206748981311
0.1155493415431163
-0.0086137439635497
-0.2774440736406914
0.4074524826536244
-0.3771994968039318
0.4168116638150468
-0.8757133670262078
1.9469829376816523
-1.9213068137009592
1.419915133249637
0.4217480382152296
-0.2971824306378045
-0.0618666943236009
0.3106734408705951
0.1106183979018554
0.5581983706889256
0.0619550619682658
0.8824935378565496

