-1.0345150964745546
-0.0694253138460086
0.46847615667496
-0.0414044688884668
-0.5358970467215897
-0.103429597971804
-0.343397456113346
-0.3696686974827884
-0.22783387350615
-0.1509499656500916
-0.2147913465229789
-0.0096583309138736
-0.0083878204604681
-0.110221982980284
-0.141867883640968
-0.0948733450268585
-0.1608988180577455
-0.1855837714814991
-0.1751488342780602
-0.0380819747080505
-0.160441379426349
-0.0415808241204766
0.0569281824370713
-0.0099030930667998
-0.0878536347140241
-0.0521924756495951
-0.0604372471032847
-0.1109928670079142
-0.0782978774902311
-0.1638008134054198
0.187706504561821
0.0390764863189988
-0.1355540232376793
-0.1598334952209615
-0.09699569818075
-0.0152267898102274
-0.0722538267422466
-0.4451550938044584
-0.0503621368939853
-0.7683697091100595

0.3627566606914874
0.0908840313900974
-0.0651158295963646
0.0011343302476594
0.2442075630419134
0.2578761241446442
0.3220838160081453
0.4440656719953831
0.2921435382724359
0.1725059399726974
0.210669396407333
0.1219407575422634
0.1071965522856619
0.1692094094992536
0.2302177173435611
0.2580505657800553
0.3226443218009003
0.4046388768526487
0.3490203705292418
0.1781650272448228
0.1899549557180662
0.0516539847184893
0.0153979808007837
0.0900079620356976
0.1528723211866706
0.1577142841679755
0.2028616938626406
0.2754535069757472
0.3167556409013548
0.1323303130687971
0.1688692758702643
0.1506610407192439
0.0544556296014674
0.0226195504960693
0.0519411482942372
0.1019834645914847
0.1469862694742859
0.1951409849718266
0.1083479600666702
0.4143936737639838

-1.644148080230698
0.0747770663724405
0.4149329914643065
-0.1632750296182994
-0.9132002844968682
-0.3393983408485416
-0.8124825937626445
-0.8867307615432976
-0.586974208125554
-0.2904284685152563
-0.6390273629905378
-0.0471886013913623
0.0484869811316275
-0.3212590733830472
-0.453834351861536
-0.2514425746966113
-0.5419116012743046
-0.62285677561923
-0.6582901227580078
-0.1321084273334185
-0.5822300810662295
-0.0721372136390841
0.0643865163386771
-0.3004793218780796
-0.4559373458887626
-0.3343466864902382
-0.6541626082941313
-0.8117327271704267
-1.059379354670003
-0.3257657830622405
-0.5424471046054928
-0.748110675664323
-0.0014038940936986
0.0841366281787178
-0.2678599381999031
-0.4357624830293419
-0.2788266860247478
-0.7893597343315556
-0.2428414202980145
-1.392820670993245

-0.0023394368255664
-0.0021593239473168
0.0031326975078518
0.0026458631861161
-0.0042733918753539
0.0021129671384291
-0.0006087885060242
3.458315040345936e-05
0.0005513619287072
-0.0021540184044791
0.0035459645635097
-0.0017890201412848
-0.0011295109660312
0.0017700568628765
-0.0009430490567623
0.0003441035956238
-7.04063815870009e-05
-0.0002426078183351
0.002201357450456
-0.0228355427317839
0.0885231038969615
-0.0306002436585384
-0.1517672631996705
0.0360716930797325
0.3584366939451716
-0.5696315599162596
0.5545643518987846
-0.6411267620379681
1.4687752058645862
-4.9412245500917535
9.68891176553367
-5.337758296665913
-2.2636576535920407
1.3976936111516338
2.037363291887778
0.0506056432376584
-1.2493701640616015
1.2946993046985822
-0.0938257748827932
0.9016264109768168

