0.203306057805333
-0.5595875531932061
0.3459901534223547
-0.0208485334786334
-0.0563903515396056
0.036707038932553
0.0068259731394735
0.0403888857958806
-0.0501592983138548
0.0561983573049365
0.0264977693938614
-0.0196729589604762
0.0385704954206928
0.0491925479995241
0.0302657886900819
0.0750168146399889
0.1043824330155524
0.1600416520184985
0.2244114092491513
0.1683397845327272
0.0408087336259968
0.1924163927235121
0.0336440593313867
0.0319274638910835
0.1191245072203506
0.1800366882493856
0.1630880019194255
0.3137821841155241
0.3316922175540542
0.5021188169049567
-0.3472656514849256
1.021249332567623
0.0660388397713646
-0.4020706395693499
0.038745854946838
0.3089721032027082
-0.0369374937126868
0.0325896547566959
0.0322808883204972
-0.071702240039572

0.2924607103015516
0.077712945313452
-0.0088351865637281
0.0784814014133755
0.186218866033364
0.1884165817732792
0.236614617300519
0.1426762448616439
0.0709721628229365
0.1036230451786663
0.0480943824665833
0.0065195389385926
0.0573964369061027
0.0843853938968053
0.0845281546476232
0.1706371999421842
0.2481866204441843
0.3422496627912457
0.4307031065854335
0.3046210168711157
0.1569843254820648
0.1700039712750997
0.1216757623605267
0.1087854043407569
0.141348047855745
0.1974267353882103
0.2457717908423388
0.3109449168149707
0.3799660731922913
0.3195238493057398
0.179704272251559
0.1128694203343198
0.0456033118207744
0.0365793271502889
0.0739070245743101
0.1162410358039938
0.1347094749207456
0.192333874399607
0.2028553107897606
0.3510811473996085

-2.431170031851627
0.8165623580435868
0.4657523725313044
-1.1621832138344197
-0.3372788553754294
-0.7918746961322203
-0.8072640404684259
-0.5676528068777941
0.1182232637982457
-1.297081129854971
0.1097347202307671
0.9993819010675992
-0.5498241161626091
-0.8131282440837085
0.4577048699227166
-0.5039537485594355
-0.3983549883075926
-0.5720975376772004
-0.6807774686233652
-0.6554423670485935
0.1733114743616105
-0.8843794146124738
-0.1335013348229576
0.0555456207168438
-0.4143073497491044
-0.6085158844326626
-0.4638714638039875
-0.9196707781955232
-1.0343205009875984
-1.2384022541670114
0.1221594671267667
-1.5203612921064142
-0.1609278441779401
0.482077099538325
-0.504211144977185
-0.9802130896849732
-0.1367685465996213
-1.049853751600927
-0.8403261376586129
-1.4974458105711834

-0.2750414588513248
0.3053551908657637
-0.0181162241530184
-0.0934910112213923
0.0536838294437468
-0.0187760930432629
0.0082733703913909
-0.0105149574096455
0.0161982335218083
0.0155881685504474
-0.0241802656207143
-0.0401110413475864
0.0012863486557257
0.0766058045794249
0.045334675468985
-0.2306551785410347
0.2947948978983889
-0.3298341086446174
0.6002371535467685
-1.921324204300903
4.361106284264869
5.063589415406891
-27.07102412403277
27.484357254583564
-5.244628884295644
-5.692954142371175
4.454787899707141
-0.9208436404792304
0.9286474733298984
0.4373163906629836
0.1113464278415086
0.6545418891180214
0.0388524216838839
-0.2383465950070755
0.2674456793304078
0.5024606838693231
0.0074222460537996
0.56764490920392
0.3795188227362407
0.8455857635901983

