-0.5647546491251666
0.1509871227716449
-0.3074619516107296
-0.1822657371933598
-0.2486472499994805
0.0164260192961319
-0.2903648287100406
-0.0140461095428286
0.0995308714475356
-0.0655872471730775
-0.1583482480057056
-0.0138789960125413
-0.1149397983222731
-0.1066528719303866
-0.1052450089629843
-0.0395551623470102
-0.0562747516920338
-0.0384535165083407
0.0272322939288884
0.0468765133766838
-0.0384110676816079
-0.0283392508727661
0.0492448758871098
0.0188198771137915
0.0213765329567503
0.0702378378950692
0.0134729476367351
0.2447091385675111
-0.4761264201669051
-0.224613265112667
1.0415548461197262
0.1168844969085059
-0.5875126459988768
-0.1574943998907346
0.3264530845431382
-0.1729535156927275
-0.0704877389128127
-0.2120262344833164
-0.1199209220970849
-0.3966572490536782

0.4187558284880947
0.0483318595858477
0.2680167853446254
0.3353099690268878
0.3617544256083677
0.1295357961985232
0.2397049626492983
0.1459254494420236
0.0718201989298223
0.1370551088383678
0.23502411093684
0.2850982016058675
0.3635489041846205
0.4929090088924295
0.5022374374718217
0.2574870944883685
0.2468375172299977
0.1439433863288844
0.0191971406451424
-0.011214636939218
0.0103134078575385
0.0813136064196861
0.130699771256954
0.1232811632847712
0.1598965186419978
0.2204943457821809
0.2423028621484476
0.1024836584591083
0.0547274520403698
0.0710211820698544
0.0864318304556102
0.0752700638302575
0.0649012464483115
0.0874675615363129
0.1274613031988117
0.1708111474006867
0.2048720410153749
0.3343562939293434
0.2134638400094783
0.4256796101358496

-1.6484918154903494
0.2992651207640577
-1.1300086243863203
-0.8364566245709504
-1.0866778270150723
-0.0101344716419356
-1.1491225363921072
-0.179752269385603
0.3112921785255938
-0.3237842123127954
-0.6516201618149982
-0.2856392026442601
-0.6122357918835419
-0.7231792119581951
-0.7641551376239982
-0.3300240122421087
-0.3369935972845697
-0.2758551188029371
0.0276803928190204
-0.0138403690474285
-0.0791811678237148
-0.2521294008658448
-0.2858970638033596
-0.2630962599679297
-0.5141301135329334
-0.6263515540535413
-0.7754730330514742
-0.3070129760745874
-0.2304561220509048
-0.2232053110559933
-0.378818231737539
-0.2619371328057654
-0.0807454796937573
-0.2685528932773327
-0.4454472758875054
-0.6116621476984081
-0.5813228354404234
-1.1109778532864287
-0.6674629775833497
-1.3522764453692009

-0.1668132829934228
0.1704192402896272
-0.0771127843160565
0.026455541491874
-0.0125015032775132
0.0123916752128009
-0.009258854490021
0.000173875605114
0.0020579146983792
0.0011952026794856
-0.0016510778786012
0.0005525369410412
-0.0003581180305595
0.0007144503425856
-0.0018762707934399
0.0045194222395195
0.0055255132354438
-0.0283406477918506
-0.0175569364070603
0.0374153199424947
0.0627687549829549
-0.0343601051287869
-0.1629936506845204
0.2703092469161886
-0.2577682287580616
0.285146185058631
-0.5658495606462853
0.8031634536910075
6.961383908736521
-29.533412581759737
29.20080533574188
0.7979197271186288
-8.541676350180019
-2.5745831812215707
4.609141936248294
-0.4168194888414097
-0.0502662988113044
0.8302610580751141
0.2218669884277288
0.8573123470019519

