0.0113402014481484
-0.1196916043276395
0.043924546200939
-0.0369523215161077
0.0150973021478749
-0.0345152151981962
0.0459303656554191
-0.004830441412867
-0.0321971738549642
0.0683681499510152
0.023977141285837
0.0315716970012092
0.0778954277961391
0.1074643639601503
0.1267009619684219
0.1218684953073472
-0.0659168952696314
-0.0189437047578104
0.2902878389089146
0.0104280383507351
-0.0057791578810283
0.0563669220684996
0.1685907170155328
0.1407425651765785
0.2268317906089497
0.2978599433013709
0.3641579149909968
0.0310285681243272
0.7581034618727485
-0.6439651361406749
-0.9203317261780988
2.165184107534104
-0.1029366084030223
-0.8687199617727523
0.3162189629434996
0.2840841473531491
-0.0552505459285668
0.0905772441093397
0.0294086413419992
-0.0758224013349218

0.3986396588882619
-0.0653592626147115
0.2607982316538656
0.2208773305546068
0.2371608079482718
0.0546803771483128
0.2373897839023081
0.0173914530925919
-0.0897932152995763
0.1241382105235922
0.1575583476139897
0.0752622922031314
0.2105010658525
0.2535975315317734
0.3307951634464369
0.1318474202073506
0.0712660946051348
0.2371603762539849
0.181810499616623
0.0772706237436732
-0.0652643748561131
0.149641032982178
0.2709057146404986
0.2169064553611437
0.3116103309750307
0.407758841236908
0.4417968554447634
0.0894095791593054
0.3679637897612403
0.2675752098892072
-0.0426751939982106
-0.277227892038887
0.0179465802791061
0.258944074604169
0.1619590004655175
0.0500557546777106
0.1784596078855554
0.2653609697642967
0.1644245391644165
0.3272895461002908

-1.9490894134573185
0.5737960109774655
-1.276328834267979
-0.7797375350639815
-1.0480255716711613
0.0993841538240882
-1.3765281868710777
0.0418781302390099
0.6810079598802818
-0.5455041237598217
-0.6182807606693659
0.0274625572928771
-0.5750103630918845
-0.5042002079089202
-0.6619250948701655
-0.1647176342533489
-0.459315309018298
-0.4478922955673767
0.3568534345247553
-0.2168517631183749
-0.0979139409106812
-0.4893781682691716
-0.3762373211906006
-0.3666617157938298
-0.7899676896695383
-0.8759801581915045
-1.1444413809106369
-0.1990561369012131
-0.8384346871565282
-0.5654967566148884
0.2944369948148639
-0.0874317535445338
-0.4162224601230476
-0.522381695972791
-0.3290403981023266
-0.6367506003655121
-0.6931958085859574
-1.167852281873767
-0.7373713046602706
-1.3964997386108973

-0.1613921250597552
0.1648299642101547
-0.074604335287826
0.0257350694239321
-0.0126999755691333
0.0143850110377744
-0.0120284332678351
-0.0028195311346091
0.0051899949451411
0.0075603484287854
-0.006020410169485
-0.0098798905134912
0.0228275643261365
-0.0391673555239174
0.1146506669997255
-0.5949238187619047
2.0474629364094645
-0.401815004618348
-3.348074555742536
-1.667464992088866
4.937566740453335
7.554631111413721
-18.17196311042132
14.033972346194735
-5.144231003970354
2.279002562630968
-0.161872564290713
0.7679090385986977
-0.1631892295183319
0.4703508546350682
-0.0097050130722699
-0.0886625253861321
0.1934676732248173
0.2972238024067282
0.0996426633134924
0.3602412068860577
0.2985557246195012
0.6107959667274446
0.3138627313969124
0.8189536250671826

