-0.2571974677613938
-0.0423481084773597
-0.1539217132506428
-0.1854499280372056
-0.1350877462187547
-0.0727666154620702
-0.0603851093678989
-0.035203623874193
-0.0031682026076711
0.0030541865005702
-0.0132584025748889
-0.0146314485345893
0.0072898516334629
0.0138836657493602
0.0433957713211975
0.0258174610665215
-0.0150423527570077
0.0094299383040136
0.0616588146463891
0.0687680577497319
0.0443901515789394
0.0507376163615149
0.0836320443878085
0.1271216386700255
0.1787240266934722
0.2318092387601926
0.2872006981992767
0.0951056041819063
0.0560370941159654
0.1329838530915057
0.2031948606977045
0.0902840297466798
-0.0095455966230146
0.0060773552638499
0.0678723587460741
0.070523944270563
0.0255949016859111
-0.0390382356597291
-0.0068077822746428
-0.2432893240134512

0.1614882722500366
-0.0342650044554936
0.2696918843568778
0.3034179753893308
0.3398840774954661
0.1000801849217863
0.011839180620906
0.2775486942471693
0.2114559298290269
0.0961395117491798
-0.0543281910303773
0.3481589732093322
0.1801925749272162
0.2801964415290137
0.303331678373782
-0.105482714575332
1.3136025046083182
-1.686733974108798
-0.0697794726339754
1.1410448362681511
0.0792417911282368
-0.2777916533244438
0.1213359967059323
0.2986200492502028
0.2002657158749506
0.2508871251305217
0.3924725083155339
-0.3167244649726971
0.865749975385249
1.0223964805125398
-1.7721699135730624
-0.6633735701444725
1.1639855022701706
0.500256195991677
-0.62331883931476
0.2126387671747509
0.107935013545178
0.1076620784995547
0.0906783398001451
0.163525407969198

-1.6119825283520082
0.3557463553027127
-1.2556728013343197
-0.8951859634997271
-1.2001141489488538
0.0128804781144266
-1.139326527128865
-0.213801929989046
0.2628634579829702
-0.3796603540573021
-0.4526386852091643
-0.2669215724474343
-0.5096888107520307
-0.4773962440798024
-0.6081837380534879
0.4298366192353999
-3.0066566072115632
3.053880747880933
1.1160640556706145
-1.964211557728873
-0.8977655997050432
0.4431361540392238
0.2171616024824303
-0.8058988119025332
-0.4183098681188689
-0.6653572102537026
-0.9511500729427952
0.2594212227672752
-1.2950635065052565
-1.497150483181011
2.1826019720380785
0.5899242680286504
-1.596398399673183
-0.8538300361444663
0.5293342958565022
-0.7799311107242293
-0.5775755456165041
-1.0232706880821072
-0.646658105177661
-1.3096627525767546

-0.1593941986065702
0.1631490559789553
-0.0739827148974351
0.0254376539840683
-0.0120643765677693
0.0120096286138492
-0.0089790288585905
0.0002099898456913
0.0018934555877981
0.0011347246030678
-0.0014150532746464
0.0004325492514779
-0.0004666631160996
0.0011130321778773
-0.0033090420637014
0.0120157216430407
-0.0161951769732085
-0.0311920789820115
0.007277975048897
0.0634897857228818
0.052006660073485
-0.0917825352375147
-0.1751390949472021
0.4240843850156457
-0.5017187147746679
0.6691230184436319
-1.719727942954159
7.740226652768255
-25.1889577311613
26.61704637193497
-0.3969342037624242
-7.593640987971875
-3.0973780871322893
3.189533034120755
2.4700119594706726
-1.9030979961671632
1.069360962471953
0.4147311649130514
0.3752288342963616
0.7960243621001771

