0.1689124915684702
-0.5901147183516746
0.267687359079726
0.2087143855100181
-0.0411502761685303
-0.1098194581143511
0.0052601111581374
0.0638452124990074
0.007436699815386
0.0522710606307377
0.0679282893344878
0.0637144819433971
-0.0079152368752631
0.0769353507460815
0.0236284940280248
0.0374340350088166
0.0366521114450504
0.092744713916994
0.1438693817890417
0.1816271784115816
0.2527268251857272
0.28638495434801
0.0190358767718017
0.2696843499978007
0.0786553482695445
-0.0292268045037377
0.1172592915542704
0.2037603592695673
0.1723015651167236
0.2804276640086447
0.3572686969431987
0.4746439216933988
0.0945783998172925
0.4248741545300752
0.2080772128817944
-0.2079645109332572
-0.2258360369055404
0.0773050044566555
0.2932413136976917
-0.2803873261031007

0.3324882059833207
0.0624772575672333
-0.0059989174909209
-0.0063559595313589
0.0279891884784027
0.0847915461874114
0.1187373025106919
0.0925212265428986
0.1184117384827892
0.2055289310179633
0.2407471781466828
0.1575471349429449
0.1245274398364224
0.0996289030650457
-0.0001258429408864
0.0673476776603989
0.1749271120493658
0.2080643281481524
0.2319770201983201
0.3416658722401449
0.4403173933199142
0.420924589699842
0.1898136584765452
0.2411638248412073
0.1464901410469679
0.0719546031313876
0.0990400993850632
0.1714220863988876
0.2111887656610638
0.2262018121035113
0.294970473299731
0.2868837988216166
0.1274324661571196
0.1475097746759361
0.1284267027996033
0.0484211489622368
-0.0126413712638109
-0.032443074276098
0.0373513971203532
0.3699220774637745

-2.248115788430519
0.8643864339191608
-0.265075367527795
-0.0882275575885431
-0.1408021604445537
-0.3954463515856126
-0.4039523590357906
-0.115773021037634
-0.5575050835903221
-0.5300084696721803
-0.7045448844831245
-0.3359244859210378
-0.2299589531966749
-1.1992411995224848
1.2353431714696288
-0.097461418869567
-1.0636129472268063
0.0604929933364562
-0.3579639096082948
-0.689352516169168
-0.7272038682793655
-0.9595714203986534
0.0841801949327652
-1.0691098375563235
-0.2340552568277045
0.2678699683282432
-0.4074755112001835
-0.7396590155610466
-0.3696497923856855
-0.8588405573028757
-1.0478789506792348
-1.2353523381632945
-0.6195948095578403
-0.2642726808752411
-0.702753721537341
-0.2104041642700568
-0.5651439082774519
-0.1974780619564505
1.5323593321346638
-2.6263212572762304

0.0010621696205718
-0.0023215765669218
0.0011965419400884
0.0002948073784342
-1.148955281605256e-05
1.7613382776878084e-05
-8.510572898030184e-05
-0.00069435322744
0.0012376570616706
-0.001372903864381
0.0019278175802573
-0.0012778086521599
-0.0294652177436368
0.0935547914418418
0.0151359776120234
-0.169818508837627
-0.063904883191902
0.4766244774779873
-0.6256840816847958
0.6132081205245873
-0.8592875338931166
2.429281449496077
-8.296121211468835
13.707921103811934
-6.336899178892583
-2.8388353382304503
2.577045456274362
1.505659102614617
-1.280501645472904
1.028553118768608
0.3378497186127726
0.6530124342540737
0.2630709638055982
0.1509058763441766
0.3079947467030775
0.1021786941494818
0.3163652455649883
0.1003493293380755
-0.8688096105742743
1.4277043878059403

