-0.5788932248973438
0.0233186459516798
0.1309781278550203
-0.2476357638754475
-0.1528135125555338
-0.2066069876592243
-0.194190138256998
-0.0742408638705884
-0.1218405243162063
-0.0432304749729154
-0.006055095472465
-0.0279088395558172
-0.0757348264817653
-0.0622835244572412
-0.0608303737423507
-0.074693469095508
-0.0593619562433498
-0.0252086784638216
-0.0339381498974105
-0.0149019366769035
-0.0139804472378999
0.0054249092163032
0.0367361093806306
0.0259737526312143
0.0032471842335639
0.024538416459663
0.0559389800748599
0.0544788470830544
0.1152310406983564
-0.076732518363801
0.217816845214756
0.1524398414323583
-0.0456433595591074
-0.1029000386749917
-0.0518550738879643
0.0161451004307224
-0.0229208233166737
-0.1975308307694326
-0.0276032561087138
-0.4514367055010366

0.4721872043413126
0.0224525157543644
-0.0143227521521864
0.2395268950657141
0.3101721303301282
0.4058419385144893
0.4402317546576808
0.1541805837705996
0.2390350695158977
0.160609913412664
0.0967245718675536
0.1379512551938332
0.2370654019078128
0.2808178000173608
0.3316273856399092
0.4239577237489078
0.4131712626175528
0.1780765508738369
0.2448474013063018
0.1622581676221069
-0.0306689038872366
-0.0782418693011777
0.0218676190183545
0.1378436872803191
0.1378161500879435
0.0891120701993193
0.1699244711059048
0.2158308641734884
0.2524827332048004
0.0732117479731593
0.1318219968723124
0.141783727324632
0.0593918237997306
0.0271537489789641
0.0488238619417823
0.0935007796495075
0.1479000345512546
0.2207026825345018
0.0943466007731162
0.4823367347813213

-2.4563135141003456
1.4218372269035726
-0.6674884428614976
-0.7635821694063627
-0.6607561592758058
-0.9951242756814144
-1.0278118816803092
-0.0165005212251401
-1.191167056617655
-0.0899468615555965
0.3602775101936281
-0.3729737856883913
-0.6805255208086672
-0.1351077394927791
-0.6017104897025473
-0.5694501705768088
-0.6749233365352062
-0.2148640693792518
-0.2434566562264272
-0.7743870457083246
0.2406598174182616
0.4363585649727854
-0.1952023410610373
-0.6406918730715946
-0.1963646366706574
-0.1940832784581491
-0.6635257707915286
-0.6381815441430198
-0.940366268794691
-0.1325987240864941
-0.44490607207051
-0.931582730829292
0.2565655015338103
0.1959890877568298
-0.5356298342129117
-0.5792469252389432
0.1716068515589086
-1.201607277449572
-0.0654567338773897
-1.61777231640173

-0.0005126903278432
-0.0033278565302685
0.0055953365722974
-0.0035671614039883
0.0013731480157039
-0.0005160037306868
0.0004667881040078
-0.0012514759915703
0.0025235682969559
-0.0011221085370693
-0.0020301407589975
0.0016349424943011
0.001351147088412
-0.002649095310704
0.0022957198854854
-0.002271785570008
0.0045326406806549
-0.0099845171296215
-0.0196262904694278
0.0854137144783686
0.0402792832931631
-0.1085523602335787
-0.1652108113757847
0.1068621409444991
0.4456097310100694
-0.7838120521251105
0.7910370183631472
-0.9375835814635166
2.105964498329257
-6.6557269289635
11.96489777198978
-5.693343963771432
-3.121921229860593
1.1838050785679453
2.399348557613967
0.3467830342827818
-1.438530178083535
1.2111023600772084
-0.0301350540533755
0.874717959267584

