0.3177235630340628
-0.8121560813541351
0.6457836524776221
-0.2633615632236358
0.0641157559585296
-0.0086110442077745
0.0292845729274089
0.0043696023709726
-0.0372396385503033
0.0775689704835788
0.0243253433750604
-0.0234248416570597
0.07767970837204
0.0484354364693767
0.0966694653237908
0.1338035695702337
0.1891622979659435
0.0667677537051229
0.0431878406821071
0.2085006726686921
0.0483907024951252
-0.0863989429271535
0.0563959753057057
0.2108251263676812
0.1039499575822508
0.1339071655037649
0.2728349042944688
0.3196337988643409
0.3642821785052014
0.3938044616077211
-1.229978530859503
2.1241055424453084
0.1845937534731557
-0.9280204103131016
-0.3347008036430652
0.5006423315898207
0.3116322189101563
-0.3366923817051608
0.1751886372508174
-0.1155503825404582

0.4414355472358681
-0.0753408565523572
-0.0035259769490757
0.223909479515753
0.1619160216143126
0.2331784755329068
0.2305679144191625
0.0749798445397317
0.0984034564234586
0.1037569297761283
0.0306825190406604
0.0142292249127938
0.1474133984051165
0.1632252781828091
0.1857067391964947
0.3265847566554659
0.410097209684092
0.1637113812639327
0.2546303609589616
0.236947876896374
-0.0481333979857282
-0.0100766566619713
0.1436843439132963
0.2235959836284053
0.1813193723281126
0.1913548670461375
0.3095152613504886
0.3745117262500436
0.362280246267451
0.1586933934972133
0.2902990531856612
0.0110509286458601
-0.0657075639842896
0.0125521152090513
0.086404601290234
0.108339287970897
0.0995065924387597
0.167321494698878
0.0726383024060085
0.3757752322798627

-3.2673910208600314
2.560393110499785
-1.254554766480925
-0.6789619354087456
-0.5689858712080775
-0.903943446898914
-0.8303832435192618
-0.1233815064712987
-0.7023764324648841
-0.3354413610980109
0.2694668088412845
0.110797608515203
-0.8074456843083148
-0.0427374157954229
-0.4481638818212938
-0.5721877955740261
-0.7089880286299624
-0.3391311175141643
-0.0426358223097397
-1.0416620087163215
0.5111151649026789
0.160979431222959
-0.5366478531115877
-0.5681587028589261
-0.1936885941998239
-0.4979440535397224
-0.81483012368745
-0.9297103489012544
-1.1839689578596044
-0.2802391870801862
-0.5291398635500755
-1.01208332171363
0.2724868360233445
0.2379148638151049
-0.5895243640194359
-0.6531206648541066
0.1647782960099973
-1.2566795591246778
-0.0923195437000523
-1.6910215505916844

-0.0006823595078983
-0.0030601875832853
0.0054722594345881
-0.0036234787446274
0.0015348246608374
-0.0008491443486487
0.0016045905928453
-0.0057327540167015
0.0089481011240297
0.0037000435998767
-0.0098534988455406
-0.0087145332885405
0.0149415069649886
0.0046808723075347
-0.0260532631139611
0.0518159041962576
-0.1649766735045128
1.015221508589288
-4.406529278411501
2.654032378653804
8.578591839336
0.2746913177879229
-27.995676690236884
28.49670215617
-6.934717075014135
-2.265254476498248
2.4665653598609127
-0.2994444821859093
0.9497423829951168
-0.2050473776747817
0.6770349146845177
0.3569835007846765
-0.2723694807444812
-0.1229667926509079
0.3557800275888134
0.3491855733784707
-0.1464166213083569
0.6586374378131097
0.0283993276875502
0.8851241298320285

