-0.3718275808735051
-0.042849546508619
-0.2977562720678449
-0.2523972866054156
-0.1648246318522379
-0.0709191792327458
-0.1310141526761538
-0.0675884535015911
0.0335685206296105
0.0406176922330158
-0.0352319290241533
-0.0713288665442765
-0.0016052905665563
-0.0222221788656847
-0.0132872570299864
0.0018646413305484
0.0608401605949878
-0.1244896283680706
0.107295162554576
0.1216259463978619
-0.0273124133075147
0.0188955513109197
0.1108429216601149
0.0928608469442547
0.1517820945380312
0.1973887313042333
0.2120182193206586
0.0854088583005643
0.027055086271555
0.0192845400808232
0.3577367772532491
-0.0190996742660596
-0.0758271524945059
0.1651217627376287
0.0092372028357685
0.0093872067630554
-0.0421135958856167
-0.2146988517845277
0.7746124267782988
-0.9932814156572878

0.1267685972767692
0.0272999045693034
0.2528766349248087
0.2865746742816929
0.2939925179166933
-0.0498339450958093
-0.1081408282602612
0.319302939368948
0.4453940352012852
0.0741570072796819
-0.3924025592494321
0.2416950083403125
0.3664981310501716
0.0007081325547346
0.3027811566769816
0.1603636448383256
0.3514495187987411
-0.4025011913660833
0.2974995392211947
0.3946599370074335
-0.1146424209129008
0.0099513077706831
0.3206530616048483
0.1582480283460506
0.3084535903277125
0.3152739844655257
0.3790873692231625
-0.1934429104931961
0.7275067647062639
0.3704311880414871
-1.018201251573495
0.0732066905098635
0.666610588792817
-0.3030966644229083
0.1895543117601763
0.0978588068778679
0.1370369258650293
0.081066950591726
-0.0459453508672655
0.1927199871051848

-1.3143503131467933
-0.0323431707346398
-1.1263801822897122
-0.9745611124030892
-0.8204564502596712
0.026774602777172
-0.8128941711510799
-0.2913040008540108
-0.0192898911060058
-0.0670388262022188
0.0213943887275254
-0.5182759241173839
-0.305688722094349
-0.2182217608257166
-0.4779214773330582
-0.292573671607489
-0.5349793512464492
0.4311773113961162
-0.0127231514721215
-0.6697546512039877
-0.0582789239968394
0.0004766334433061
-0.4912120714128949
-0.3794803980539736
-0.675178035995321
-0.7691241484733645
-1.0067376732558964
0.3400728240918709
-1.5200644974868722
-0.6831262225753093
1.5664463358702183
-0.5682287776432321
-1.273853097340112
0.1589137435229991
-0.8874971417791407
-0.8554591132258387
-1.0342511287587184
-0.6161656341487716
0.2554195396884725
-1.3960311953087234

-0.2539063924475834
0.2321832762897692
-0.1011187631295684
0.0408177053736694
-0.0303350181051423
0.0320261891864124
-0.0109097733080551
-0.0098718080528887
-0.0001090929655048
0.0057304718242548
0.0029233432795934
-0.0031936171654718
-0.00063240747037
0.0006718119357723
0.000557566244106
-0.0021960477651541
0.0068938134771002
-0.0092355952971956
-0.0215031171725978
0.0152610274605907
0.0560896318688117
-0.0121937547270184
-0.1575878734647634
0.2665076466196568
-0.3045909573531914
0.4756814858535049
-1.5431850676191303
7.783745370444807
-24.0074761901432
25.78289948568436
-4.290866306390247
-6.9840898810021
2.9775510753691337
1.3372075394779073
-0.5551562482609146
0.898934237102864
0.3920884521726908
0.6935768369528608
-0.9770857566101676
1.4883331295636206

