-0.7185587809322462
-0.0186627944170364
-0.4779662693012302
-0.39430576701589
-0.2734903724761062
-0.1049283689197158
-0.3511893008097305
-0.03449103890319
0.1131959420712439
-0.016695104241191
-0.1887295978039968
-0.1546003007894143
-0.0823448512969872
-0.1786759174937134
-0.2067482175412627
-0.2250413461005295
-0.1291457677814673
-0.0851413534426313
-0.135547364032692
0.0165436645934442
0.0050913059590879
-0.066566112088093
-0.0620220702330901
-0.0493282992055892
-0.0897876570557503
-0.0992074712440078
-0.1188936859587438
0.0663938667498121
-0.3312607905546079
-0.0401191246595254
0.4576936607420802
-0.1944936529002901
-0.2947799759227194
0.0224532600130348
-0.2522427698395937
-0.2996623551449748
-0.3973201842032107
-0.2838671261680611
0.4109638467002328
-0.9776418545476968

0.3144296282120872
0.1138255546981115
0.2415471289355629
0.3160393320753043
0.1999461231979722
0.1269517224761018
0.1487154803297511
0.0972760800215439
0.0693642247285165
0.0959012811621697
0.1449302045326059
0.1924252515570384
0.2409814743740601
0.3098186078215171
0.4143180795664534
0.4602461422281591
0.2984869539136269
0.2014777194507473
0.1537037724499278
0.0673319047921576
0.0334098601533605
0.0770514447649709
0.1513686930431937
0.1906127828084061
0.2322371428904231
0.306552038448925
0.2876645159915987
0.1239232667983549
0.1012255396582593
0.0870704329086862
0.0924538405075993
0.1022995009260942
0.1322136991589911
0.1762921646180378
0.2293608659457887
0.3090121316126589
0.3428776486351054
0.1330063778676191
0.1397224851237667
0.2394977804665589

-1.251902055690993
-0.0548611582027998
-0.972795573219616
-0.8162242195090684
-0.7219898533211804
0.2205940170375596
-1.393433369036301
-0.0561911770602123
0.5886731371953334
-0.0918021711864683
-0.6507076833265938
-0.4108857474913182
-0.0970818438295192
-0.5801753470507633
-0.5731126355806058
-0.670024909498337
-0.4898925671306623
-0.0008046217735645
-0.7045937535833565
-0.0465774415042361
0.1761182631631593
-0.2939034329632288
-0.5100657921734859
-0.2857601881034425
-0.6797868859373583
-0.7847507542830849
-0.9007974326892272
-0.1453807487609739
-0.717341557202635
0.0941014039907141
-0.5239568522505372
-0.3271138886442188
-0.3107333172127793
-0.6227661028329257
-0.7202537872119575
-0.9712003432890318
-1.0706429517985416
-0.539526059749912
-0.102686479850535
-1.0389677018727608

-0.2505372225194115
0.2292661479779248
-0.0999182762557375
0.040369308015719
-0.0300561828834833
0.0318432812770345
-0.0109864348087775
-0.0098293189333535
1.2909914687260497e-05
0.0058240393669798
0.0028445717967016
-0.0034221533932982
-0.0004830618261489
0.0008857056620002
-4.528669398179807e-05
-0.0006330133458127
0.0008917511609686
0.0081137977241105
-0.0265370706295372
-0.0091406969247885
0.0530244926325828
0.0264976070878515
-0.1519170672889731
0.1880303685971482
-0.1740606436548555
0.2289740323871741
-0.5652252370290821
0.621773105333548
8.01582161906008
-26.62611530763044
26.65710069861004
-5.020960020185098
-6.314719659565307
4.864971412327063
-1.0304127584078389
0.8945055736721123
0.4175421479572782
0.6513378133693408
-0.9075237263096722
1.4455882391527768

