-0.0516867763005178
-0.0678560333210394
0.0179906588226065
-0.0463137731860366
-0.0097252199578552
0.0269515476673972
0.0361809832895425
-0.0224193458333661
0.0313484662375176
0.0453813663821136
0.0614039532613019
0.0944045761537668
0.0346748089414483
0.0188959372726776
0.1359269716555668
0.0253492065501552
-0.1534514551347778
0.0262745478545793
0.3196143300959019
-0.0146612659078916
0.111669994044254
0.2248089828421328
0.2422013935119585
0.3243812074468823
0.1084497384278625
0.0448561133824412
0.2218076597570665
0.176268120881377
0.1605104974192217
-0.2437357962558018
-0.237230928298753
1.1127611380814586
-0.4287001095325149
0.3973764877088241
0.1546552163004559
0.2137775828008063
-0.022646546550691
0.2319777202256909
0.1714566506817027
-0.3949671741418154

0.3759213956863303
0.1829210361254565
0.1293380957043347
0.1178357629745439
0.0621853118053412
0.0368846078946718
0.0616143363003109
0.0868210467716501
0.1164601694818593
0.1674149823853366
0.2281696861480182
0.2598988893280289
0.1528804920738843
0.0933089463726546
0.028181137461845
0.0409720779480901
0.1010013352810808
0.1434002066088635
0.1600250701926547
0.1696117448332215
0.1995043301514763
0.3178331124861553
0.4303658532869474
0.4425844702012826
0.2225426055453787
0.2087957001336442
0.163115113674093
0.088134878808441
0.0482449146454018
0.0415847558963303
0.0691527164785947
0.090773232143831
0.1461942265931986
0.1808829491293386
0.2340792857596973
0.2692119056470128
0.1214176707627716
0.0412504000316386
0.0773607793573956
0.2667615472501943

-1.616481636896803
-0.8066177878512076
-0.3285814212552514
-1.163374210619666
0.0381417817819104
0.4542800225700686
-0.5757168277972035
-0.5290883447579349
-0.097619007130655
-0.6141557124713758
-0.5674455874654313
-0.7143717584476733
-0.0890706432292304
-1.1898613350834968
0.8168412585462773
0.2885001041162864
-0.9085835758670074
-0.2760390084488511
0.3222819221353867
-0.6498206374274188
-0.2662010729495896
-0.674310795246071
-0.7797844191193686
-1.0290603143477302
-0.2322010471139158
-0.4907095497691868
-0.7865448912003989
0.0396189142356476
0.1089894168271543
-0.1694854154252829
-0.5614731176879816
-0.6257236118741336
-0.3426939667027444
-0.9111478184860644
-1.011344150682421
-1.1580230617673706
-0.4845419074181205
-1.2079388097211576
1.693587187092062
-2.333188513084252

-0.000386806997371
0.0004263331467289
-0.0011104202636598
0.0021341088026607
-0.000705201391107
-0.0021667235588909
0.0015487296651136
0.0016133563691161
-0.0031127777092903
0.0028893310371313
-0.0030911739728258
0.0064718804649391
-0.016115323284492
-0.0108345686908374
0.0914266613029034
0.0346100457906047
-0.1196911885018823
-0.1696356006414786
0.1176630029394486
0.4637286961051035
-0.8123085449955091
0.7976010680872023
-0.8790185214209099
1.4447771709380126
-0.7398808085149401
1.206865361120339
0.2533283089764954
-0.3571756707810558
-0.1811896486139137
0.2806370790450273
0.4196211394061587
0.1432584601263377
0.1850614361510811
0.4452105601188251
0.483312514452194
0.540586892114132
0.3038861193473937
0.427948613463011
-0.7718520134476099
1.2363695216226605

