-0.2189991261546908
-0.0642889217281021
-0.0276466279334588
-0.0806650961287002
-0.1136417578018645
-0.1166306112518179
-0.0987537788443649
-0.0591568627742617
-0.0707416876110482
-0.0295696323666009
0.01078892593788
0.0280139774488503
0.0195602246714043
-0.0055515116887075
-0.0031975735465668
0.0420823116616425
0.0643010516205638
0.0959892031336218
0.1449018211899206
0.0664897059722624
0.0661466843547863
0.0692431375475198
0.0510523808483236
0.0633048747258824
0.0960423249205199
0.125186807918485
0.1693121908481378
0.245813927209102
0.324360188066169
0.2155216203176453
0.1834821349956124
0.1972457070696754
0.042910180589087
-0.0131363073009031
0.0322490547233448
0.0705148209134079
0.0256708948806192
-0.0366700374801132
-0.0491648025326549
-0.2310512251937007

0.1835702588494713
-0.2848504960706787
0.2388096195848222
0.3296985811320883
0.1062117855139268
0.3517352933850615
0.3802704150986585
0.0660150211776622
0.3491295527895002
0.2960835572765051
-0.157291942932119
-0.0539642409075057
0.1858734637805279
0.1182168681959578
0.0767860113053092
0.081492434313002
0.1591214439034195
0.12668763593434
0.2390906647900156
0.1156430491856643
0.0737220047474123
0.1517141342042353
0.1072198028581269
0.0898610829052895
0.1213973453001231
0.1350109856904097
0.1687932586163888
0.2287691546458697
0.2079369402060235
0.1874395270644721
0.0186127374998914
-0.0697550367534851
0.0740747417786605
0.0715584343613535
0.0341085400784915
0.0419084771713362
0.0687936775451644
0.1140770792636159
0.1016288543414753
0.1787377517460346

-2.236342297414959
1.6312971632426154
-1.0059806250248002
-0.614616023395532
-0.6866002190011479
-0.916079268927364
-1.0916488923643852
-0.0502941840814205
-1.033513711391565
-0.9230758914841322
0.9175214578302904
0.3459263668235843
-0.8272731078750322
-0.3432238633371681
0.1598067372795292
-0.2288878871134727
-0.2539176969322643
-0.1412621875226996
-0.3362874451187589
-0.2048637564380108
0.1006939052296949
-0.4810005177606356
-0.1868835018276893
-0.0837272717073002
-0.319491715844265
-0.3865556910557006
-0.4564139257954744
-0.7299480389210818
-0.8002442416974666
-0.7957104558881595
0.1283717287070357
-0.702076090020726
-0.2485532878441264
0.0805910255158614
-0.3404941856054647
-0.6781770673282329
-0.3150727986049721
-0.9431429157557304
-0.8150893140087603
-1.362683536460392

-0.2651915679141317
0.2708028453904958
-0.0162184485858625
-0.0768462244897384
0.0434912182593503
-0.0157046490945414
0.0069921233340302
-0.0061762663729781
0.0043580254356548
0.0020446456861857
-0.0027819949815826
-0.001961515769871
0.0011164935382148
0.0015704325660412
-0.0003739861317295
-0.0010169214803887
0.0008586870164838
-0.0003564516875696
-0.0006588339894763
0.0113004703562866
-0.0622134244744608
0.0617049762054505
0.0926779916678439
-0.1003617074307087
-0.2037587342035865
0.452542304325475
-0.4601932706823846
0.4387556500708161
-0.7008061671763406
1.5477971987536578
-1.4501111105128155
1.8161356247887568
-0.0020509524193772
-0.5623251726754979
0.2684216347476539
0.6543805214951924
-0.0058890787124738
0.6074684999925464
0.4082036576926354
0.8416039701515978

