0.3918055014959071
-0.9516618136797654
0.7116385431621143
-0.2372399833680899
0.0319400724945869
0.0070874519793174
0.0184906144775604
0.027313618375599
-0.0678185625671487
0.0914471905299755
0.0246683217124105
-0.0550750571360611
0.0585682835380925
0.0663028453328292
0.0173580612006992
0.0850685278239131
0.1193366255123345
0.1641421133369975
0.239799369227884
0.0630393378675344
0.1529541586269014
0.1484034014487829
-0.0491024563239844
0.0847234901447912
0.1624667927725777
0.1599724737206675
0.1879118321165613
0.3487274758307422
0.3220472136172644
0.5634350822230588
-0.8826361241637568
1.7790575100381882
-0.2181625446407198
-0.7028845037366189
0.2892728915323927
0.3750588473067772
-0.1685300385202517
0.117171807528792
0.005817314167826
-0.0642961358957214

0.3301120890062694
0.0291904256100967
-0.0069012949386147
0.1406978354495786
0.1867806487970327
0.2002237379059628
0.2359602133069255
0.0932617892051547
0.0845943696829422
0.0998124750256104
0.0318189086731567
-0.0051380007172063
0.073530606821881
0.1047166095614833
0.0867370645447109
0.1835785368550276
0.2707013388248949
0.3703227059629012
0.4204642738701405
0.2269986809181491
0.1750802184958585
0.1490235383565883
0.1010884525529913
0.1171294309231836
0.166167350714999
0.2176329751664501
0.2616381350661702
0.3481442248668236
0.3915338416302498
0.269082977941585
0.1961637498448415
0.0795049122265114
0.010057668690797
0.042257670730277
0.1034563761990842
0.1324778868518473
0.128962609350541
0.2194658857255375
0.2155224043749471
0.3417040275202055

-2.991043995239503
1.978423168790396
-0.4159963321292768
-1.1214408659018231
-0.3168003067224861
-0.8828023260264537
-0.8274534598161593
-0.2074936194266385
-0.426416236898215
-0.9602009058033952
0.3654418654128329
0.9261251618971252
-0.7612822522673022
-0.8419899114656177
0.5830234014822168
-0.6052496934776166
-0.4247754146736092
-0.601881435275644
-0.720944619687826
-0.3470940644355634
-0.2070607189911107
-0.5642917827951711
-0.0139357564670336
-0.1556947921466281
-0.5047680709777705
-0.4862203725788132
-0.6189274651983526
-0.9640867812677604
-1.0987882516272085
-1.0585843006184892
0.2713565326488564
-1.6706390987372806
0.0855180609299062
0.3727956649347939
-0.6480739580966617
-0.8568483741733054
-0.2892562998938522
-1.098341191150478
-0.913026093581008
-1.4518272179932956

-0.2651220400879236
0.2709724197369758
-0.0164733299847518
-0.0768180357114605
0.0436718176286528
-0.0161134475704309
0.0083084608197233
-0.0121447658310317
0.0166817641809275
0.0114645035143055
-0.0142916414754911
-0.0280690435411898
-0.0079610820303755
0.0462463424529327
0.0491375357741865
-0.1646387629906296
0.2106329098041519
-0.2815416898187936
0.6815262727465365
-2.7045657422240943
6.444938120782031
3.97476734559013
-27.063968128816384
27.251571867661976
-6.1601371058056165
-3.822788996495643
3.41565250128086
-0.5945904098886717
0.9186076906393758
0.3021156137024973
0.1444906289152905
0.652586430165771
-0.0966602658585835
-0.1447304017797872
0.333190339376107
0.4185068645627132
0.1058561261158301
0.5794344689115891
0.4145207221221089
0.839998019515724

