-0.5340694802161555
-0.0339582418039712
0.172851793140759
-0.1915253834236475
-0.1807913997487185
-0.1682717328525428
-0.2094611718506077
-0.0699687787258491
-0.1162301106357207
-0.0711552329263742
-0.0101110455617127
0.007559831853096
-0.033367544209868
-0.0503778853958657
-0.0398223501891032
-0.0258631955796588
-0.0365980413992816
-0.0445215978813101
-0.0317502772222641
-0.0085777018976763
-0.0403175535417787
-0.0104187439112514
0.0346416269654524
0.0347312498162112
0.0096998248708777
0.0139588118914444
0.0520872889285578
0.0539083777033065
0.1046114158334797
0.0305249245199339
0.1224755840444732
0.1351357394303884
-0.0356941612787536
-0.0734198667835277
-0.0233021667950557
-0.0144219721190781
-0.0793344756328277
-0.1812308361573275
-0.1826391957148237
-0.3977668761038668

0.3816258396289819
0.0905993905171578
-0.0139766011634514
0.1564968392361574
0.318269964625266
0.3625215723069594
0.4514063923300596
0.1897542550445259
0.1893051918247132
0.172335275510323
0.1004961540098853
0.0800942654892508
0.1300669470313384
0.1789405355422791
0.1969172652220472
0.2061551039316926
0.2581433600120301
0.331403290218515
0.3120367528425483
0.1751895650462567
0.1624320480157528
0.0617450695418228
-0.0005455512641645
0.0439321248228773
0.1085042528606314
0.12570350871812
0.141556070648438
0.2002677302459535
0.2604892517595754
0.1974714989161915
0.1035896495320277
0.143462590650187
0.0778822036306055
0.0581045035422655
0.1024114224188292
0.1534541771468214
0.1768521196746048
0.2777345035692253
0.2762291058346159
0.4426721205197225

-1.8882932051056205
0.4521326779051973
0.1686268651098099
-0.9895811422626754
-0.5469990440454136
-0.9123756893031146
-1.0294393799202848
-0.213852776668163
-0.6849981191300316
-0.6051187053210427
0.1366992305690739
0.2187861868859468
-0.2492643604353374
-0.5035359817085603
-0.2987224508736702
-0.1167535938183387
-0.5106205194347064
-0.4834043156426917
-0.6140677930326675
-0.1737941539335337
-0.4747851461730404
-0.1854604766067771
0.1825194900580231
-0.1945247394703558
-0.4462115793946321
-0.2469868717561069
-0.4775685867684884
-0.687465501260864
-0.8539750170465849
-0.7802263056045693
0.0593034407407419
-1.1201785937696715
-0.0677956466730267
0.1677097159754164
-0.45547060428637
-0.7386659220835434
-0.3268474809279265
-0.994873038141231
-0.8535658223812133
-1.4041358030704008

-0.2642202544566766
0.2708540740649361
-0.01708820133571
-0.0765289393271974
0.0435353325097687
-0.0157480068236445
0.0069733962104992
-0.0060489713146367
0.0042952486597674
0.0016436564684844
-0.0028672431589227
-0.0014213984731776
0.0017918258571841
0.0011024563372818
-0.00210299472137
0.0015727939518262
-0.0010034567590012
0.0007321544561915
-0.0004418738246505
-0.0076727877812985
0.0564895881266259
-0.0642253400238899
-0.0889286544752766
0.1115236222672918
0.1964647589501225
-0.4711066478521986
0.4973511109328141
-0.4902093224749342
0.8279594784784655
-2.4210034935443057
5.039371773964969
-3.7650413552754687
0.1291327813186077
1.392670487232226
0.2957849490074937
-0.3887701864247415
0.5749254377767408
0.4378459934081817
0.4513899797237279
0.8300367164903281

