-0.3948804942991858
-0.1351113085890791
-0.3322119145916815
-0.1510079438417078
-0.1755139491824676
-0.1015356701628327
0.0424738767625522
-0.0191449399429306
-0.073628646414587
-0.0623921388255135
-0.0373952112780033
-0.0625659303498374
-0.0576250422452054
-0.0290248754160992
-0.0309987110078381
-0.0225748761918591
0.0077397819954668
0.0131795843495439
0.0788520914371507
0.0457030747523947
0.0442596676253565
0.1209081816073168
0.1469291773275083
0.1966735521392562
0.0689636539517337
0.138235804748882
0.1024022883891352
-0.0503439501294907
-0.0686546938205583
0.1113394140812795
0.3054482221618452
-0.0075983735485453
0.0246889183897406
0.128350182061236
0.0408947858708348
0.033720881532006
-0.1669092213187873
0.4319550273741565
0.2040952486254664
-0.8823094642937522

0.1396530539106988
0.0881209754466911
0.2539826788778798
0.2236092008294832
0.1371484298966041
0.1495647851825001
-0.1657550830891397
0.2763370242013178
0.2458393409153697
0.0650368519177974
0.1961570959577752
0.2933446819360999
0.3008570483983948
0.3453231922142782
-0.1738242499873161
0.8160371096340889
0.0469797924299787
-1.1651237517332904
0.750193282210038
0.5030488744230791
-0.2614206139488088
0.4377918571278844
0.3025771682142448
0.4192803627598659
0.1651162191975015
0.3223665653639211
-0.1457732840615088
-0.0406008178102591
0.5088312371547922
0.2550579355394635
-0.84614464611084
0.3943618215324773
0.1643431429314421
-0.0204044399107589
0.1592022926296523
0.102791091159349
0.0830215860913828
0.0358981828026525
-0.0783796846076179
0.211893714037108

-1.30323085665505
-0.4319821185741895
-1.1999390387034643
-0.6455300388212782
-0.4014245550787916
-0.956109838368482
0.4168711153085979
-0.0841614678177824
-0.6327985758575556
-0.3653691720294299
-0.2898295427097392
-0.6446424131936255
-0.5711426032652125
-0.6975585785691071
0.4366980103864772
-1.591695830495338
-0.4449141390932565
2.6124512819564023
-1.1458803132741635
-1.2541365559617732
0.6579825480497395
-0.8299802436344856
-0.565193128820035
-0.8574615795528274
-0.3644929406654982
-0.4377036548773038
-0.1126374550783276
0.0462316736699347
-0.7544209337243525
-0.4481366373433917
0.8093579743106731
-0.8913595909015811
-0.4673502485014532
-0.5780510668665615
-0.9037183571131104
-0.9322064145397312
-0.4907943438274705
-0.4088886184358135
0.6036210111808473
-1.6019167194886257

-0.0561400808468507
0.039067143544666
-0.0178058142214965
0.0137893258398276
-0.0171611250753103
0.0118646259787733
0.0008999243002895
-0.0042112989941806
4.7325692062841006e-05
0.0014315624596592
-0.00052567044774
-2.541804385897586e-05
0.000174179081719
-0.000199637523516
-0.0033560815425802
0.0200198355969379
-0.0119190644547839
-0.0333109542235647
0.0158491229333953
0.0762162995531015
-0.1330556738651275
0.1341879874637165
-0.1566995916630271
0.3558811688445863
-1.0964613318121508
0.0659288620327623
8.551544683697132
-0.9967066117536936
-29.75179212209985
31.262021177672803
-2.228754672508499
-9.226137664999204
5.056518505979179
-0.6677099338721026
0.6931999518516685
0.491143303548988
0.3105322059157719
0.3473878173165406
-0.8069581643040536
1.2952279294458702

