-0.0228709400354426
-0.0676560387449761
-0.0097284550543268
-0.0066476442100864
-0.0312869021484761
-0.0100251879251573
0.0586897183658947
-0.0062251103478731
-0.0160990855003672
0.0569751817859637
0.0293523263572777
0.0689791968690958
0.0943104106880916
0.1217536039681349
-0.0039494479622111
0.1698468644749999
-0.0518426903710096
-0.0433526137819702
0.2378458182977855
0.0503919830890952
0.1156391994462315
0.2118753576279237
0.2619437058449544
0.3282902054685956
0.1660214328654045
0.0202090907330674
0.2293069445579834
0.1652223604449397
0.1406201559885275
-0.197024240977164
-0.180373409205628
0.9841151289362208
-0.3380506694522201
0.3741494734221717
0.1618362466602551
0.2247579765877429
-0.0848841370741631
0.3717873704196184
0.2044935068210324
-0.5283552364924237

0.3412648512930092
0.1229329715603491
0.2642859924947175
0.1630245530480728
0.1051144755645286
0.0978472355353852
0.0564082911138604
0.0238482234779634
0.0499861866747484
0.1201347229737781
0.145483381780876
0.182171405863208
0.2721769685590612
0.2741584190307763
0.0818348203633566
0.1094423382438712
0.1303133948946167
0.1276085134800814
0.1421132387688954
0.175174642816915
0.2149582894509509
0.3195339585117087
0.439870213262557
0.4779365046633954
0.254286376829105
0.2124879414436527
0.1657649337980246
0.0887171598194164
0.0493784008997645
0.0444983629549956
0.0728094680764692
0.0936255335758894
0.1476241160788956
0.1839806503015321
0.2392457804167934
0.2706453934169895
0.0981401849318257
0.0469737507939517
0.0979444744023229
0.2271884496460218

-1.5743671069380838
-0.3926397051848897
-1.2237887778385417
-0.5325395191474523
-0.3847984589243834
-0.7614211078447036
-0.0569539418220469
0.2496465830950703
-0.2235702895104534
-0.6664702754669194
-0.1296582149784403
-0.5690256782707365
-0.5610242710645142
-0.674322371236993
0.033349955553377
-0.4129910295606889
-0.4932876864928418
0.135832617755043
0.0602586863022612
-0.7368544960956854
-0.2190877441752899
-0.6680734320531114
-0.8307456254160677
-1.044902043937856
-0.4224741486925131
-0.3997249091722451
-0.7047470921396354
-0.0633933450971837
0.0525726440027023
-0.1655121635151431
-0.517221974245567
-0.6199644767992226
-0.3975049193567609
-0.904222726343262
-1.0379857228595073
-1.1450426692774751
-0.5808143658961462
-0.3380087911488371
0.2431451816056098
-1.461709756365163

0.0260028167458584
-0.0308014648088171
0.0173589701985072
-0.0049126082544719
-0.0010465388095483
0.0073064804354789
-0.0032266755277666
-0.0056879927721895
0.0013117068533895
0.0048300185060697
-0.0011855531585923
-0.0027820872600348
0.0027683904440346
0.0051451365414782
-0.0088692667949024
0.0099130915421841
0.000644589872008
-0.0069634600126833
-0.0018094100143284
0.0049164498550076
0.0016536247185243
-0.0039696123866415
0.0011618536001161
0.0063956347836498
-0.0075892504668917
0.0063238869240042
0.0064205013185496
-0.0049742676620455
-0.0072137731581572
-0.001112972952098
0.0050489271619579
0.0038167812416403
-0.0024101849456862
-0.002089500568491
-0.0018804640995219
0.0146646798097642
-0.0059749428576704
-0.0251869795216162
-0.0112317717616285
0.0395286048517852

