-1.000610566449231
0.0406083327709933
0.3237087742898257
-0.2271913703058488
-0.4061390440234356
-0.1610532340935445
-0.3968644960545975
-0.3840249800277031
-0.1580021462311507
-0.2188974060849899
-0.1686715450281155
0.0208094770221313
0.0073929824164663
-0.0739638322568439
-0.1183537033174954
-0.0772733914065666
-0.0720605284017944
-0.1470432216000195
-0.1544465106089754
-0.168188686304599
-0.0369798371684093
-0.1621943788303851
-0.054373089683502
0.0633026027037941
0.0450804282793758
-0.0380864311215001
-0.0794935409857799
-0.0477696212922392
-0.0249097240919003
-0.0775428051513007
-0.0706840697714433
-0.1453213838820735
-0.0956110515603828
-0.0119928592264087
-0.0484861520798439
-0.0901771254737409
-0.2565589656732439
-0.2755312629060897
0.314327543544681
-0.9151419636369136

0.368954911244883
0.0678705405860194
-0.0427572654395782
0.0611661156510805
0.2631094467648366
0.259224369727359
0.3834407986179372
0.4612734081619852
0.2168508629895461
0.1903841783147744
0.1748501749218782
0.0916378135370207
0.0869281001874764
0.131896195538127
0.1713311102530282
0.1778485572795538
0.194598247593278
0.282398254085526
0.3446589824250693
0.3467760331050084
0.1568616178520576
0.150333603681609
0.1028110450366102
0.0430237892628746
0.0298803811888878
0.0571209820919827
0.105488815119715
0.1095527995971916
0.1367869075531732
0.221216604058476
0.3005597399159596
0.3309572515764207
0.1563953564531562
0.1581319014858464
0.1198001109909917
0.0705232454410082
0.0909913912704895
0.0979180391528712
0.0189659550563047
0.412422396663868

-2.0898989201781424
0.9905602910385106
0.0100963614725837
-0.8080806379300425
-0.3800111631934882
-0.6321356354189556
-0.8545972253495019
-0.9738882668479476
-0.3432796122870772
-0.4692237844692666
-0.7755953798330356
0.253549647673025
0.2805721334295347
-0.3629474097743347
-0.6000676126632153
0.024269780626385
-0.3156769369774434
-0.5125230652224969
-0.5489693824110317
-0.7056453062767546
-0.1686010683929076
-0.3838173138269294
-0.3904059515420839
0.0783394118303305
0.0485191798881765
-0.2559140881653096
-0.5186627567945592
-0.2119906614310606
-0.4317751210574528
-0.7556328577482762
-0.9000017560656566
-1.1555802437871472
-0.2092251727637767
-1.065547609937339
-0.5077828574479522
0.8004446496607842
-0.3242746997504792
-1.760843737305911
1.3137082241902105
-1.865612608117184

0.0047353901380593
-0.0080793840389153
0.0022398110872417
0.0040800375933824
-0.0040207891420179
0.0017643451352808
-0.0005372416537597
6.794389306269173e-05
0.0004689393350708
-0.00160498096932
0.0017412444012284
-0.001325732605398
0.0003279745905586
0.002538896475842
-0.0011502917147462
-0.0057263799802724
0.0098628473787211
-0.0096741821350092
0.01064379240089
-0.0203756177946844
0.0305553368818444
0.1316846151626671
-0.3149096402902513
-0.258058606093153
0.3342811769443408
0.7262245951761425
-0.1972687924754579
-1.8661017190918237
2.726261983101385
-2.303063948848566
1.892966492025701
-0.0893211245705625
0.7492137716672412
-0.0833537305447324
0.4712971454545903
-0.2999437699184247
0.1279631106632497
0.9749916911784866
-0.7855275144487163
1.1613529169659162

