0.869521737455667
-1.3090919435285342
0.6513913501736717
0.1949478870438039
-0.1790149659684561
0.1842827298997436
0.0830482069929599
0.1523631927946422
0.0390754442902439
0.0751929497206418
0.1194608476785139
-0.0875906822031291
0.0424543090891628
0.0899190336799376
0.0387825133083049
0.119517185357922
0.0969362565066027
0.2131494723212049
0.2609334921084177
0.3413002532118024
0.0870808323247243
0.1427355056789069
0.2804666058698961
0.0051549713184882
-0.0987638802151598
0.1095118774066774
0.2716364369843955
0.1554624964872459
0.1855052547867511
0.3755876996679072
0.4091378901736242
0.5792783119595163
0.0699340198072209
0.555837111912421
0.190908308181286
-0.3305826975204491
0.026542236342564
0.3824954824227354
-0.1524615060797121
0.1667431220678614

0.3991234823768528
-0.0051781475881821
-0.0495188707291831
0.0990592228042298
0.1700394741978075
0.1380718349203165
0.2101815791341427
0.2270941908434209
0.0824903811976546
0.1240571888441704
0.0865726113604411
-0.0021306005680804
0.0506607542241374
0.0463454638589371
0.0065447406320466
0.1485231602905332
0.2020811157815062
0.2244819416623525
0.3271188995314414
0.3780012974413866
0.1169944807399108
0.1572194472155809
0.1707430749547517
0.096983637748904
0.044819884794039
0.0598783649135216
0.1137684736364999
0.1547213466418106
0.1669764482149447
0.1992800320000719
0.2602517101910077
0.2583995054084935
0.120721279615254
0.126426683465736
0.0894181771390463
0.0488850756054291
0.0846503755174808
0.0951230403506455
-0.0186709829911453
0.3852873585306051

-3.069283704788834
1.8153781794179271
0.2069466948640445
-1.5027301660224923
0.0202273686499447
-0.6941607157694984
-0.7158311076490637
-0.8265480275504092
-0.1695911230116591
-0.7148228311369134
-0.4014382492281114
0.7998706844282696
-0.4827888577136989
-0.5459722023661682
0.6911594946920744
-0.6864782406218414
-0.2098007668166794
-0.389432391166401
-0.521551079391986
-0.6903943169221809
-0.1706496108815939
-0.1957862910080939
-0.611545182276899
-0.0573934621800594
0.0966154295545257
-0.2153368629572326
-0.4686571528977247
-0.3871198383426177
-0.3821303144403367
-0.7699636842068561
-0.8603852003873006
-1.1361069708033358
-0.2087332325218194
-1.0338512496939685
-0.5261715320430543
0.8188207875061682
-0.3799176886768044
-1.9592159861613805
1.5299290313758258
-2.197907497390564

0.004764281366016
-0.0079799311005132
0.0021220337335995
0.0038091866171463
-0.0033870241357231
0.0010520918065766
0.0003099957745727
-0.0017305192681415
0.0044091812191113
0.0055877599762511
-0.0282508725003133
-0.0175901508860965
0.0372987604428377
0.062704905841176
-0.034224556606576
-0.1627907493620533
0.2698335347763105
-0.2572574036640805
0.2845489500052849
-0.5646243929430326
0.8005774026600541
6.958103063633922
-29.5183813510688
29.209041857633142
0.7793798514161895
-8.571747756510355
-2.5576981449421834
4.686789917199754
-0.5459685322411967
0.0724150148722438
0.6967633971178099
0.4884977926181305
0.2117167922635128
0.4719669357815763
0.2780047846150411
-0.4428528908029668
0.1948727276848685
1.051530499977058
-0.8486178899386027
1.1776291078100876

