-0.0438987831579918
-0.0559253313527525
-0.0217287367635971
0.0069280565551174
-0.0686601371509133
0.0076307971496611
0.0964681198826216
-0.0302374355963932
-0.0578781451017963
0.0745749336720143
0.0382545679922824
0.0206694453670284
0.0810248440901318
0.1023859224304842
0.1199224000979408
0.1091535682136858
-0.0686661311434751
-0.0323940415941621
0.3012025298576022
0.0195347803561536
-0.0121602233385099
0.0469093642738754
0.1726950805090019
0.1337914253884275
0.228700488028176
0.2822357668418034
0.387941884961574
-0.0094608052930546
0.705141171408788
-0.2130778131322675
-0.8467586312218315
1.609323741152684
-0.4075899581095293
-0.061043136976827
0.3451322625976156
0.0590724796082511
0.1798698829685031
-0.0758232782231123
0.436308582376131
-0.4197726233485944

0.3521865727433984
0.1504740411812258
0.2884101096730552
0.0980596295264292
0.1290697025572576
0.1206995477853656
0.0518951390005276
-0.0359756038651014
-0.0141657841922943
0.1258051427557108
0.1330962086899118
0.0908471379094806
0.1976209139516951
0.2505639131652243
0.3130155809199908
0.0794980081826602
0.1227573827455545
0.2030301446816984
0.1525424714859623
0.076019849420995
-0.0047802868339329
0.1240209755450258
0.2328501332324151
0.243024149864848
0.2931026786455517
0.4104171856637308
0.4170975313872604
0.1833885526690518
0.2801236123072202
0.1596273283957265
-0.0092167930419444
-0.0691928219325198
0.1237184387741362
0.1932559734652681
0.1340275147157368
0.2222670928051988
0.2748673523526047
0.2053811122529799
-0.0117616369624001
0.355311699260023

-1.5640604039971522
-0.6070007577478383
-1.2636539414354744
-0.2578720891629799
-0.7120433140227886
-0.6150718634001455
-0.0103625855256502
0.3562135622543141
0.0599811108438627
-0.6617901980574751
-0.3611184838657859
-0.0252700516772031
-0.5810136369833164
-0.4754005109042026
-0.6413284565424675
-0.0646235296434395
-0.5312539682017089
-0.3421652926140047
0.2308815543236484
-0.1348367815131224
-0.1183592120449985
-0.4467052956536048
-0.40114591449167
-0.3636729691354727
-0.7559360237939295
-0.8803743921302299
-1.108166578704051
-0.3401605440797327
-0.7602169198521814
-0.4614169944194083
0.1196921194654056
-0.2879635681828536
-0.5919941984292066
-0.5534117152488583
-0.6562539560019137
-1.051218328540395
-1.105852360729206
-1.1974976657666323
0.673713619838644
-2.0006712192554432

-0.0173384517503947
0.0102862838619835
-0.0047158845916247
0.0044459879276499
-0.0031367447441445
-6.434134504165914e-06
-0.0042987445324422
0.0013933069786593
0.0091439884385055
0.0018261445653344
-0.0190846161368117
0.015448872417008
-0.0013484093209559
-0.0146008718103568
0.0716542729459191
-0.5336288827701654
2.1232977697770594
-0.706201142143286
-3.4364439801735327
-1.3469248759295671
5.301048025258156
7.285852917582622
-18.84168811301405
14.867897894374442
-5.557654662964421
2.397601659627218
-0.2022368050055075
0.8147839587016636
-0.1742456660593214
0.4538645972234072
-0.0144852653043506
0.0505580988061733
0.316562954057619
0.2576879503243344
0.3063091060899778
0.5218000398981361
0.5057527304209352
0.6917181517176771
-0.6207812493660537
1.2609679803687155

