-0.2315442632064317
-0.0623461042057381
-0.0471012169942605
-0.025993196052908
0.025471788556176
-0.0466534065737436
-0.0895719379449696
-0.0474962941298264
-0.0733363133771225
-0.0490601756661637
-0.0318715179890833
-0.0288357070687071
0.013250950141872
0.0078016238841957
0.0010078738486961
0.0349292614176324
0.0445209294775839
0.0664059420853605
0.1258921967536091
0.1702187999833197
0.1468090894405312
0.0384339933762585
0.1067547001341004
0.0719689254698826
0.0536626130336915
0.0771314681039158
0.1242000558766755
0.170202191439727
0.2348627450912866
0.3211382313570107
0.3055059975721023
0.1121514342929945
0.2417436971455323
0.1112426349318102
-0.0308904372314837
-0.0775061667133779
-0.0405827543542369
0.0489808640945555
0.1016218314116235
-0.3465546172709007

1.1456397708785313
-2.458733183250408
0.345742838989779
2.475135069240878
-0.914434280562212
-0.6480535155238593
0.8770160651417309
0.0642489867975145
0.4131160644911431
0.410661690571202
0.1069172588583402
0.1873228783603377
0.502061070269551
-0.2802347389333534
-0.1199268594787709
0.282456943383701
0.1292544717619785
-0.0278675519598765
0.2687748382950719
0.2441050290636624
0.3075849029565898
-0.1326175724508248
0.4187237954584403
0.1190769164233395
-0.010264706346614
0.0178717498042166
0.2204676737258368
0.1076420847958849
0.1811952107022807
0.1561554263008945
0.1257517760001071
-0.0599102340753718
0.1293984308924583
0.087327968310445
-0.058025861145175
-0.0494397147249327
0.1116003744825959
0.1864011727416894
-0.2207861287776198
0.2825353084358521

-2.7079521981040027
2.0195888595687874
-0.2682372824761446
-0.5453219040536531
-0.941039181885868
0.1434333897419478
-0.5326255649932731
-0.7616507358688506
-0.7647062031022801
-0.9498587001128752
-0.1758609575483733
-0.6090025863182748
-0.780286280173199
0.5003729682226269
0.3052737534272535
-0.5945806673293147
-0.1933501752495035
0.1290618575289362
-0.4091754864050059
-0.3617156917550614
-0.5307638621500448
0.2622138587669194
-0.7093244251262125
-0.2254261915036515
-0.0234783257743139
-0.178553469121114
-0.5022699808007248
-0.3826418428549014
-0.6887475505017366
-0.7520763360768215
-0.8851800586050077
0.235329449630828
-1.1815478013646052
-0.3899679410785168
0.6948430391942858
0.2901360187069241
-1.0824918309367575
-1.414161619146828
1.8076456569823711
-2.272559663615418

0.0050821520178489
-0.0068812509512788
-0.0015596642901623
0.0042334517299533
0.0018670834136132
-0.0037078100214694
0.0013732027987894
-5.154673503408058e-05
-0.0001491267042715
0.0001972620190138
-0.0002994974288633
-0.0003182995697243
0.0016940930982864
-0.001181001133224
-0.0003492684521822
-7.219838335124081e-05
0.0008842280848463
-0.0003480293008687
-0.0008680526504741
0.003700862240362
-0.0216643224202217
0.1291904487639841
-0.2397532471785675
-0.1311088927710574
0.4265900610964655
0.3131214691510596
-1.2809869105321594
1.4689606269816224
-1.2702866533826065
1.3714559935723465
0.1873063248965181
0.3709486410164292
0.4497086802900905
0.1843282663502667
-0.3734318706838066
-0.1229722789951695
0.6182710863230674
0.7330508783713356
-0.9776843305594028
1.2688670895759653

