0.558194215808932
-1.359315484352595
0.6101197318635854
0.4174048997766861
-0.2087725128608317
-0.1922407955551585
0.176414996734959
-0.0316677344039925
0.0507914440702877
0.0523708719979765
0.0421366869641251
-0.0318445108586328
0.1020009077655661
0.0219792836955299
-0.0207509234622747
0.1012311472384534
0.0677597586782143
0.1174226001441286
0.2019444193723691
0.2360637827490686
0.247347306050212
-0.0619382620864001
0.3327484552829154
0.0484738152623355
-0.0693368464804842
0.1553875971663176
0.2225893081208852
0.152391165883404
0.3190743742409942
0.3756671507892262
0.400348990124806
-0.0125000942661479
0.7405882478466378
0.0615809475677345
-0.3320780760669728
-0.1171088369970049
0.1575788236678003
0.0947986964604918
0.0151957032664857
-0.131357614729011

0.3973749255419802
0.0302612506320961
-0.0653018132895471
-0.0120894395694247
0.0786719452879948
0.1389849705307718
0.1220252135191449
0.1304133097936888
0.205884767604471
0.2347193036855935
0.1038286005226058
0.0977829729912357
0.1364509357936914
0.0463101028570123
-0.0226777085690943
0.14993347027611
0.2431092899188214
0.2363196611229538
0.3700916025175344
0.4635123039757952
0.3365467461854887
0.1474554312034076
0.2358679027553926
0.1326364104837505
0.069835977189699
0.1280935676653766
0.2088443619657775
0.2303816168362033
0.2913514434159436
0.3402699562160839
0.3117677204369962
0.0877650916187572
0.1341277147513981
0.0732944297582187
0.0200142785349988
0.0494265365804481
0.1030693967266249
0.0753928579928317
-0.0408831069091767
0.3924841078397509

-3.4278484190526046
1.691059313595974
0.8423846239668336
-0.511229581569516
-1.0242756914793798
-0.2171198063694773
-0.0933635933963616
-0.7220091277776131
-0.559895403725501
-0.7395236951149802
-0.2838586724739519
-0.0954887880539414
-0.850553827103359
-0.0583996878867114
0.8835157210936272
-0.8969890552498004
-0.3834664670605929
-0.2438897056232357
-0.6994060158117545
-0.7396036792257639
-0.7719941231102669
0.2154312154328059
-1.0925217838847563
-0.0993545217040814
0.1670019011714291
-0.4882664403053156
-0.6586855705737545
-0.4415986123447104
-0.9593260651841642
-1.0456342830566008
-1.2861430766471942
0.2671980455355816
-1.78816919798008
-0.4380276667664034
1.012844027652122
0.398326553903538
-1.337066552364504
-1.6327084376402117
2.0340285513941816
-2.4591031530439285

0.0045176043379709
-0.0063762574405691
-0.0011152495800677
0.0040443109861732
0.001334214606308
-0.0035964523149796
0.0019039429996476
-0.0007601083277523
0.0007555022483243
-0.0019312596736458
0.006937621266168
-0.0117927205980054
-0.007762511835581
0.0124728156980138
0.0236768668751328
-0.0142567089001685
-0.0554636482082898
0.1099744134828306
-0.1524846909141089
0.3264836635682823
-1.5022118693315645
9.033004718948442
-25.87761861185944
26.142441600689075
-4.271071597854726
-6.900882480375174
3.884926908014443
0.177248299141817
0.1262528443190918
0.6809095229782255
0.5504889182371243
-0.0509176139637126
0.8336456054458815
0.1975193168201095
-0.527018624775401
-0.2060440993948969
0.6897514274106287
0.8508016624095444
-1.100625890472858
1.3084852858059326

