-0.7201134276524328
-0.1713143190982774
0.4362281666037644
0.2264848785264585
-0.2849915050821403
-0.2714571304601781
0.0508273330501054
-0.1579379215349348
-0.1626306271460288
-0.1693555381527964
-0.0673886927268628
-0.0992110242586497
-0.0805010614735033
0.002064412307979
0.0069992080593849
-0.0268511665651524
-0.0344612244122413
-0.0248793796362979
-0.0281251442587762
-0.0256905409566636
0.0065780681321064
-0.05096765572133
0.0129014699252404
0.0483007159863722
0.021650076646149
0.0006231149328515
0.025798776996448
0.0492189696121417
0.0641460085112105
0.1030787090117053
0.123755568872599
0.0065867544024847
0.1542879349780306
0.0694754184982816
-0.0376449945699572
-0.1212052668247966
-0.1639093713165868
-0.0594631208043906
0.2614147584932274
-0.6119174922948252

0.6309547960322027
0.1167728763007196
-0.3050397965445585
-0.2516247285639209
0.3634944271997159
0.3708238837350289
0.0741632720055251
0.351704742129761
0.4315859922234388
0.5143868454442468
0.2017661967418924
0.2676964922484074
0.2583143802343883
0.0762570645646544
0.0887979192091134
0.1703958110272314
0.1730886982509895
0.2216597230508658
0.2802961362720969
0.3137959700360752
0.2205626908249136
0.0996557026091909
0.1385847253738269
0.0256044303226779
0.0157488333881086
0.0841788947604928
0.145754068835243
0.102221211984652
0.2021848177130741
0.261888059516355
0.2919193785862558
0.0624930872230965
0.2199340518242034
0.0780522216185337
-0.0358689002834007
0.049876129558925
0.2075688404407391
0.1665463792382045
-0.2045048637577829
0.581705985326672

-2.2059546219372086
-0.0640458400143107
0.9242507176113034
0.6493131679654273
-1.398593720050796
-0.7054730382525075
0.1429670774553276
-0.961892111276446
-0.7182237022640399
-1.0020986491014456
-0.2321414405204599
-0.7016669284378921
-0.457617679019026
0.2596413060877994
-0.2094726576678729
-0.3208965039203644
-0.2254590926855671
-0.3698480341849644
-0.5036055333676113
-0.5840095926678809
-0.517171804828515
0.0102076724545798
-0.5941084022365275
-0.0025444882059761
0.018883921490925
-0.3234648893002005
-0.4629111596010392
-0.3180719015533823
-0.7347180031146224
-0.82997589552085
-1.0833147634644946
0.2340781836323641
-1.5086623495033729
-0.3995735874755496
0.8803491535712131
0.3469335202003125
-1.2138937521877493
-1.5167703229479303
1.9184903274566647
-2.349752287714841

0.0048630865349047
-0.006712644989588
-0.0013840349405882
0.0042020638135562
0.0016834148512454
-0.0037334679988741
0.0015664596594502
-0.0002016749518591
-6.140761078314666e-05
0.0001170509838158
-0.0002847366929005
0.0003047681694475
0.0010336262552671
-0.0021948128169075
0.000412870395436
0.0020205411564153
-0.0020776121493555
0.0008512383829186
0.0001064103894276
-0.0012730330214959
0.0078178941168193
-0.0478980452638845
0.0939903993745464
0.0390513947214364
-0.1606069627600892
-0.0985815740265923
0.4637441337431034
-0.5538505649381129
0.5065466546354168
-0.658577525809256
1.3697954868829485
-0.9980573536365136
1.6819995000709391
0.1312724320640915
-0.7690813777340995
-0.2727664729093104
0.7831135380680739
0.8980363814911049
-1.132801408942365
1.3062061991717568

