-0.2855747007263246
-0.0107728272605299
-0.0518560624551236
-0.1601263730157358
-0.1302524255573173
-0.1356644873623109
-0.0515506715123122
-0.0868714707127628
-0.0518914280656169
0.0044309094600966
0.0282699050289506
0.0207396290665377
-0.0011493034236832
-0.0125164927188838
0.0198204427931482
0.0544886083657043
0.0722547057593119
0.1175255435887484
0.0384328818659149
0.0642180114649097
0.058042227022665
0.0293127947499353
0.0379059964579167
0.0672652350202454
0.0885733519603568
0.0960878082327627
0.1332391770175505
0.2004936162659956
0.2761264728382681
0.3040784756486069
0.1519905751971045
0.2352763175905255
0.1158376125012101
-0.0180035946891157
-0.01566421227737
0.0531718546781244
0.0499062459015353
-0.0571773894840435
-0.0261102460270187
-0.2492190776586398

0.169261489988986
-0.1274716581883051
0.2229358035240818
0.2691866772310686
0.2717695121639775
0.4017179729404823
0.1035278073438468
0.1743876824823721
0.323898332598906
0.1197025971834082
-0.1219587537655292
0.0236493208051018
0.204441438685625
0.1278132593428993
0.0903938258675737
0.1654148936196291
0.178613866448527
0.1755688715164041
0.0511643387299496
0.1113452468718574
0.0716804267456481
0.0680384790637438
0.1075711037728083
0.1242487459354316
0.1031507128267929
0.0725220868203212
0.1390183569472299
0.1900696419413189
0.1844313434577932
0.1797942345904734
0.0450889271032929
-0.0247875554016412
0.0650491906727606
0.0542693120623739
0.0331156030145019
0.0341642200981978
0.0488776831460778
0.1049597157247337
0.0752649964026259
0.1859912679502799

-2.611481960475299
2.1719796130689715
-1.8678669225213167
-0.3782548394155929
-1.0819432226554
-1.097224789154712
-0.4074566217918227
-0.3500493255880106
-1.2561629104451848
0.0577146816699035
0.9154336853461011
-0.2627311794772205
-0.9812755467014684
0.0962069839422734
-0.0969583907840651
-0.3806990524184466
-0.2261724357002404
-0.2620848669224988
-0.0410396257236466
-0.0582919633978322
-0.1395859991247638
-0.1611367666924741
-0.192074261940374
-0.2348018121549189
-0.2550541152054174
-0.189436575666233
-0.4376394072135014
-0.573405927248847
-0.7104452654161839
-0.8405498374658806
-0.284540357427835
-0.2414174676294905
-0.6356976396932926
0.0987945527064613
-0.1500332443877356
-0.6903093047510049
-0.1315634476403697
-0.8989772706517045
-0.5765243290116994
-1.4775485468108542

-0.0124267964430815
0.0087773696856682
0.0011272161444954
-0.002714176892522
0.0012499467800424
-0.0004458631184141
0.0002357475555204
-0.000835886910116
0.0027037969440502
-0.0019511229141263
-0.0016720035525195
0.0013825079485041
0.0015514505498965
-0.0014606251164874
-0.0003666972900067
0.0014972520492853
-0.0027161529989881
0.007803045493482
-0.0296988693334662
0.0452780727312062
0.0572780022521688
-0.032007551203691
-0.1183712388452821
-0.0746193286062962
0.1685231000781437
0.2807207866834755
-0.691163108648882
0.7680050447741886
-0.8752871951023649
1.3995434361828922
-0.5522784675391931
1.0121040479895649
0.1612080516102971
-0.2572719387004625
0.0996333028200603
0.4404839443983842
0.131179254475246
0.4443841148463535
0.344626717285758
0.8309338947034501

