-0.4672060415731411
-0.0123527670844365
-0.1657789462100544
-0.3720714732516123
0.0495425284426559
0.1605435508227656
-0.159919761785364
-0.1336964927597728
-0.098723268014578
-0.1350967426685225
-0.0513382195858272
-0.0722587038943705
-0.0308311608081882
-0.0053402356364579
-0.0079687476457988
0.0414472214879392
0.0182146801318563
-0.006910757559673
0.0654060890864536
0.0732525609745732
0.1037754813534255
0.1503557461852331
0.1100474210711482
0.0303633080068656
0.1343900297217806
0.0373018173231949
0.0035991955192394
0.0840897976663383
0.1318465246869916
0.1282754579161946
0.2102123503342467
0.2212703674230784
0.154295397221525
0.0695791044316564
0.2397090811180055
-0.0620905509013627
-0.2384350305008484
-0.0498377146042694
0.3136979301151455
-0.6023742907660383

0.1441403371204677
0.143251869715688
-0.3478445021416567
0.7333580368137902
0.0478950138188064
-0.2242731373696756
0.2724353804930672
0.2902098073125918
0.3014297684202698
0.413892629978919
0.2092487383631762
0.0656286939174984
0.443484038195394
-0.0329078361444712
-0.154877644510601
0.0968219710768193
0.1276311930090046
-0.1941834201866624
0.3714815629444785
0.1211261348360312
0.2941722524678016
0.3664046909642692
0.2451383629301839
0.0879576326112227
0.4242631491387134
-0.019695263830436
-0.1377857755761583
0.1775868153016366
0.2014480548376359
0.0335279156451897
0.0941358994158333
0.1077111735572275
0.1237176607218925
0.0209035845102728
0.0849141000375594
0.0348635713475014
0.0422646868492946
0.0587934720394848
-0.0937190753140172
0.2383783860968185

-1.3975910819945732
-0.3853999132048746
0.3662848408719975
-2.2689124213266494
0.1341905227768389
1.066108626226626
-1.297752924627995
-0.4015547190837045
-0.7814654039827663
-0.864078160482171
-0.5005081009510389
-0.0129665299921814
-1.4165549311632817
0.3994930863515668
0.9198042606188068
-0.6198269579159879
-0.8324389286309212
1.242266988167053
-0.9752356425125516
-0.0916707569334951
-0.5263568123939004
-0.6140815416472786
-0.5954687214187162
0.2319256678319974
-1.165100635863505
0.0082292895338529
0.3373145210950913
-0.5563528099765236
-0.5988678575020746
-0.2904722099519911
-0.7139314771746408
-0.8197016938500878
-0.9391658815872156
-0.1328408176710321
-0.8221635776383924
0.1031462408331367
-0.3105848691826424
-1.0919530254819954
1.3299594296892194
-2.0705724052374697

-0.0044613523547486
0.0049361631272802
-0.0057787597371539
0.0043458176065972
0.000905455552148
-0.0039203992481921
0.0029218288723896
-0.0012877532247452
0.0005620635034094
-0.0004834458500035
0.0007875445447176
-0.0003154981514966
0.0009102082039313
-0.004933688244468
-0.0015815377892286
0.0072018679620804
0.0076082551681367
-0.0093083912605713
-0.0165869990861802
0.0407701964109405
-0.0611968356482861
0.1319170245248206
-0.5063284096710542
1.7393555466117292
-1.1556518056661542
-3.3271794034140827
1.8836727164272804
8.456972859975787
-13.980212230104
9.837730657469823
-3.2295377370881777
1.7280994812359762
0.0236989756112744
0.6459607064360954
0.0911856012806959
-0.1042844778588192
0.2915768316838999
0.6993313915344239
-0.9048250166307712
1.26682740899005

