-0.7949461286923382
-0.0616774695993151
-0.2816126155141225
-0.3049234569803863
-0.0827536754063888
0.111711484336654
-0.2429617904633359
-0.2576075641997472
-0.277152915065519
-0.3555728259707653
-0.2098530350549351
-0.0601254672566582
-0.2691086901961815
-0.1108965446029883
0.0348210388784048
0.086341112733786
-0.0196855995977094
-0.1843234143839021
-0.063278197146368
-0.0733276934062798
-0.1407712260059
-0.1321237203407063
-0.0836062827228901
-0.0570809090483476
-0.0645255223860676
0.0095619400405926
0.0058782822849253
-0.0545394152824249
-0.0721878971833573
-0.0259885929144594
-0.0741927278661244
-0.1338962624698291
-0.2110377784598362
-0.0295793671806972
0.0004884114304346
-0.1633105856316201
-0.3191866671078091
-0.167488648326459
0.4769887800411345
-1.0320745723086675

0.3941225549905133
0.1034603571522235
0.0698005862091403
0.0832731141819545
0.1430632185125617
0.123586261614889
0.1701759204088786
0.2841228010604928
0.3799102243813141
0.4857800756184678
0.3002271642986887
0.1633742043002859
0.2225249194846847
0.1655530185481758
0.1035642980795153
0.0616438221986532
0.0578511667509913
0.1361812868561676
0.1966705820529539
0.2121308904161602
0.2729416964946279
0.3223328211927384
0.2040814430169247
0.139735885671416
0.1410887335701804
0.0643539028670834
0.0460918955386791
0.0679596769166021
0.130652812888743
0.1960356212808525
0.2536313075817173
0.3383357439517936
0.3161285303364614
0.1255351065126973
0.1855229850380932
0.129796697205458
0.059820157283133
0.0160592342704014
0.0214433754546537
0.4137238323883737

-1.3596804541728025
-0.1967213856152163
-0.3694825288942122
-0.6172827238406029
-0.4779009252925704
0.4342264776578127
-0.726224689537511
-0.524213596692425
-0.7427636049022086
-0.8553583999777704
-0.650796724626387
0.1433704102559793
-0.9604631578457434
-0.3464736760196332
0.0778283769393888
0.4751586672945703
-0.1558556816253202
-0.8153753669662528
0.0132066641388825
-0.4563714955118044
-0.5641259329134185
-0.6622269033634588
-0.5738274904167266
0.0919404491960188
-0.8795710049967508
0.0054984401728364
0.0276635144736078
-0.35695513782321
-0.5683371934461908
-0.440109710661126
-0.9024554508302268
-1.019314587821977
-1.1198117986825262
-0.1185474772705431
-1.1154544477282815
0.1609170393933789
-0.1331023745125065
-1.0861758946920506
1.1383691985299778
-1.8876195075673048

-0.0043215880152417
0.0048271189390407
-0.0057204003946965
0.0043268057211826
0.0009419510250843
-0.0038965836181205
0.0027546399232265
-0.0010561177148329
0.0003162744859653
-0.0001246883613431
0.0003738529956481
-0.0027889815438214
0.0063886345863144
-0.0005055394360468
-0.0052094719564732
-0.0027264599792672
0.003749607235317
0.0063851064227894
-0.0074628033840252
-0.0001899143420132
0.008418441003279
-0.0263675217018932
0.1295912087696981
-0.5956466520457974
0.7844604695659708
0.8052575824531698
-1.3643666367681433
-1.8633712469986616
4.952963845986793
-4.780378479630529
3.145897419005685
-0.4533576190178618
1.0601984420379504
-0.426497022126747
0.9899449197506524
-0.182673423442991
0.0103279162777789
0.6972435597058376
-0.7555535402977073
1.2043565186042915

