-0.0367374642122557
-0.0683649656379913
0.0051100718584922
-0.0127584050525432
-0.0016625681183126
0.0113191628760912
0.0185674443136674
0.0173871269504117
0.0338142981773258
0.0609539194583876
0.0423582234011908
0.0030676786037627
0.0433495400004503
0.0318706432922763
0.015697458777387
0.0254180027011726
0.0355406003732614
0.0773287957937039
0.1274575152704269
0.1382685785575225
0.2174662115647254
0.2751360273972823
0.1876597871330606
0.1117990734884358
0.1365571705933126
0.0684148603423051
0.0612524053501088
0.1210788916232849
0.1880976089116151
0.2150477075680487
0.2929033590730072
0.4410801926383196
0.3245881771865503
0.1825149555812263
0.2089246156408412
0.0182624055484386
-0.0689504607238825
-0.0035851030011553
0.0533533080513649
-0.0965206369498525

0.3912910767849024
0.0300356576458453
0.1065910206991372
0.2255910623467772
0.0398646172637747
-0.0643354001553848
0.1497273442345391
0.155334647232075
0.1703029767934968
0.25090271281258
0.1431353562725048
0.0261576124012932
0.3078252696364372
0.053248822781561
-0.2902227884878441
0.0449219568879482
0.3503439012316612
0.2113000333332317
0.0709841241241048
0.3246494026100093
0.3463810582649944
0.4614174456811764
0.2956297263529415
0.1691639877992008
0.3125218724313943
0.0559409734634311
-0.0019550159598176
0.1514702623615661
0.2297158574759886
0.1397674638705129
0.257257301883793
0.261189356731989
0.2762889175567224
0.0585965469861916
0.1685144981282082
0.0884047565581338
0.0757720612021066
0.0676291774494926
-0.1178625383248418
0.4506457032723641

-1.7278180750853245
-0.1155342901393739
-0.3934330517803869
-1.3023927052942683
-0.0350374618025018
0.7941388426978876
-1.0442246819786785
-0.3025293954703741
-0.6410315317458153
-0.6809891708954453
-0.5432937604857035
0.4562834853838355
-1.7570764908920584
-0.2911156512663053
2.0046206553639423
-0.1743903833992441
-1.5983115760340916
-0.0935987229105492
0.3010267024751586
-0.878921470788085
-0.5289283594163768
-0.8899625178031526
-0.682934592981743
0.0739318812545231
-1.1273150025578738
-0.0176487843092613
0.1702997351543504
-0.5529199101464378
-0.6728643651091274
-0.4462330635189981
-0.9729013217938102
-1.103453407625648
-1.218688845871987
-0.1462034142053422
-1.1694134691312417
0.1769224789530489
-0.2271331640889824
-1.2621124824788077
1.4077509219433952
-2.2702903979891644

0.0224743880429015
-0.0260929391740023
0.0020265034583741
0.0181826796958888
0.0033931966397385
-0.0147001259998502
-0.0027258639463754
0.0083663271610799
-0.004607373350792
0.0038687165376667
-0.0031296107783924
-0.0007090852058754
0.0087588116427415
-0.0013070807639285
-0.0068286606819106
-0.0032657022518869
0.0031468328614448
0.0045896704041463
-0.0007821567382895
-0.0028797782025507
0.0002805915106161
0.0028229252157164
-0.0023494277393846
-0.0006652511000928
0.0071180689920122
-0.0032028329077647
-0.0055281042737523
0.0012556186060495
0.0044016241963403
-0.0012643751761088
-0.0022244600580607
0.0020100070025648
0.0027157231139035
-0.0151948636410042
0.0131246634035643
0.0136372638242602
0.0033419706358417
-0.0141321667122187
-0.0330118239144864
0.0407826996027907

