0.5654610220832097
-1.3879300769739098
0.6355178342511195
0.4269451097370633
-0.2285019799316461
-0.1880517815521947
0.179758618888149
-0.0339170737225652
0.0515829409746652
0.0520103377332355
0.0423878658207287
-0.0320009020892733
0.1019530912582704
0.0218522259700459
-0.020517358679544
0.1013765310211567
0.0672665915897608
0.1178655039989272
0.2015768765696024
0.2361199595451439
0.247248979849084
-0.0617680638376528
0.3324062787237104
0.0487320932804583
-0.0694522860957604
0.1555423338894069
0.2223290950639961
0.1524568991745347
0.3189939377121478
0.3754865936825882
0.4005956634852314
-0.0143219471871866
0.7443193358077794
0.0640833826419634
-0.3375321774531081
-0.1263993041966208
0.1671934594905263
0.1075683239545119
-0.0051973936115534
-0.1230718533723892

0.3981781188399009
0.0259686728967752
-0.0642327595230186
-0.0060221965256149
0.0756477453281133
0.1377699934692402
0.122590987977729
0.130563778655125
0.2057310364847863
0.2347779984176947
0.1036597589576015
0.0976979344026879
0.137081026703013
0.046205710792446
-0.0236339782103428
0.1503042895117372
0.2436577680539541
0.2353840369056473
0.3707448271238522
0.4632603072632329
0.3366223281724844
0.1468707290887457
0.2365439638841151
0.132560813920623
0.0693697990252633
0.128095862929604
0.2091075681976658
0.2301562925919606
0.2913721110165297
0.3401592961041429
0.311799820076141
0.0874545478057195
0.1346835422224555
0.0732551709610333
0.019451976690615
0.0493361544403582
0.1034941057272574
0.0754891583651825
-0.0412909257970246
0.3927292360437704

-3.438579320733075
1.719658621120072
0.8348571127676194
-0.5443033310994198
-0.9966907308970948
-0.2179596161021172
-0.0997933900407844
-0.7187273400076275
-0.5609265155272376
-0.7390084657141679
-0.2841947255388038
-0.0951375091175483
-0.8506539862799649
-0.0586064719283076
0.8834659273979141
-0.8956367731431527
-0.3853514385907676
-0.2421147516302469
-0.7005345692875139
-0.7392175771328421
-0.7719479945569994
0.2154172093621904
-1.0923387776081703
-0.0992307399895751
0.1668626967104088
-0.4883110036183883
-0.6583857047237791
-0.4417313024374153
-0.9591096617730412
-1.0456603117297778
-1.285578677187333
0.2651994418550354
-1.7837978492298
-0.4351947184609402
1.0065686075121705
0.3880577032439601
-1.3256949835457144
-1.6188926784732336
2.011067733583412
-2.449250249186208

0.0489718885910137
-0.0123677957702904
-0.0296253605040436
-0.0172390297661074
0.0063971652192295
0.0177518580492421
0.0031591217907052
-0.009426241678938
0.0014918081677887
0.0051643422569761
-0.0079273413890228
0.0068724269908813
0.0041981807016075
-0.0060033997287687
-0.0043382047343187
0.0034478367988245
0.0037572528071032
-0.0031794166095075
-0.0007375232835228
0.0030968690476431
0.0002539676015426
-0.0033741496114832
0.0077933822144961
-0.0028557848131672
-0.0056405920264195
0.0012724353291073
0.0045911941722816
-0.0012834071989716
-0.0024013355526218
0.0017203685584774
0.0062549396872108
-0.0143859870162955
0.0048567943861338
0.0022648185982188
-0.0001068083968973
0.0064349270833294
0.0103261941968725
-0.0059213753875988
-0.0377758320163929
0.0388587017381293

