-0.4051038297245853
-0.0325733454131291
-0.0308883700035348
-0.0474473617907564
0.0108838482087468
-0.0973692830615349
-0.1255839955296633
-0.0890495889012018
-0.1410703746255745
-0.1138049019782073
-0.0554506897904224
-0.0776716513721982
-0.0060664588149499
0.0141818737012763
-0.0070608532744561
0.0109398007000121
0.0152989952699653
0.0402124514556482
0.081733001227899
0.1155423139869744
0.1091759773231121
0.0102791592927934
0.0883576890594137
0.0610344787960877
0.0411637492167247
0.0562529397179682
0.0961168891575274
0.1344320070372091
0.1838415831589638
0.2530265809990971
0.2466446061089333
0.0629949867817182
0.2398193254406831
0.1108629201910364
-0.0486682503619372
-0.1268364530338172
-0.1133200986225915
0.0118442187066017
0.1804216352814898
-0.537147853943717

1.0635164446831524
-2.321428351806173
0.3717182613020078
2.3062698696507247
-0.8365374210569795
-0.6420068854617109
0.8491955218616424
0.058837324043165
0.3974380924761529
0.3965015526901485
0.1038310898030213
0.1676956016110538
0.5161013295533211
-0.283831919876906
-0.1386218384717541
0.3156621237437553
0.1037431405265268
0.0324384425849948
0.2960401006365025
0.2882285851717283
0.3468755528883382
-0.1369705314896688
0.4655639107649009
0.1200642603469008
-0.0183631676783736
0.0347178135228802
0.2420875617919458
0.1178490043858848
0.2044912848613591
0.1789979374585078
0.1485812995679641
-0.0635477009032892
0.1730899205526878
0.0785522604517342
-0.0888009177566193
-0.0574908964252759
0.1282844003397506
0.1927916623781614
-0.2263207147683355
0.2781864563523601

-3.117861332933948
3.0468393638964497
-0.0268566936848426
-2.4173968592892177
0.2480637164810838
0.3052709055804942
-0.8887266348480586
-0.5744012777378545
-0.7904339318993086
-0.9033945795970996
-0.1864955160396982
-0.5622246996802271
-0.8070371061650928
0.5031577606935831
0.3363471219368223
-0.6492163211226684
-0.149404470847635
0.0260551890891337
-0.4526233241189514
-0.4350515896427818
-0.5937747047448111
0.2670503470890759
-0.7868252220144677
-0.2207453943933841
-0.0102978664094685
-0.2166395322797175
-0.5409695136119539
-0.408366976982468
-0.7459285522289587
-0.8150866101227209
-0.9563132286215312
0.2381144078776041
-1.274514666074007
-0.3915714978893689
0.7291503340668607
0.295858241208459
-1.0807609848112745
-1.3837518608491826
1.7412748883614158
-2.1768696130941096

0.0050821520178489
-0.0068812509512788
-0.0015596642901623
0.0042334517299533
0.0018670834136132
-0.0037078100214694
0.0013732027987894
-5.154673503408058e-05
-0.0001491267042715
0.0001972620190138
-0.0002994974288633
-0.0003182995697243
0.0016940930982864
-0.001181001133224
-0.0003492684521822
-7.219838335124081e-05
0.0008842280848463
-0.0003480293008687
-0.0008680526504741
0.003700862240362
-0.0216643224202217
0.1291904487639841
-0.2397532471785675
-0.1311088927710574
0.4265900610964655
0.3131214691510596
-1.2809869105321594
1.4689606269816224
-1.2702866533826065
1.3714559935723465
0.1873063248965181
0.3709486410164292
0.4497086802900905
0.1843282663502667
-0.3734318706838066
-0.1229722789951695
0.6182710863230674
0.7330508783713356
-0.9776843305594028
1.2688670895759653

