-1.0694206054001882
-0.1985602450751938
0.5412909814921135
0.2881638922543805
-0.449820177405849
-0.4097280790356563
0.0505736483270804
-0.3207474596939157
-0.3016770786846026
-0.3498276307444958
-0.1201471388424088
-0.2151319925869209
-0.1578136059482259
0.0197695748770741
-0.011366865133511
-0.1032151436976519
-0.1057495129230223
-0.1034011046292562
-0.1537112096043595
-0.1715032302471618
-0.1098710653179223
-0.0848528401385375
-0.0957273549913896
0.038270810768254
0.0190473514002527
-0.0673917494259839
-0.0666972538556988
-0.0360264502255508
-0.0899719442639808
-0.0907858472703791
-0.0949594574881232
-0.0247220191166121
-0.0372714129106915
-0.0079940845375497
0.0107834961644071
-0.1283448388655972
-0.3291302996706438
-0.2340238130154585
0.4701511629120996
-1.0037207029913189

0.4266415677778936
0.1025883012417855
-0.1314046336322739
-0.1316404242812024
0.1816695964749537
0.2810858773371152
0.1798625278806479
0.2715929279721931
0.418644613115769
0.4711572189372607
0.2076222136210246
0.2384812996939687
0.2142108904776657
0.1043855157448554
0.1039176392468453
0.1640623706599936
0.1985909983102781
0.2459312261135644
0.3195016165006349
0.3693200476653772
0.2657305445327715
0.1229700120918446
0.1539690557531249
0.0647402931550279
0.0392598831493847
0.0920402959089133
0.1580072943715086
0.1517116170551704
0.2300476766061348
0.3158564463194906
0.3260345059369135
0.1028502961694082
0.1877879049063825
0.0968897920811195
0.0235011993930043
0.0582721945849944
0.1266408068762233
0.0977771115942889
-0.0476515526800146
0.4374089954607026

-1.884260594023737
0.1478714326917014
0.5138298983128771
0.4680461509378305
-1.059983562160724
-0.6247511996934804
0.0303449273994882
-0.8458518472595562
-0.6888193123516003
-0.93813744013385
-0.2200749649512111
-0.6657711443789199
-0.4268960478629812
0.242762542840815
-0.202317205403205
-0.3298186647406169
-0.2742381655644514
-0.386365527428871
-0.5731855417317773
-0.6569067189836075
-0.6203150372589038
0.0817770331586309
-0.7660280150068415
-0.0447494755144985
0.0656742497275235
-0.3609046339181856
-0.5517406036064157
-0.3523812465264225
-0.8259151384962246
-0.9302745812712868
-1.1950896092768428
0.2378751217386597
-1.6512870867092702
-0.4016995567576346
0.9185290730167508
0.3530403524073443
-1.163146338545212
-1.4041664721070155
1.7102554237888266
-2.065203872241925

0.0048630865349047
-0.006712644989588
-0.0013840349405882
0.0042020638135562
0.0016834148512454
-0.0037334679988741
0.0015664596594502
-0.0002016749518591
-6.140761078314666e-05
0.0001170509838158
-0.0002847366929005
0.0003047681694475
0.0010336262552671
-0.0021948128169075
0.000412870395436
0.0020205411564153
-0.0020776121493555
0.0008512383829186
0.0001064103894276
-0.0012730330214959
0.0078178941168193
-0.0478980452638845
0.0939903993745464
0.0390513947214364
-0.1606069627600892
-0.0985815740265923
0.4637441337431034
-0.5538505649381129
0.5065466546354168
-0.658577525809256
1.3697954868829485
-0.9980573536365136
1.6819995000709391
0.1312724320640915
-0.7690813777340995
-0.2727664729093104
0.7831135380680739
0.8980363814911049
-1.132801408942365
1.3062061991717568

