-0.4521584244349718
-0.0376234036505708
-0.2894544754060785
-0.030995076917103
-0.2994074640975538
0.0100158521163223
0.1353911310909414
-0.1579677051538887
-0.0942264538236669
-0.0915760874893805
-0.1060390468837037
-0.0434231664854275
-0.0395220336450071
-0.0549746691402851
-0.0292818275029878
0.0567293211752252
0.0309677775375983
-0.0133432659787095
0.0602033775420315
0.0519361554687381
0.0785379897879319
0.1240479067186664
0.1641998261722178
0.1222530478939819
0.0407887966127088
0.1356615334682343
0.0236845614473367
0.0207352880195522
0.0900020665166535
0.1217676916958576
0.1717490087326482
0.1500982629083553
0.1868943151735513
0.0915601301339121
0.1160228190424093
0.07683715306306
-0.1962462069578772
-0.0086262939880714
0.3376859499661205
-0.6774911597092277

0.1484184215857423
0.0603654499105029
0.1644543424662176
0.1142957520058203
0.1715007984847622
0.0726224643439076
0.0294729826638387
0.2159313757878574
0.2697493969113654
0.311776959675494
0.3801181073066663
0.1792421814770171
0.1941873257787165
0.2188036157062096
0.0754700568362813
-0.0120095353652851
-0.1099937500177234
-0.1517273416910211
0.315151705714504
0.2294187656335302
0.1123383345672143
0.3380580601983787
0.3744124021551168
0.23439806912309
0.2221996920500172
0.1902235991080489
-0.0148936732657161
0.0157781186682737
0.1367251513627744
0.1207946799539795
-0.0267879101247187
0.117865010362469
0.1115807317055523
0.124078424514291
0.0207642657473153
0.1220477828880623
0.0603930145160451
-0.0473754046816434
-0.0609749856150481
0.2400941882560707

-1.5125566115398477
0.0410228368639194
-1.413820918942261
0.7875069152840513
-2.0196246371515154
-0.1128568129346949
1.0079760673997975
-1.1988032913565425
-0.3982284760391735
-0.7318325736247249
-0.7892837352403919
-0.4388836827632037
-0.2869219973351702
-0.5195382468419151
0.2210275084746727
-0.5397113155726851
-0.1898639030892938
1.735820152380095
-1.460855910657475
-0.2090854480195073
-0.1223107308198823
-0.6609182279020385
-0.6630767049575094
-0.5963700803172308
0.0153918827031181
-1.0073471095801467
0.2090274826175872
0.0849646693049733
-0.6421476207864178
-0.4547057511900378
-0.2286421052332349
-0.8142014412596731
-0.8030997870141918
-1.072123828427185
0.1449225385053604
-0.9085805843169767
-0.948782800342762
0.1148995665156346
1.524973989757581
-2.4877304801771545

-0.0029454040221819
0.001846432866664
-0.0002342806417462
-0.0020142421221043
0.0042639552523547
-0.0012490103708356
-0.0037523936804615
0.00417055001951
-0.0022055592899991
0.0010871475792319
-0.0012405373576119
0.003924858591216
-0.0103834137682403
0.0009612820091907
0.0100284360410639
0.0119305763344406
-0.0031323065632501
-0.0299607279104489
-0.0143802953142808
0.0945862352345547
-0.1282398334455228
0.1482223227751819
-0.2725053490622564
0.8545169791961182
-1.7801900249692757
-2.071515594420465
6.119056479916699
5.790396925930485
-22.505342242598307
21.325584633791543
-9.131391719201526
3.186563748958741
-0.2389700774817855
0.9567130362598356
-0.3607976414025639
0.7333342504934819
0.5517454916918644
-0.1289839285400308
-0.9562932277059046
1.5240097939371813

