-0.2830573737045651
-0.1010319967569289
-0.0705085476777581
-0.1776321705485856
-0.2031642669251276
-0.2054117454271166
-0.1122757339090159
-0.1120798950621685
-0.086191848265936
-0.0192331230449085
0.0206340824426913
0.0186472674473961
-0.0081210190168365
-0.0327078754149859
-0.0172384898564273
0.0218429262560336
0.0258294662276672
0.0638121925953306
0.0563237348966042
0.0275284692775625
0.0476444408698936
0.0386447071867493
0.0431851269162298
0.0648744812056597
0.0871470691562533
0.1127745536703002
0.1636774915063329
0.228519791169792
0.2250422456607966
0.0563268014800683
0.2276196773521093
0.1203029513833056
-0.0150312980653983
-0.0209040239447807
0.0293077978765415
0.0181104090065427
-0.0478068985613335
-0.1374112049385178
-0.1182616558553152
-0.3353052861764926

0.0533395494947428
-0.0626253884353866
0.2128911184844068
0.2398521099817579
0.2246014920079967
0.3663253248674905
0.180786153047947
0.0903965203843093
0.3327971447924927
0.1557996135479366
-0.1165800933531204
0.0013951335611629
0.1800432291983616
0.1204121125839547
0.0852384929057789
0.1443371725957769
0.186758127823766
0.2097128620728645
0.1792261154580011
0.0824995451309905
0.150469391199094
0.0954471946315566
0.1005355681581923
0.137787999937498
0.1664985953141365
0.1803340672373118
0.2416440169037413
0.2958041464076564
0.193344849164327
0.2571457249386804
-0.0242620984429733
-0.1328786754611552
0.0580408458708747
0.1105332796570019
0.0534740511131516
0.0385241938305816
0.0922558326521186
0.1314970649453997
0.0931691334798173
0.1664382187815481

-1.5311112112056573
0.7934563342794625
-0.8547627116705317
-0.6985697601024159
-0.8172096075981026
-1.0138250023806856
-0.6827951112464391
0.2062847002511061
-1.6233542849980758
-0.2331982548453016
1.1070739241791718
0.0216337425145194
-1.0426273823254213
-0.1396129078883725
0.165366038061898
-0.4409433225623854
-0.2317108371505885
-0.2853607264217674
-0.3373251645368308
0.1963659642950349
-0.5245773199990468
-0.1806797455014654
-0.0727112290426949
-0.2810665548667715
-0.43507389569201
-0.4141474471485584
-0.6898059461864395
-0.8660286398850967
-0.8582564536872552
-0.3257196434463196
-0.6271228012918886
0.1122774587331906
-0.1621162878015871
-0.4383081750751983
-0.356934672075264
-0.5317573523432132
-0.6266602325289218
-1.018509931497749
-0.7862141969498654
-1.148174027021396

-0.77014895390173
0.9634999929888364
-0.3961282947061861
0.0577542620920305
0.0041370941663244
-0.0058782667104944
0.0078713865235177
-0.0144193065366356
0.0115047006978638
0.0023781472477174
-0.0041800605361916
-0.0023304748631589
0.0012785327068169
0.0010244083318955
0.0001051323838163
-0.0008950941958457
0.0007426456481961
-0.0005020095534112
-0.002456520932845
0.0302232952761695
-0.0671968542329137
-0.0308474827942805
0.1251879319359534
0.0765561061654691
-0.3666465201580114
0.4424075721220951
-0.4088436217453802
0.5437433565850316
-1.361681242935593
2.8749352046191445
-2.4128086765841723
0.8785889930537658
0.7158315925054816
-0.0410444620825968
-0.1160316094445367
0.6091969742850515
0.2274503748729916
0.6466148254884866
0.3559482109921173
0.8721252853984603

