-0.720979161525765
-0.2952496271674593
-0.5543159400278609
-0.1183412794004102
-0.2908547344796577
-0.2416908015356881
0.0075282922246769
0.0780733394805277
-0.0558070568255352
-0.1938946641582524
-0.1666135280747722
-0.0915673230369248
-0.2344463728706355
-0.2408152631060121
-0.253830577408387
-0.0842026673449693
-0.1440051739851512
-0.0918261333987218
0.0204199905074259
0.0351589921629731
-0.0497408363392633
-0.0798775143307194
-0.0331693553706149
-0.0399666691725167
-0.0852283897814266
-0.08494736788744
-0.1239346130466597
0.0435577392179089
-0.2895280085404337
-0.0660676889767055
0.4271306670646015
-0.1261487119618422
-0.296471067041511
-0.0255858133186135
-0.1656769918316394
-0.3180033455269096
-0.337053857714208
-0.5139509193844694
0.5795734138600714
-1.14829776481585

0.3741743781138201
0.1832529565114571
0.3463225475731633
0.1024471081384734
0.0944444210167129
0.1575387508392849
0.1251408759510595
0.0643227618915881
0.0754821172517005
0.1535834418736678
0.2152859140116724
0.2573655353719191
0.3534593738609026
0.4711220106882926
0.4741428347579022
0.2228733812817492
0.2566760762080673
0.1560021634443026
0.0272230126067111
-0.0063473568347264
0.0246770722217465
0.1001357122168494
0.1613337816196084
0.1565472464491386
0.1991446106603136
0.2753682086721194
0.2977767812368629
0.1422075717611518
0.0901948557162322
0.1064074662497697
0.1092943518047258
0.0845527475761571
0.1056888056265504
0.1616636636116526
0.2098369687602964
0.2720707577572594
0.3387256638057871
0.2372557268261356
0.04374566341861
0.3518286250980841

-1.2479894415846176
-0.5704749991383972
-1.1101458048654729
-0.277597401835831
-0.4824087632152209
-0.5891456338721366
-0.1130818008898377
0.1510727876859598
-0.0956370651551831
-0.4739340314201138
-0.4135041092569567
-0.2804725513568074
-0.6143604316217423
-0.6685187495427215
-0.7406010561407376
-0.239292340917644
-0.3793542492950445
-0.2770604029623587
0.0015907081964839
-0.002775787791849
-0.117023718100069
-0.269552677784668
-0.343479763123879
-0.3155585546972601
-0.5755255065854897
-0.7239635109711987
-0.8737924596893418
-0.4090568986669514
-0.2967128289887676
-0.313246677198913
-0.4649979357986051
-0.2153081301575896
-0.2658808712153993
-0.6020259178989361
-0.6120759982828998
-0.9079882070367328
-0.9985925512197392
-0.98955804100994
0.4274397619375473
-1.5829843891475583

-0.0170407968104151
0.0100281297198573
-0.0044070365186161
0.0041339459351729
-0.0055043277546326
0.0038727700130295
-0.0001544173957593
-0.0011982997715494
0.0004499653565679
0.0004100712554465
-0.0009979498438775
0.0011494508953256
-0.0010282181074434
0.0011622075452864
-0.0024197505395075
0.0054751811888678
0.0029948089560118
-0.0216475474546709
-0.0137651043572663
0.026907870329001
0.0466773714251122
-0.0213798579525313
-0.1147422042504349
0.1732750451483606
-0.1459076244657816
0.1335068706196104
-0.1874409495179185
-0.4933563652771712
8.799916963155452
-26.68774078312648
26.621321935730546
-4.443360477468527
-6.9679323668373785
4.672424507932433
-0.627720772927028
0.5929376571871312
0.5157671587325041
0.6709561605126076
-0.5835353808318281
1.2351188736255874

