-0.2140759905969677
-0.0793629429831957
-0.038384003320515
-0.0188117608290825
-0.016027095030092
-0.0848241548635536
-0.0787514668965095
-0.0852851167067279
-0.0683912945652831
-0.0449503215041929
-0.0415283116821288
0.0002488300929553
0.0180352467317391
0.0039499023580963
-0.0006301438657789
0.0287612399030436
0.0390693207092155
0.0519965451699977
0.1056314010838271
0.1451482124677927
0.1854352943233731
0.077298625233684
0.0900202737293951
0.094647832771062
0.0566784023386562
0.0520585448897612
0.0959091570136744
0.1496022424587246
0.1882195224652696
0.2702078361009999
0.3406917962071913
0.2198399688210607
0.1631779634060723
0.1502157897047024
0.0202743903145226
-0.0383703380771806
-0.0212654193537252
0.0066298401170688
0.0220739783859143
-0.2738563997665667

1.024035652194379
-2.054077805083304
0.4717332580647014
1.8658058162486983
-1.1918932609816073
0.4379579458794316
0.3038598015072901
0.3324959289075019
0.4300080325955476
0.1779564695567302
0.0211655728031584
0.3704426506112299
0.352120696915459
-0.3507192633715126
-0.2339332476625344
0.3040439786436967
0.3652824913901381
-0.3530633603263555
0.387191507048931
0.1619591299591056
0.3406833087298169
0.0960850721817946
0.0853596809374444
0.3456416120381589
0.0916667133218773
-0.1358948061333394
0.1172869270913328
0.2389965921001192
0.0571658368987994
0.1697649996412402
0.0866306575180019
0.1017659062028614
-0.0644437915321697
0.1829397295956948
0.0490645411185014
-0.0733845792592591
0.0039041205433372
0.2302699683722755
-0.1019773337093081
0.2291566669190347

-2.7307712933730635
1.9820607897144853
-0.3189778858677035
-0.6081218520572355
-0.8682921090636346
-0.0109275024545978
-0.9235663189325428
-0.7996298225309842
-1.0009872473338384
-0.2426627986707799
-0.425011613909007
-0.7438461260468288
-0.3175122910855975
0.5992273511733753
0.4496078936238037
-0.6594197296096911
-0.6508696478055417
0.7777755677361756
-0.6713086093958337
-0.2150288285906003
-0.5814530961451624
-0.1870911754904533
-0.0908186550103962
-0.5975008185455202
-0.1893087927671592
0.078435152861589
-0.3241035062568329
-0.5454276593548076
-0.4037429359595056
-0.7374471375548934
-0.7446358665107842
-0.7939592660993732
0.3237163165046657
-1.3113638365749234
-0.2048606295058829
0.5145309002869628
-0.1440300281181214
-1.7163959055621103
0.7727762376881728
-1.8132060680651352

0.0050612315149017
-0.007129886810302
-0.0006944715366415
0.0045393171093947
-0.0005878530855626
-0.0018064952973259
0.0012938002541649
-0.0006254527225113
0.0005195987525861
-0.0007806479407857
-0.0005650283392443
0.0034009785806766
-0.000493547962771
-0.0023493247270623
-0.0017075577595978
0.0008408233514566
0.0048116382963231
-0.0045154822807019
-4.114258771033922e-05
0.0054839031264282
-0.022764314623351
0.1426734044305541
-0.5625266861398052
0.3738411843249504
0.899247053961868
-0.5761408920371506
-2.005445639421533
3.604856249284552
-3.1723335192584523
2.284095634613206
-0.1277854539712744
0.9637308930923456
-0.6597587857604851
1.2141429057433384
0.0702824312789858
-0.4722434748546741
0.1048877062110931
1.0520870585475215
-0.492482559786238
1.035971601582738

