0.5386288837538805
-1.2898520186942486
0.6602517277767596
0.285918147484873
-0.3182358746252591
0.0655908838622539
0.0319033021780064
0.0151006029808987
0.0499135413185424
0.0155408148575994
0.0104371313228966
0.0134219471378756
0.0484320951189554
0.0143420820408089
-0.0051283989074517
0.0950508900087589
0.0434456296575271
0.0906080126365033
0.1755265183585956
0.199988550259331
0.2752565982354937
0.0879915500668607
0.118964641911554
0.2394995524948019
-0.0639754027581606
0.0261569988155407
0.2385813509075791
0.1427359840188576
0.229886979289992
0.3388355207651115
0.3957969779970411
0.3651498018629532
0.0727814474280797
0.5465942007172072
-0.2147657407818275
-0.1777492992810904
0.2074011239750826
-0.0030133667476202
0.0222333637099153
-0.0846450371153581

0.4092263722992411
0.0134295857323359
-0.0764717959059477
0.0200412138284611
0.1367630376274391
0.1484575487702769
0.1387989295330018
0.2103544449706105
0.219579360766628
0.0890345969207942
0.1220773566666649
0.0771227861445585
0.0730693548927093
0.012904309276526
-0.0437787492020695
0.13730590655675
0.2364581635885429
0.190719443546918
0.284314144451283
0.4036139760734598
0.434138801333515
0.1848142180457678
0.2369606976669713
0.2075362219649885
0.0697974297898145
0.0645231670175494
0.1614156665268927
0.219457635392972
0.2217399482824661
0.2891047344925783
0.32576271313893
0.2105022030622028
0.1132267132457014
0.1382568192955554
0.0305491233454572
0.0149347366715989
0.1138898306121219
0.1818445783416367
-0.0059661006066528
0.3858865474853382

-3.615442087738556
1.991045536472103
0.8808590235281138
-1.0073066894557026
-1.0669903239731713
0.2565685875393479
-0.8491468080643798
-0.6007702706624847
-0.7847054695747406
-0.167935849882145
-0.5042610882479105
-0.1029162403437029
-0.544452096343306
-0.0435672519106666
1.0901838442158158
-0.7965554793593762
-0.8497537503372148
0.2549222524783291
-0.7288735772233222
-0.6026191962711641
-0.863002364522803
-0.2713970784724305
-0.3930228397984545
-0.6851339665633787
0.1093895570076903
-0.1070376980939016
-0.6351572309874145
-0.4829506870985546
-0.6426201951421169
-0.9973516513000592
-1.1316361255143212
-1.092590471611521
0.2799583206174694
-1.75836917007324
-0.0712560157847775
0.6758501989059942
-0.3044902797376248
-1.8883125389079545
0.8484738573529947
-1.962846493857917

0.0051503441850888
-0.007093354825219
-0.000788563040063
0.0043569511019266
-0.000532752508161
-0.0012734343555331
0.0002582771200897
0.0011180626603858
-0.0041690689845755
0.0158779805477031
-0.0227071756221003
-0.035265312866547
0.012970602577815
0.0741424516696937
0.0540922695007542
-0.1095717179389085
-0.1893298985619146
0.475199336666751
-0.5572549929814143
0.7116213920174554
-1.70047345894366
7.022043933935013
-21.945545075497343
24.772593816396533
-4.205566903345695
-6.927855478507517
1.941685664638844
2.6819366101789543
-1.3260495167475213
1.0631317489721963
0.372757619506941
0.6246892067685182
-0.2240115290094207
0.8903267997726544
0.043397524571686
-0.3514323591110685
0.1242488915114524
0.9808585962586234
-0.4585438193885979
1.0283167096142425

