-0.7063285482645247
-0.1088291332873847
0.4071913323240116
0.0908818247594833
-0.3403016239104283
-0.1064262202403028
-0.0820138965387084
-0.2005800781363917
-0.1723541557782007
-0.0639535395470698
-0.1056153053089154
-0.0625636349808495
-0.0266740032081625
-0.0078739310243774
-0.0062811903815522
-0.0054710336332639
-0.0186144965156904
-0.0391042095294972
-0.0109372101213427
-0.025241155692662
-0.0018839767077542
-0.0078837135923897
-0.0234952518593321
0.0361654653758117
0.0322196319433053
0.0087374160360026
0.0156125343097797
0.0356105118222376
0.0559959787673381
0.0868437763875419
0.1309886152909187
0.0594630599655554
0.0732110656374188
0.0455491928748371
-0.0359021698708139
-0.0335272866752118
-0.0702295680173599
-0.1960061091711639
0.0975501497955913
-0.5001871143380078

0.56328761538083
0.0850668073415523
-0.2150443738634966
-0.0919245401277629
0.3545650187338527
0.2560660978935192
0.2593185046578491
0.4447413234250973
0.4901684159912151
0.175041311286863
0.2364177677950173
0.2018575494980031
0.1025149662254675
0.0993024835183447
0.1350861178775781
0.1156661215191787
0.0938699581861881
0.2047202703801506
0.2190723342002287
0.2692202519922315
0.2745391212563778
0.1113393996370813
0.1388275184848279
0.0957415663578213
0.0120287612852255
0.0288655635441609
0.1209912994029741
0.109746571021338
0.1405475922718096
0.2344378917640654
0.3005971985267298
0.2355754220404385
0.1052047735912471
0.1951742739031958
0.0409671941451694
-0.0005989099638002
0.143849181419958
0.2737077928673463
-0.0497177156268494
0.5166799565921047

-2.2068214519262983
0.1821517515486015
0.8520891072869861
-0.013078248201561
-1.3658674733654614
-0.0527223147219217
-0.7885290007942263
-0.8368490845706027
-0.9919769852762236
-0.2064268968940954
-0.6944838609653706
-0.4752806132693618
0.1707197721385409
0.0279869871417569
-0.3758156753938041
-0.1427216961262039
-0.1142364154107769
-0.3716237444326558
-0.3776935069761197
-0.5136785237592657
-0.5896401778558181
-0.2214850432129974
-0.2753531869129839
-0.3308529805760532
0.0085423225843692
-0.0972524867847998
-0.4477792002242023
-0.3200058982295305
-0.5161950061554383
-0.781603494889365
-0.9690736808299888
-0.8807406420749547
0.0805451591314645
-1.27911918138488
-0.1103882716429726
0.4616867206065283
-0.316140666768081
-1.5575530894265963
0.6621307800561376
-1.8255145413862597

0.0087604392695663
-0.0103493674327085
-0.0037247014833414
0.0065316047825841
0.0028675268662897
-0.0058260565625359
0.0032456931004315
-0.0013390713780886
0.0008735744546022
-0.0012851664663675
0.0006873374062491
0.002444070252867
-0.0020024750590888
-0.0017076886935975
0.0010166368240815
0.0010562315609867
-0.0010464291099381
0.0016402250170544
-0.0030404095439233
0.0050779609677094
-0.011652579291806
0.0258489391007532
0.0186212821869214
-0.1152449015027203
-0.0534178063350858
0.2161219134276582
0.1859278292661813
-0.7236333715959784
0.873817775858449
-0.8914195094966748
1.251147089981974
0.036973473482845
0.5140650474854652
0.3689580967136411
-0.0600704535033469
-0.1371542644558801
0.2633501853710187
0.7156598646446624
-0.313753881694179
0.9866299218276132

