-0.5948543724996643
-0.049084143047435
0.2307401369485508
-0.0700629023155178
-0.2574751410479194
-0.0826058058322123
-0.2033774477632493
-0.1989662004891878
-0.0881945950883159
-0.1029347132116062
-0.0724032701585046
-0.0059593265492345
-0.0121686791229006
-0.0259162627273497
-0.0326026726896067
-0.0251780876656715
-0.0215718772864218
-0.0331819736554762
-0.0335797747751998
-0.0156547293436585
-0.0087411517581759
-0.0497843284184769
0.0104607519114717
0.0433456801018489
0.0320886466825241
0.0084599770674345
0.0050959166691045
0.021946103280556
0.0517555963692523
0.0673321288572526
0.1204568572763522
0.0789351589856754
0.0157607249294677
0.1188777146459579
0.0217526879118023
-0.0996429959482447
-0.1491649944613138
-0.0690856764526599
0.1417896059157618
-0.534225723564096

0.5035910578217414
0.0451363927436899
-0.107853359666787
0.0763099399063723
0.3348564238335368
0.2530002046905421
0.4279469613351306
0.5009352677105765
0.2247577603857102
0.2158912838000721
0.2055552825646256
0.0780171126859263
0.0814771406345084
0.1437095955086501
0.1812175802295929
0.1603812816473881
0.1636490051051468
0.2645496181558528
0.2973567337446253
0.2972417502563703
0.127042251523438
0.1483793446242078
0.0701924651930301
0.0056070949794099
0.0105764429533105
0.0541427403517702
0.1067958097209829
0.0823248065206848
0.1039991631113161
0.1958775192800416
0.2560628580699858
0.3043876939724158
0.1368406900117219
0.1443893336580662
0.1077069462840118
0.0639043964570999
0.1215614015005016
0.1348505866108328
-0.0488909444486794
0.512249078400898

-2.4111265256777688
1.0107315561762225
0.2388984064692374
-0.981565466066072
-0.4259681395463018
-0.662384231434103
-0.9308214666371446
-1.0418054420786464
-0.3672877240154534
-0.5172828466499527
-0.8227983401273422
0.3141999209354875
0.2648572056580082
-0.3993839090088849
-0.609539241893399
0.0667860842437676
-0.2920138503889406
-0.4764623083885777
-0.4843644461416523
-0.6269900563855623
-0.1139999881514386
-0.4547410025348211
-0.2391645203169979
0.1560262354144482
0.0151283578080598
-0.283535070898153
-0.4654287570019468
-0.1344236744436551
-0.4124171821179186
-0.6700906127834196
-0.8086489985072777
-1.0718832662286348
-0.1955090017945857
-0.9837182192558253
-0.4978872997672405
0.7856059939203189
-0.3650070699938984
-1.896593030467599
1.495284117699309
-2.127727230063069

0.0047353901380593
-0.0080793840389153
0.0022398110872417
0.0040800375933824
-0.0040207891420179
0.0017643451352808
-0.0005372416537597
6.794389306269173e-05
0.0004689393350708
-0.00160498096932
0.0017412444012284
-0.001325732605398
0.0003279745905586
0.002538896475842
-0.0011502917147462
-0.0057263799802724
0.0098628473787211
-0.0096741821350092
0.01064379240089
-0.0203756177946844
0.0305553368818444
0.1316846151626671
-0.3149096402902513
-0.258058606093153
0.3342811769443408
0.7262245951761425
-0.1972687924754579
-1.8661017190918237
2.726261983101385
-2.303063948848566
1.892966492025701
-0.0893211245705625
0.7492137716672412
-0.0833537305447324
0.4712971454545903
-0.2999437699184247
0.1279631106632497
0.9749916911784866
-0.7855275144487163
1.1613529169659162

