-0.2750518280632258
-0.0268715805859779
-0.0057370163930488
-0.0655304242888906
-0.0852930538418892
-0.0869685443957811
-0.1026707046368641
-0.0978913378719947
-0.0440760437076883
-0.0735270086863589
-0.0208285518969139
0.02834248394506
0.0341573406405392
-0.0005780572932704
-0.0133758514661126
0.0315920383505343
0.0546308696740861
0.0770149287335072
0.1276050076675217
0.172110520860297
0.054911215053355
0.0648413751840162
0.0856330080097664
0.0568437861233511
0.0426966537858112
0.0461719062163717
0.0779843618463405
0.1237309937945157
0.1578335873007086
0.2110958793376792
0.3012081942685211
0.283380721910158
0.1207418497929701
0.2137723712805828
0.0941422859316442
-0.059893663252453
-0.0826456335320866
0.0124289197685264
0.1068333594115772
-0.3297758627663515

0.8532391642901738
-1.4465681982905332
0.4417241583224724
1.1000903898028942
-0.6747723277312395
0.5780235941682025
0.242474646362362
0.4868157294823071
0.0733288613976648
0.5509398369911698
-0.1115378962770607
-0.1061545500030051
0.3413019559395009
-0.0362044913317482
0.0003195539416466
0.1337219962642469
0.1151121672452514
0.0676365291033038
0.2280906205721461
0.2697557440154819
0.1434746815830136
-0.0895589691942256
0.2728096538934643
0.2595624956556955
0.1198193445061201
-0.2001046155693232
-0.0046292288127758
0.3547076436434305
-0.0164930082087907
0.1439001572951123
0.0674913837465507
0.1088060873943858
0.0208110379353402
0.0845745458915693
0.088100030157871
-0.0784157146926272
0.0273089392902065
0.2273114363177498
-0.178185955755583
0.2594410639394822

-2.729547299319275
2.22795108515934
-0.8605366696984839
-0.952544035331706
-0.2197915235645335
-0.8056897343070818
-0.9053495379570392
-1.0800498865579695
-0.2974220558418792
-0.8935433327540004
-0.2739515848730246
0.2982576558355404
-0.2561378846998438
-0.0939165372922463
-0.0603961546474148
-0.2336342731744296
-0.1390580764432729
-0.0753708373924557
-0.3144835114191449
-0.4198181280176981
-0.2233925352141134
0.1429078474283613
-0.4652037845534986
-0.3450865494826957
-0.1913872422349978
0.101820645693579
-0.159709903853138
-0.6031180278238237
-0.2622390048166269
-0.6082163932019188
-0.6342996640478955
-0.8766435522952164
-0.1733128262207208
-0.767869121577276
-0.4736338889194848
0.6486825650570047
-0.3433560800374093
-1.763807107409432
1.4248422395920908
-2.0669033612615

0.0047206835680673
-0.0080758349131299
0.0022643008562388
0.0040867461899184
-0.0040935531609329
0.0018793159484126
-0.0007075675782194
0.000486399573781
-0.0007903492713966
-0.0008343017954071
0.00561511316886
-0.0008476747518676
-0.0054344579144688
-0.0039929376734611
0.0049304670082688
0.0124985980259973
-0.0227167000358097
0.0206151339199387
-0.0198588318476698
0.0302428788994162
0.0294470620543223
-0.6582211988468156
0.8312166069709658
1.1384705895246117
-0.5623151831985934
-2.4948002888541745
-0.5216999749621225
6.786370386791314
-7.924080374124189
5.102120492071878
-1.3369412469461213
1.4081454421390769
-0.6121771938283769
1.2677757655936257
0.052917020757429
-0.6589000754994417
0.2594533794806173
1.166241825804252
-0.9214871907619016
1.1910982805445098

