-0.7136248428918556
-0.0904662944101891
-0.4920928840935442
-0.4004903291115845
-0.1302447066276866
-0.282616274233654
-0.2265925412360182
0.037363302519098
0.0786862519625584
-0.069868912421047
-0.1965399937807156
-0.1347778080578623
-0.0978201359531418
-0.2072619869431041
-0.2160569510298202
-0.2295500456161403
-0.0701645294858851
-0.1496139568845712
-0.0763017927376691
0.031655108925421
-0.0191876467731345
-0.0797024955733962
-0.0542336270370161
-0.0620945363626648
-0.093367738299856
-0.1131357759734176
-0.0744504472858254
0.0078214536944466
-0.2586137702145475
-0.0014585047354831
0.3464144221270185
-0.1850937870899299
-0.2381255429173016
-0.019511982793533
-0.2804879104841793
-0.2934440383331701
-0.4424529478343442
0.0016379614998505
0.1710654493996889
-0.8916310672697809

0.3337125977080283
0.1209633064222698
0.2750387683035586
0.2975920509250375
0.1312188635967633
0.1377182844909797
0.1397221398427968
0.0872829844277115
0.0704655013948996
0.1058746949996
0.1582686359726277
0.2056248913731718
0.2598140856437438
0.3434261469546304
0.4498936826574143
0.443721665796172
0.2442165783920252
0.2024068729565458
0.1269725235273764
0.0515585933128531
0.0426612861491648
0.0993107765169144
0.1668232994028328
0.1993239353180231
0.2592549858033084
0.3186833571634035
0.2410007362379868
0.1149420721638195
0.0856494138111208
0.0730014784733786
0.0958987275468879
0.1168566445319063
0.1466004003650329
0.1897378690358517
0.2540418744924681
0.3334716658658562
0.3096964119739447
0.0857805315453822
0.1412784997372136
0.2326322115397403

-1.2133846988650558
-0.2360597898731178
-0.9602643566643244
-0.8621176900178611
-0.3264037289111507
-0.508772824448651
-0.439364692258257
-0.0773457344127291
0.0287161582982893
-0.1471261807489139
-0.3377979489102181
-0.3774413981531478
-0.3534484005389461
-0.5146918184151171
-0.6522647794857208
-0.6685332605663522
-0.2839518866893666
-0.3322119000861787
-0.247360828883417
-0.0866853565321233
-0.0928766719553968
-0.254728965572378
-0.3935258173619894
-0.4515487898355583
-0.68088282363871
-0.8554336905365586
-0.6972410670759226
-0.2869636504355592
-0.3360773060609612
-0.2076161422250148
-0.375472111988498
-0.3720135877908662
-0.4126933901032668
-0.6176111943792414
-0.8274735111400066
-1.0143709089756885
-1.0491971703169398
-0.1665979241128855
-0.4622168160467362
-0.8222368492188242

-0.1511332514362516
0.1257125562106411
-0.0537965496867012
0.0254283777818974
-0.0243745554358856
0.0230010346716229
-0.0025158684553776
-0.0085197011747649
-0.0020955794272584
0.0042769887406755
0.002660979457703
-0.0030060207114127
0.0006802594641124
-0.0002457511659988
0.000626960892857
-0.0015324122560679
0.0019217707465142
0.01329232177077
-0.028330656888556
-0.0246391648258756
0.0537547669599466
0.0618030393526293
-0.1957041598223942
0.2295370338213009
-0.2425129586205721
0.4303519297859495
-1.391684999667011
3.0725121656202896
6.064557350394193
-26.719596541462906
26.99931831511819
-5.50373822495685
-5.323577981106733
4.33237674329818
-0.90609232936425
0.9448080051657076
0.38313142103117
0.4747714312981689
-0.7177150073604888
1.2837787784985435

