-0.3728124097049628
-0.0824561708654876
-0.3055498848623034
-0.2568277321681068
-0.0868732395091275
-0.1788012562809882
-0.0576813649837042
-0.0137362739335657
0.0242972442298305
0.0032173086155567
-0.0545455694247303
-0.0518849877487865
0.0026604292962615
-0.0350972602255015
-0.0122953244736122
0.0058013365185413
0.0453714752852949
-0.1424485660568112
0.1322759382171517
0.1272664873681962
-0.0417002492002027
0.0245795659873824
0.1262341893753637
0.094044208680087
0.1702421781445543
0.204217739682172
0.1792791704313941
0.0719953620274835
0.0352304870239268
-0.0209478057986428
0.3783528221102872
-0.0255521237790194
-0.0510863028918799
0.1677409526124963
0.004603659054545
0.0301269519942384
-0.0853034462010571
-0.0829369982738925
0.7463139900451625
-1.040045432273645

0.130544433609605
0.05333244851582
0.2500804462838889
0.2973721143838583
0.2005295637932279
0.0157672569207707
-0.1353162967190933
0.2679724979412775
0.4113790498193141
0.0911634660002829
-0.2939360243650027
0.2499086974096707
0.2833416685057048
0.0948515063031143
0.288572448088375
0.1672948412131124
0.3366894014450446
-0.4497742955471941
0.2771484779785033
0.3977289452051253
-0.069059211108526
0.0173745219444943
0.3046956954060228
0.1983802976313462
0.3257438655412836
0.3442279679139446
0.2996962005845494
-0.1578510927539361
0.6798031402927744
0.2510811846677926
-0.8555020751124663
0.1273326930365413
0.5094978600162103
-0.2207269686615674
0.1933024635998663
0.0967825074781662
0.1437923723124791
0.0190168696879254
0.0083876892429817
0.1642368545058019

-1.3012202502908283
-0.1982691264979964
-1.1235914264946354
-1.0359443206310852
-0.3530385270457277
-0.6859421281814012
-0.3011255784002397
0.0169659702074897
-0.1686646037414955
-0.311161454600807
-0.027073204611543
-0.3778788976818338
-0.3413060119969804
-0.3078004374218916
-0.4884234217772844
-0.2596000096159914
-0.63888921666561
0.6912541011779316
-0.045235154785137
-0.7874124703351403
-0.0559043148961553
0.0534278037548315
-0.5621723864127209
-0.4121396125039613
-0.7310483566659004
-0.8116548831343684
-0.8845246009193397
0.54492084321204
-1.7275791359615795
-0.4508022307260959
1.451137819775994
-0.75231884806888
-1.04447216665488
-0.0098009530204696
-0.9529760037512262
-0.8795311966284832
-1.0558571382030526
-0.1758198736427945
-0.1131131972884451
-1.2132326502956516

-0.1530703776831308
0.1272814392783326
-0.0544431295519765
0.0257095288935075
-0.0245995196142844
0.0231155136725346
-0.0023846206078996
-0.0085270509139111
-0.0022526004421587
0.0041253452769915
0.002794158770972
-0.0026234509648662
9.574605428111267e-05
0.0001548239444307
0.0004498009975342
-0.0018237837108918
0.0068961394062504
-0.0118287216898767
-0.0076943142578387
0.0124746843691849
0.0236342290914403
-0.0142500168789629
-0.0554249739637729
0.1099082943443256
-0.1523885770219143
0.3262758071990812
-1.5014620724223078
9.030765622983456
-25.87663783439951
26.14564293894699
-4.27164007925709
-6.9061133535485055
3.887402908572832
0.1822531485330129
0.1155529172839519
0.7020770323867908
0.4716961295941794
0.4201419714194053
-0.7114842369008884
1.301912145243863

