0.0207019074949482
-0.1056385192134014
0.0174629211344478
-0.0293642002818636
0.0183598175226257
-0.0659436440489216
0.0824347226389641
-0.0216861398229868
-0.0550411599870867
0.0820936535488107
0.0437924638404702
-0.0174144262259481
0.0752010784489323
0.075337636291563
0.1142825030511623
0.1475878402384675
0.1028494778619903
-0.1239320799600499
0.3383639483446866
-0.0049964609134635
-0.0031938093930786
0.1183692379601313
0.1697213896518988
0.1685095285183007
0.2821164155026624
0.3368934783023572
0.3123514576848714
-0.1182869855066002
0.8823112492828237
-0.3874417011254174
-0.724350877421116
1.57420500282491
-0.5897262936650032
0.2992458669916986
0.1893357115684868
0.1639447926221305
0.1418931112239126
-0.1329697771079065
0.7604981610837209
-0.7069224427445628

0.3251097404156569
0.0823999838797905
0.2407272485630369
0.2358104392463081
0.1082429081768716
0.1206616293651598
0.0917841297528209
0.0137711492472042
-0.0078511788464535
0.0501108158344741
0.0870537658091856
0.0995362369079915
0.1390483071975647
0.1877608841233985
0.2682043470407061
0.3302731699494621
0.1702562782375512
0.1798380626993237
0.17143239341622
0.1081197321116708
0.0708047903832844
0.1517549546893807
0.2398308218737211
0.2933324491955003
0.386849267261015
0.4657575531663978
0.3280298244532056
0.2160835205807649
0.1883398946485898
0.0732865754761686
0.0197697484455209
0.0340087551885979
0.1330359635213392
0.1731877565051375
0.1932935331775983
0.2659985742760933
0.2587747006379851
0.0481675924311187
0.1113991433145508
0.2338463052585697

-1.6146749543613794
-0.0995664917207855
-1.14401493624097
-0.942405279784057
-0.1993722904746629
-0.7361231606206204
-0.939178703014423
0.5236730424278886
0.7485986814835559
-0.6658697882613722
-0.7159115379929187
0.1761749213423292
-0.3305120940955323
-0.4685976042011971
-0.4654350131803321
-0.6530128527577306
-0.2209018960525223
-0.4305683642218941
-0.1438993248425014
-0.2617339134159268
0.0857784279354667
-0.5273728290112587
-0.4469010104222471
-0.543495099774128
-0.8864046962813865
-1.0355979659924817
-0.9445318066416816
0.0775054155038239
-1.3863293286006682
0.1074611173758052
0.2959774751358732
-0.7838284581927978
-0.6351787943981356
-0.4700182220434878
-1.014044374548962
-1.0968786421388563
-1.2304210824378088
-0.1586931453731019
-0.3969743225377604
-1.1241859564400851

0.0334701447572899
-0.0387496430480346
0.0136433822200904
0.0071503110459584
-0.0108624562695525
0.0079073707945711
0.006858602488698
-0.0047110855001915
-0.0073862199188574
-0.0015995107406768
0.0048798831899652
0.0043426341533485
-0.0023218083600282
-0.0033362489903415
0.002158171280307
0.006919724345775
-0.0077744606817215
0.0068565663643764
0.0039984668778434
-0.0064140621632941
-0.0046551750004377
0.0036048811870733
0.0042647464084221
-0.0033880402626476
-0.0007769979726631
0.0058279778726302
0.0014177583798565
-0.0033352352850035
0.0074490543523273
-0.0034216888692728
-0.0061163991554384
0.0013006237134247
0.0052772863543667
-0.0007787422822439
-0.003651597243176
0.0026195218305818
0.0201968481301877
-0.035022102961505
-0.012814894377928
0.0371753053662309

