-0.4617134286191238
0.1101925513591163
-0.0925818598660373
-0.1572715286629147
0.0772184801243796
-0.0098576392498098
-0.1375831515701447
-0.0806767148349103
-0.0846049665572064
-0.1157939255213927
-0.0949202168429859
-0.0372765645412769
-0.0595448389795575
-0.0249807158875973
-0.0031305259853627
0.0495670739092817
0.0116131117025784
0.0029687041825961
0.0823349052294127
0.0910683227447458
0.1334324095327206
0.1293072320632881
-0.0088492684301179
0.1391452334229088
0.0658680829997938
0.0028995168752021
0.0580845490671475
0.1294865912826401
0.1292018565139116
0.1954984187282211
0.2608606948167315
0.2149710777684316
0.0221646921785232
0.3376789510411276
0.0560644303667069
-0.2248252539026318
-0.2230925366128591
0.0897727103339851
0.3942092242381794
-0.715824416784688

0.986492289917054
-2.313992348709605
0.3232403939619017
2.5184843386661444
-0.6096935871530348
-1.0680179073967098
0.5817139328492913
0.4447815979522005
0.0850911423997047
0.4056524798759196
0.3680763746634287
0.0222849638848409
0.5361023695824227
0.0627086311096429
-0.3627803623717263
0.1418664878813092
0.4006851470620773
-0.2772857519398851
0.3635864429062622
0.218484058369917
0.3523311290804289
0.3477310985554884
-0.1454931511241574
0.5745904161156983
0.1628257563411662
-0.2575009732517476
0.0742529750798959
0.3646219965476611
-0.0065194661249922
0.1955710034478538
0.0981458537842064
0.1255027867384182
-0.0026948846033518
0.1070170848145435
0.0263179936600491
-0.0099514876873754
0.0847542644365691
0.0681187446300121
-0.1933616292605566
0.2946852544055978

-2.650130161594522
2.8211005091227483
-0.3937311038869798
-2.526488530102742
0.3796479557095032
0.7000018739581553
-0.7286519092243712
-0.6627615456564604
-0.481869464240806
-0.7806088649175229
-0.8329937720758771
-0.0274015935238673
-1.1199340815751253
-0.2020633708962425
0.9172649931409992
-0.2928986565460117
-0.8776434427443552
0.7071495820807959
-0.6317128443209293
-0.3214781879163398
-0.5916024585160872
-0.6271916739760663
0.2689845993626483
-0.9514793375314388
-0.2915171801779017
0.2695489648930591
-0.2707820569421107
-0.7210219897405751
-0.2977072483424091
-0.762246243718283
-0.7816212117187747
-0.9271348451619782
-0.054788813920539
-0.7561161465605365
-0.0749159431313649
0.025783446240559
-0.7683634069131752
-0.5166605307485937
1.5588825453204718
-2.316012255553582

0.00186447252855
-0.0030953191306684
-7.84829583419308e-05
0.0015475380876959
0.0011494000348795
-0.0010685095120292
-0.0012808656852145
0.0016220399929165
-0.0007716674194926
0.0002188426503227
9.38613480639736e-05
-0.0008386904708339
0.0019219585204502
0.0013474124613558
-0.0045133484349005
-0.0011716734271102
0.0054428287916698
0.0003556841645751
-0.008223957892318
0.0146974543583653
-0.0333897160722901
0.1368322869447032
-0.5762546897015055
0.7251033555426178
0.8277446870768352
-1.3084878596177831
-1.8829012409335868
4.874940382228235
-4.677801520296691
3.083885656587221
-0.4225656649511299
1.0627462182542713
-0.480654381346998
0.9977464345417922
-0.0093539193932946
-0.2383779975700503
0.3891343182999573
0.4007727242634755
-0.8977492265052377
1.339386358656519

