-0.4599669513042642
0.1554259373700476
-0.1790337452895232
-0.1703126381008869
0.0530217913669504
-0.0642781203757312
-0.1365881282982005
-0.101818419308756
-0.1402734859869019
-0.1283865217449404
-0.0460820720174324
-0.0935971193086341
-0.0092825600921748
0.0101634934763955
-0.0142191097350345
0.0366881537009129
0.0145342572144073
-0.004255705066235
0.0752053129454281
0.0778080821757125
0.112411621737681
0.1600767009422619
0.0321678433836234
0.0777280301283627
0.125177277939787
0.0153617396853601
-0.0202357927140877
0.0494427117774963
0.0974791137727113
0.1007080134837909
0.1690670900614937
0.118069411000856
0.1724132956634171
0.1023884448340952
0.077630873562944
0.0740587133959223
-0.1345632882047011
0.0326664195152248
0.2865234928526783
-0.6842691682346775

0.5601449589375379
-1.252464229104327
0.3361836203354791
1.5774506852664802
-0.8204946670159969
-0.2086905767398431
0.6615884690779811
0.0914607919330693
0.41865549931994
0.41289951213155
0.1340798890837386
0.1312046330850921
0.6203939415573858
-0.295952205558405
-0.3428908856767552
0.3098763299897955
0.3756565951153695
-0.4585056803476966
0.4608685509418245
0.1394852938422892
0.3116627945973821
0.4011575948099216
0.025950769541268
0.2265936057941045
0.6101190508279879
-0.1764542915132951
-0.423099273732829
0.1590242572093959
0.4248813879804369
0.0663377395566555
-0.2273570555695911
0.2412763592122508
0.0435942511384522
0.1596655709860871
0.0068544967453605
0.0806960985939266
0.1787111222070427
-0.0455430225454418
-0.2283151544409171
0.3452216192768115

-1.993993159591299
1.99777998365766
-1.2614556141714413
-1.641944504792676
0.8990242446707967
-0.2332362959046396
-0.9462656110371638
-0.471497715843812
-0.8890358776891168
-0.9250713202017063
-0.2502356502818152
-0.4854239364644443
-1.1343478865149823
0.6232049966291385
0.8793310551827045
-0.7311904370468721
-0.9102998650152456
1.1799582807070144
-0.8629463620888042
-0.1942240437912074
-0.5257846344979498
-0.7042129813639018
-0.1240792381573004
-0.2466574850996447
-1.0198743292958536
0.1692416603184146
0.5591435034595568
-0.3520425645728508
-0.8642148928026046
-0.2431839930857166
-0.0516831710088484
-0.8484943663964826
-0.6785999794851589
-1.0495791613121748
-0.1991264240912446
-0.4042537527053545
-1.4592999858777889
0.2381155783854578
1.8521543861671457
-2.6944327475556302

0.0008733631724668
-0.0031887961927475
0.0039714218661823
-0.0011374309075718
-0.0012266895212746
0.0008723711178821
8.083208710238349e-06
-0.0002494328326502
0.0003030246563156
-0.0007184176903516
0.0028161947173361
-0.0058197507694882
-0.0022563851528593
0.0023664000281662
0.0101911721932568
0.0069528885615286
-0.0172115549946692
-0.0260809499578611
0.0716587384188243
-0.0881562872489097
0.1184529597181204
-0.290069845260427
1.045626757483569
-1.6113236718613635
-2.799997644712505
2.179209117692292
7.242675082719327
2.128180430559368
-24.71039404915696
25.689747031455934
-10.82434469025261
3.1357227970531265
-0.1103685564994494
0.7942288018855259
0.021405929830269
0.2860346732564358
0.8817009592524346
-0.1744865313929206
-1.1586089541648097
1.643453768753712

