-0.3267124396119027
-0.1007367125197026
-0.0178537120144289
-0.0872001391842963
-0.1703640597234369
-0.1713281979738505
-0.1859568621085661
-0.1025910456558606
-0.1101047555355056
-0.0759000436553821
-0.0017318934751721
0.0320890616410387
0.0186638463304323
-0.0214838965019031
-0.0317800763092145
0.0141398579506394
0.0331343780888131
0.045778027359421
0.0944151872766662
0.076598685710687
0.0220027712963441
0.0586746959556522
0.0490208458635264
0.0475832885570276
0.0654033793069505
0.0864885702857389
0.1216334227636846
0.1732194339809417
0.2451741034890261
0.2180360604232579
0.1305744779029918
0.2070037305385742
0.0521070054975504
-0.0427229130909404
-0.021564162588728
0.0226581661910734
-0.0158467652429476
-0.1271784388809421
-0.1263072083754428
-0.3726250741064048

0.040609382392908
-0.1690319094881574
0.2304239575757213
0.3126369639524272
0.06079932225618
0.3222485068887107
0.3589295184237046
0.2110579498651418
0.192022883418402
0.280234299340584
-0.0281092358702798
-0.0116907989275805
0.1171984248388436
0.0726285583671384
0.077734921137589
0.1061530345567128
0.1384181089609823
0.1611060799844781
0.2799987945067361
0.2183531916011081
0.0632564464152061
0.1718496078516726
0.1334505142015354
0.0987191128069947
0.1157002833011068
0.1317633475064125
0.1777636616907526
0.2269859251494133
0.2355732169283586
0.2052902436788476
0.0471520431057772
-0.0073067109699697
0.053654427872978
0.0427033077191731
0.0377353017937312
0.0482988084565072
0.0550209045398457
0.1069692159192464
0.0924182515777271
0.1814378475921132

-1.826651872551441
0.925756759924194
-0.2295119692929582
-1.0184967056174563
-0.3491137088126976
-0.929251575802598
-0.9488224127067626
-0.6195772405858986
-0.0990657153199269
-1.4453793583571004
0.5483861957913911
0.4753213056520002
-0.5873374567856137
-0.3040878055785477
0.0383557815350368
-0.179072459116651
-0.2463572379447022
-0.2042388008081772
-0.3827057565219282
-0.4207934728973156
0.1944161848202099
-0.5939444911418887
-0.2190022473121222
-0.0303032854657142
-0.3315663472604847
-0.4084234482948696
-0.429162128684782
-0.7282818517473462
-0.835777483481495
-0.95059068930964
-0.0047902337141409
-0.7721076031636259
-0.3207567053460193
0.2164031195557751
-0.3209592863675877
-0.7499280521116318
-0.1848644603095229
-0.8935726781386285
-0.7339579097713248
-1.3488744158808346

-0.2451727953412635
0.2527252136053195
0.0083455740208973
-0.0910121654284739
0.0460429248426935
-0.0141960296730507
0.0045209896391223
-0.0018288003828274
-0.001345898140962
0.0048881041014326
-0.0013269183111439
-0.0033778891570126
2.778913817729962e-05
0.002729831982907
0.0004270685091079
-0.0030044410688647
0.0028151293167044
-0.0022538264806888
0.00288852194331
-0.0039156430412485
-0.0208054959540571
0.0816632197926668
0.0067586679519897
-0.1464203914395972
-0.0483211585571661
0.4013168099053682
-0.5240293829562438
0.5008512625614702
-0.6573927688969085
1.3366372467159373
-0.81865915870647
1.3810885974369929
0.0077755042284526
-0.4288565252936273
0.2275702013414733
0.5917546007264225
0.0016427370505276
0.5494713972049812
0.3891008312283092
0.8420393948307773

