0.1942580123371447
-0.0229160547484794
0.0541733817706882
0.0755644262480317
0.0385264306206547
0.0081966517951144
0.0435909797629326
0.0934595618440491
0.1115803859348143
0.1518115196297661
0.09521157276351
0.0549791458833889
0.0660632539429048
0.0377636662329776
0.0202648939524669
0.0374820447418426
0.068685668642842
0.1114764630734698
0.152970088570691
0.1917745087048262
0.2831553486837463
0.3565252647322364
0.2454884001671272
0.1546399239730554
0.1449546476135126
0.0972907237975237
0.0951307691641161
0.1472240771715463
0.2176088561796739
0.2749709582554777
0.3814683583251169
0.5354714793193743
0.4322002096195421
0.2416853080763593
0.2237916050951983
0.1040099544504505
0.0125011217549918
-0.0079755015783996
0.0192290348507724
0.1555642240999987

0.3873712084038146
0.0388249243922515
0.0776940246521655
0.2877432777310143
0.0157240252242042
-0.124072901257267
0.2105529366242439
0.1124510048288801
0.1684977937516652
0.2207087019717826
0.1488581557560795
-0.1029583326877797
0.5473480430747995
0.0779483777777256
-0.6602784828851145
0.0611827840777077
0.6011122227845106
0.1308703102804381
-0.093480952941458
0.3750930088122637
0.2503238592758477
0.4012860012247983
0.2601457447964476
0.0845499133947593
0.3722351088528616
0.0128699699492327
-0.054256062580214
0.1648232260738706
0.2271859890563761
0.0962086378648793
0.2528101660086262
0.2443321249856684
0.2754021293253464
0.0467944617093839
0.2030731021614024
0.0322980681027175
0.0749793522003192
0.1651961651665176
-0.2254531334598003
0.4922915601210682

-1.6771949277979783
-0.1636474247325101
-0.3389784545595694
-1.3318643004439503
-0.0269877680988417
0.8074566540496292
-1.029985158860866
-0.2842526730610984
-0.6037931112906013
-0.6382842285503275
-0.4907866308193288
0.4687304904508874
-1.8574257917594383
-0.2388656460356907
2.272495556182288
-0.2368119812144853
-1.7741490835340554
0.0745413717484159
0.3909957808633247
-0.8487039399490623
-0.4034844561294273
-0.7782334931879091
-0.5860470684727748
0.0728561172773977
-0.985656802165614
-0.0296831298583221
0.1485568361854229
-0.4881664897030126
-0.5939212425061412
-0.4059015748285394
-0.8761704995967028
-0.9987900971199828
-1.1143314822474666
-0.1490858526606514
-1.0232523885029037
0.1553540330855485
-0.2882166114745013
-1.2226279539690843
1.4339101876513454
-2.2767388767811707

-0.0044278401950486
0.0049968517917368
-0.0059741507842903
0.0042596788787985
0.0015091560686079
-0.0036295128927129
0.0009582851776123
0.0014528724599322
-0.0026650847280094
0.0054520054951893
-0.0156526995618174
0.0161382276193845
0.0693006791392251
-0.0336478637544413
-0.127118727903973
-0.0540287841756369
0.1989262850499494
0.2212752310249238
-0.6637863065770592
0.7309799016489917
-0.7393692966924074
1.2424058956673107
-3.4237224118974874
6.723885816505623
-4.699991528827177
-0.3363971943979186
1.7857282146536555
0.5721301390308712
-0.732387293061371
0.7326355605839701
0.3474006404253273
0.5610400430851928
0.5701333751052493
0.0888232196447392
0.5464741823648159
-0.1338721070703577
0.1483418381591536
0.6922490439964096
-0.8273128330687652
1.235849434464013

